course_num,source_course_num,dg_id,player_name,event_key,event_completed,year,finish_position,prior_starts
510,23,27774,"Gotterup, Chris",2023-23,2023-06-03,2023,66,0
510,510,27774,"Gotterup, Chris",2024-3,2024-02-10,2024,74,1
510,23,27774,"Gotterup, Chris",2024-23,2024-06-08,2024,53,2
510,510,27774,"Gotterup, Chris",2025-3,2025-02-08,2025,78,3
510,510,27774,"Gotterup, Chris",2026-3,2026-02-07,2026,1,4
510,510,13562,"Matsuyama, Hideki",2021-3,2021-02-06,2021,42,0
510,500,13562,"Matsuyama, Hideki",2021-7,2021-02-20,2021,68,1
510,14,13562,"Matsuyama, Hideki",2021-536,2021-04-10,2021,1,2
510,23,13562,"Matsuyama, Hideki",2021-23,2021-06-05,2021,62,3
510,510,13562,"Matsuyama, Hideki",2022-3,2022-02-12,2022,8,4
510,500,13562,"Matsuyama, Hideki",2022-7,2022-02-19,2022,39,5
510,14,13562,"Matsuyama, Hideki",2022-14,2022-04-09,2022,14,6
510,510,13562,"Matsuyama, Hideki",2023-3,2023-02-11,2023,29,7
510,500,13562,"Matsuyama, Hideki",2023-7,2023-02-18,2023,68,8
510,14,13562,"Matsuyama, Hideki",2023-14,2023-04-08,2023,16,9
510,23,13562,"Matsuyama, Hideki",2023-23,2023-06-03,2023,16,10
510,510,13562,"Matsuyama, Hideki",2024-3,2024-02-10,2024,22,11
510,500,13562,"Matsuyama, Hideki",2024-7,2024-02-17,2024,1,12
510,14,13562,"Matsuyama, Hideki",2024-14,2024-04-13,2024,38,13
510,23,13562,"Matsuyama, Hideki",2024-23,2024-06-08,2024,8,14
510,510,13562,"Matsuyama, Hideki",2025-3,2025-02-08,2025,25,15
510,14,13562,"Matsuyama, Hideki",2025-14,2025-04-12,2025,21,16
510,23,13562,"Matsuyama, Hideki",2025-23,2025-05-31,2025,38,17
510,510,13562,"Matsuyama, Hideki",2026-3,2026-02-07,2026,2,18
510,510,26649,"Thorbjornsen, Michael",2025-3,2025-02-08,2025,74,0
510,510,26649,"Thorbjornsen, Michael",2026-3,2026-02-07,2026,3,1
510,12,26096,"Bhatia, Akshay",2023-12,2023-04-15,2023,74,0
510,23,26096,"Bhatia, Akshay",2023-23,2023-06-03,2023,66,1
510,510,26096,"Bhatia, Akshay",2024-3,2024-02-10,2024,74,2
510,14,26096,"Bhatia, Akshay",2024-14,2024-04-13,2024,35,3
510,12,26096,"Bhatia, Akshay",2024-12,2024-04-20,2024,18,4
510,23,26096,"Bhatia, Akshay",2024-23,2024-06-08,2024,22,5
510,510,26096,"Bhatia, Akshay",2025-3,2025-02-08,2025,32,6
510,14,26096,"Bhatia, Akshay",2025-14,2025-04-12,2025,42,7
510,12,26096,"Bhatia, Akshay",2025-12,2025-04-19,2025,42,8
510,23,26096,"Bhatia, Akshay",2025-23,2025-05-31,2025,16,9
510,510,26096,"Bhatia, Akshay",2026-3,2026-02-07,2026,3,10
510,510,14609,"Kim, Si Woo",2021-3,2021-02-06,2021,50,0
510,500,14609,"Kim, Si Woo",2021-7,2021-02-20,2021,68,1
510,14,14609,"Kim, Si Woo",2021-536,2021-04-10,2021,12,2
510,12,14609,"Kim, Si Woo",2021-12,2021-04-17,2021,33,3
510,23,14609,"Kim, Si Woo",2021-23,2021-06-05,2021,9,4
510,510,14609,"Kim, Si Woo",2022-3,2022-02-12,2022,26,5
510,500,14609,"Kim, Si Woo",2022-7,2022-02-19,2022,73,6
510,14,14609,"Kim, Si Woo",2022-14,2022-04-09,2022,39,7
510,12,14609,"Kim, Si Woo",2022-12,2022-04-16,2022,42,8
510,23,14609,"Kim, Si Woo",2022-23,2022-06-04,2022,13,9
510,510,14609,"Kim, Si Woo",2023-3,2023-02-11,2023,23,10
510,500,14609,"Kim, Si Woo",2023-7,2023-02-18,2023,68,11
510,14,14609,"Kim, Si Woo",2023-14,2023-04-08,2023,29,12
510,12,14609,"Kim, Si Woo",2023-12,2023-04-15,2023,74,13
510,23,14609,"Kim, Si Woo",2023-23,2023-06-03,2023,4,14
510,896,14609,"Kim, Si Woo",2023-28,2023-08-19,2023,31,15
510,510,14609,"Kim, Si Woo",2024-3,2024-02-10,2024,12,16
510,500,14609,"Kim, Si Woo",2024-7,2024-02-17,2024,44,17
510,14,14609,"Kim, Si Woo",2024-14,2024-04-13,2024,30,18
510,12,14609,"Kim, Si Woo",2024-12,2024-04-20,2024,18,19
510,23,14609,"Kim, Si Woo",2024-23,2024-06-08,2024,15,20
510,510,14609,"Kim, Si Woo",2025-3,2025-02-08,2025,21,21
510,12,14609,"Kim, Si Woo",2025-12,2025-04-19,2025,8,22
510,23,14609,"Kim, Si Woo",2025-23,2025-05-31,2025,31,23
510,510,14609,"Kim, Si Woo",2026-3,2026-02-07,2026,3,24
510,510,18417,"Scheffler, Scottie",2021-3,2021-02-06,2021,7,0
510,500,18417,"Scheffler, Scottie",2021-7,2021-02-20,2021,20,1
510,14,18417,"Scheffler, Scottie",2021-536,2021-04-10,2021,18,2
510,23,18417,"Scheffler, Scottie",2021-23,2021-06-05,2021,3,3
510,510,18417,"Scheffler, Scottie",2022-3,2022-02-12,2022,1,4
510,500,18417,"Scheffler, Scottie",2022-7,2022-02-19,2022,7,5
510,14,18417,"Scheffler, Scottie",2022-14,2022-04-09,2022,1,6
510,510,18417,"Scheffler, Scottie",2023-3,2023-02-11,2023,1,7
510,500,18417,"Scheffler, Scottie",2023-7,2023-02-18,2023,12,8
510,14,18417,"Scheffler, Scottie",2023-14,2023-04-08,2023,10,9
510,12,18417,"Scheffler, Scottie",2023-12,2023-04-15,2023,11,10
510,23,18417,"Scheffler, Scottie",2023-23,2023-06-03,2023,3,11
510,896,18417,"Scheffler, Scottie",2023-28,2023-08-19,2023,2,12
510,510,18417,"Scheffler, Scottie",2024-3,2024-02-10,2024,3,13
510,500,18417,"Scheffler, Scottie",2024-7,2024-02-17,2024,10,14
510,14,18417,"Scheffler, Scottie",2024-14,2024-04-13,2024,1,15
510,12,18417,"Scheffler, Scottie",2024-12,2024-04-20,2024,1,16
510,23,18417,"Scheffler, Scottie",2024-23,2024-06-08,2024,1,17
510,510,18417,"Scheffler, Scottie",2025-3,2025-02-08,2025,25,18
510,14,18417,"Scheffler, Scottie",2025-14,2025-04-12,2025,4,19
510,12,18417,"Scheffler, Scottie",2025-12,2025-04-19,2025,8,20
510,23,18417,"Scheffler, Scottie",2025-23,2025-05-31,2025,1,21
510,510,18417,"Scheffler, Scottie",2026-3,2026-02-07,2026,3,22
510,23,23602,"Hojgaard, Nicolai",2023-23,2023-06-03,2023,66,0
510,500,23602,"Hojgaard, Nicolai",2024-7,2024-02-17,2024,39,1
510,14,23602,"Hojgaard, Nicolai",2024-14,2024-04-13,2024,16,2
510,510,23602,"Hojgaard, Nicolai",2025-3,2025-02-08,2025,36,3
510,14,23602,"Hojgaard, Nicolai",2025-14,2025-04-12,2025,53,4
510,510,23602,"Hojgaard, Nicolai",2026-3,2026-02-07,2026,3,5
510,510,19396,"Knapp, Jake",2024-3,2024-02-10,2024,28,0
510,14,19396,"Knapp, Jake",2024-14,2024-04-13,2024,55,1
510,12,19396,"Knapp, Jake",2024-12,2024-04-20,2024,62,2
510,23,19396,"Knapp, Jake",2024-23,2024-06-08,2024,53,3
510,510,19396,"Knapp, Jake",2025-3,2025-02-08,2025,44,4
510,510,19396,"Knapp, Jake",2026-3,2026-02-07,2026,8,5
510,500,17646,"Fitzpatrick, Matthew",2021-7,2021-02-20,2021,5,0
510,14,17646,"Fitzpatrick, Matthew",2021-536,2021-04-10,2021,34,1
510,12,17646,"Fitzpatrick, Matt",2021-12,2021-04-17,2021,4,2
510,23,17646,"Fitzpatrick, Matt",2021-23,2021-06-05,2021,69,3
510,510,17646,"Fitzpatrick, Matt",2022-3,2022-02-12,2022,10,4
510,14,17646,"Fitzpatrick, Matthew",2022-14,2022-04-09,2022,14,5
510,12,17646,"Fitzpatrick, Matt",2022-12,2022-04-16,2022,71,6
510,23,17646,"Fitzpatrick, Matt",2022-23,2022-06-04,2022,71,7
510,510,17646,"Fitzpatrick, Matt",2023-3,2023-02-11,2023,29,8
510,500,17646,"Fitzpatrick, Matt",2023-7,2023-02-18,2023,68,9
510,14,17646,"Fitzpatrick, Matthew",2023-14,2023-04-08,2023,10,10
510,12,17646,"Fitzpatrick, Matt",2023-12,2023-04-15,2023,1,11
510,23,17646,"Fitzpatrick, Matt",2023-23,2023-06-03,2023,9,12
510,896,17646,"Fitzpatrick, Matt",2023-28,2023-08-19,2023,2,13
510,510,17646,"Fitzpatrick, Matt",2024-3,2024-02-10,2024,15,14
510,500,17646,"Fitzpatrick, Matt",2024-7,2024-02-17,2024,52,15
510,14,17646,"Fitzpatrick, Matt",2024-14,2024-04-13,2024,22,16
510,12,17646,"Fitzpatrick, Matt",2024-12,2024-04-20,2024,28,17
510,23,17646,"Fitzpatrick, Matt",2024-23,2024-06-08,2024,5,18
510,510,17646,"Fitzpatrick, Matt",2025-3,2025-02-08,2025,78,19
510,14,17646,"Fitzpatrick, Matt",2025-14,2025-04-12,2025,40,20
510,12,17646,"Fitzpatrick, Matt",2025-12,2025-04-19,2025,38,21
510,23,17646,"Fitzpatrick, Matt",2025-23,2025-05-31,2025,31,22
510,510,17646,"Fitzpatrick, Matt",2026-3,2026-02-07,2026,9,23
510,510,28309,"Coody, Pierceson",2026-3,2026-02-07,2026,10,0
510,500,18841,"Hovland, Viktor",2021-7,2021-02-20,2021,5,0
510,14,18841,"Hovland, Viktor",2021-536,2021-04-10,2021,21,1
510,23,18841,"Hovland, Viktor",2021-23,2021-06-05,2021,47,2
510,510,18841,"Hovland, Viktor",2022-3,2022-02-12,2022,68,3
510,500,18841,"Hovland, Viktor",2022-7,2022-02-19,2022,4,4
510,14,18841,"Hovland, Viktor",2022-14,2022-04-09,2022,27,5
510,23,18841,"Hovland, Viktor",2022-23,2022-06-04,2022,51,6
510,510,18841,"Hovland, Viktor",2023-3,2023-02-11,2023,42,7
510,500,18841,"Hovland, Viktor",2023-7,2023-02-18,2023,20,8
510,14,18841,"Hovland, Viktor",2023-14,2023-04-08,2023,7,9
510,12,18841,"Hovland, Viktor",2023-12,2023-04-15,2023,59,10
510,23,18841,"Hovland, Viktor",2023-23,2023-06-03,2023,1,11
510,896,18841,"Hovland, Viktor",2023-28,2023-08-19,2023,1,12
510,500,18841,"Hovland, Viktor",2024-7,2024-02-17,2024,19,13
510,14,18841,"Hovland, Viktor",2024-14,2024-04-13,2024,61,14
510,23,18841,"Hovland, Viktor",2024-23,2024-06-08,2024,15,15
510,14,18841,"Hovland, Viktor",2025-14,2025-04-12,2025,21,16
510,12,18841,"Hovland, Viktor",2025-12,2025-04-19,2025,13,17
510,23,18841,"Hovland, Viktor",2025-23,2025-05-31,2025,25,18
510,510,18841,"Hovland, Viktor",2026-3,2026-02-07,2026,10,19
510,510,22760,"Hisatsune, Ryo",2024-3,2024-02-10,2024,74,0
510,14,22760,"Hisatsune, Ryo",2024-14,2024-04-13,2024,61,1
510,510,22760,"Hisatsune, Ryo",2025-3,2025-02-08,2025,78,2
510,12,22760,"Hisatsune, Ryo",2025-12,2025-04-19,2025,18,3
510,510,22760,"Hisatsune, Ryo",2026-3,2026-02-07,2026,10,4
510,510,16757,"Dou, Zecheng",2026-3,2026-02-07,2026,13,0
510,500,18634,"McNealy, Maverick",2021-7,2021-02-20,2021,68,0
510,12,18634,"McNealy, Maverick",2021-12,2021-04-17,2021,4,1
510,500,18634,"McNealy, Maverick",2022-7,2022-02-19,2022,7,2
510,12,18634,"McNealy, Maverick",2022-12,2022-04-16,2022,26,3
510,12,18634,"McNealy, Maverick",2023-12,2023-04-15,2023,74,4
510,510,18634,"McNealy, Maverick",2024-3,2024-02-10,2024,6,5
510,510,18634,"McNealy, Maverick",2025-3,2025-02-08,2025,9,6
510,14,18634,"McNealy, Maverick",2025-14,2025-04-12,2025,32,7
510,12,18634,"McNealy, Maverick",2025-12,2025-04-19,2025,3,8
510,23,18634,"McNealy, Maverick",2025-23,2025-05-31,2025,5,9
510,510,18634,"McNealy, Maverick",2026-3,2026-02-07,2026,13,10
510,510,18424,"Roy, Kevin",2026-3,2026-02-07,2026,13,0
510,510,18586,"Smith, Jordan",2026-3,2026-02-07,2026,16,0
510,510,17606,"Berger, Daniel",2021-3,2021-02-06,2021,67,0
510,14,17606,"Berger, Daniel",2021-536,2021-04-10,2021,55,1
510,12,17606,"Berger, Daniel",2021-12,2021-04-17,2021,13,2
510,510,17606,"Berger, Daniel",2022-3,2022-02-12,2022,68,3
510,14,17606,"Berger, Daniel",2022-14,2022-04-09,2022,50,4
510,12,17606,"Berger, Daniel",2022-12,2022-04-16,2022,21,5
510,23,17606,"Berger, Daniel",2022-23,2022-06-04,2022,5,6
510,510,17606,"Berger, Daniel",2024-3,2024-02-10,2024,28,7
510,510,17606,"Berger, Daniel",2025-3,2025-02-08,2025,2,8
510,14,17606,"Berger, Daniel",2025-14,2025-04-12,2025,21,9
510,12,17606,"Berger, Daniel",2025-12,2025-04-19,2025,3,10
510,23,17606,"Berger, Daniel",2025-23,2025-05-31,2025,58,11
510,510,17606,"Berger, Daniel",2026-3,2026-02-07,2026,16,12
510,510,12965,"Fowler, Rickie",2021-3,2021-02-06,2021,67,0
510,500,12965,"Fowler, Rickie",2021-7,2021-02-20,2021,20,1
510,23,12965,"Fowler, Rickie",2021-23,2021-06-05,2021,11,2
510,510,12965,"Fowler, Rickie",2022-3,2022-02-12,2022,68,3
510,500,12965,"Fowler, Rickie",2022-7,2022-02-19,2022,55,4
510,12,12965,"Fowler, Rickie",2022-12,2022-04-16,2022,71,5
510,23,12965,"Fowler, Rickie",2022-23,2022-06-04,2022,64,6
510,510,12965,"Fowler, Rickie",2023-3,2023-02-11,2023,10,7
510,500,12965,"Fowler, Rickie",2023-7,2023-02-18,2023,20,8
510,12,12965,"Fowler, Rickie",2023-12,2023-04-15,2023,15,9
510,23,12965,"Fowler, Rickie",2023-23,2023-06-03,2023,9,10
510,896,12965,"Fowler, Rickie",2023-28,2023-08-19,2023,25,11
510,510,12965,"Fowler, Rickie",2024-3,2024-02-10,2024,74,12
510,500,12965,"Fowler, Rickie",2024-7,2024-02-17,2024,35,13
510,14,12965,"Fowler, Rickie",2024-14,2024-04-13,2024,30,14
510,12,12965,"Fowler, Rickie",2024-12,2024-04-20,2024,18,15
510,23,12965,"Fowler, Rickie",2024-23,2024-06-08,2024,53,16
510,12,12965,"Fowler, Rickie",2025-12,2025-04-19,2025,68,17
510,23,12965,"Fowler, Rickie",2025-23,2025-05-31,2025,7,18
510,510,12965,"Fowler, Rickie",2026-3,2026-02-07,2026,18,19
510,510,17543,"Kim, Michael",2021-3,2021-02-06,2021,58,0
510,510,17543,"Kim, Michael",2024-3,2024-02-10,2024,74,1
510,510,17543,"Kim, Michael",2025-3,2025-02-08,2025,2,2
510,14,17543,"Kim, Michael",2025-14,2025-04-12,2025,27,3
510,12,17543,"Kim, Michael",2025-12,2025-04-19,2025,54,4
510,23,17543,"Kim, Michael",2025-23,2025-05-31,2025,44,5
510,510,17543,"Kim, Michael",2026-3,2026-02-07,2026,18,6
510,510,17511,"Straka, Sepp",2021-3,2021-02-06,2021,67,0
510,500,17511,"Straka, Sepp",2021-7,2021-02-20,2021,43,1
510,12,17511,"Straka, Sepp",2021-12,2021-04-17,2021,59,2
510,23,17511,"Straka, Sepp",2021-23,2021-06-05,2021,69,3
510,510,17511,"Straka, Sepp",2022-3,2022-02-12,2022,66,4
510,500,17511,"Straka, Sepp",2022-7,2022-02-19,2022,15,5
510,14,17511,"Straka, Sepp",2022-14,2022-04-09,2022,30,6
510,12,17511,"Straka, Sepp",2022-12,2022-04-16,2022,3,7
510,23,17511,"Straka, Sepp",2022-23,2022-06-04,2022,45,8
510,500,17511,"Straka, Sepp",2023-7,2023-02-18,2023,45,9
510,14,17511,"Straka, Sepp",2023-14,2023-04-08,2023,46,10
510,12,17511,"Straka, Sepp",2023-12,2023-04-15,2023,74,11
510,23,17511,"Straka, Sepp",2023-23,2023-06-03,2023,16,12
510,896,17511,"Straka, Sepp",2023-28,2023-08-19,2023,37,13
510,500,17511,"Straka, Sepp",2024-7,2024-02-17,2024,52,14
510,14,17511,"Straka, Sepp",2024-14,2024-04-13,2024,16,15
510,12,17511,"Straka, Sepp",2024-12,2024-04-20,2024,5,16
510,23,17511,"Straka, Sepp",2024-23,2024-06-08,2024,5,17
510,510,17511,"Straka, Sepp",2025-3,2025-02-08,2025,15,18
510,14,17511,"Straka, Sepp",2025-14,2025-04-12,2025,53,19
510,12,17511,"Straka, Sepp",2025-12,2025-04-19,2025,13,20
510,23,17511,"Straka, Sepp",2025-23,2025-05-31,2025,3,21
510,510,17511,"Straka, Sepp",2026-3,2026-02-07,2026,18,22
510,23,23014,"Theegala, Sahith",2021-23,2021-06-05,2021,32,0
510,510,23014,"Theegala, Sahith",2022-3,2022-02-12,2022,3,1
510,500,23014,"Theegala, Sahith",2022-7,2022-02-19,2022,48,2
510,12,23014,"Theegala, Sahith",2022-12,2022-04-16,2022,70,3
510,23,23014,"Theegala, Sahith",2022-23,2022-06-04,2022,5,4
510,510,23014,"Theegala, Sahith",2023-3,2023-02-11,2023,39,5
510,500,23014,"Theegala, Sahith",2023-7,2023-02-18,2023,6,6
510,14,23014,"Theegala, Sahith",2023-14,2023-04-08,2023,9,7
510,12,23014,"Theegala, Sahith",2023-12,2023-04-15,2023,5,8
510,23,23014,"Theegala, Sahith",2023-23,2023-06-03,2023,58,9
510,896,23014,"Theegala, Sahith",2023-28,2023-08-19,2023,15,10
510,510,23014,"Theegala, Sahith",2024-3,2024-02-10,2024,5,11
510,500,23014,"Theegala, Sahith",2024-7,2024-02-17,2024,37,12
510,14,23014,"Theegala, Sahith",2024-14,2024-04-13,2024,45,13
510,12,23014,"Theegala, Sahith",2024-12,2024-04-20,2024,2,14
510,23,23014,"Theegala, Sahith",2024-23,2024-06-08,2024,12,15
510,510,23014,"Theegala, Sahith",2025-3,2025-02-08,2025,57,16
510,14,23014,"Theegala, Sahith",2025-14,2025-04-12,2025,29,17
510,12,23014,"Theegala, Sahith",2025-12,2025-04-19,2025,69,18
510,23,23014,"Theegala, Sahith",2025-23,2025-05-31,2025,58,19
510,510,23014,"Theegala, Sahith",2026-3,2026-02-07,2026,18,20
510,510,28159,"Meissner, Mac",2025-3,2025-02-08,2025,78,0
510,510,28159,"Meissner, Mac",2026-3,2026-02-07,2026,18,1
510,510,29433,"Bridgeman, Jacob",2025-3,2025-02-08,2025,78,0
510,12,29433,"Bridgeman, Jacob",2025-12,2025-04-19,2025,61,1
510,23,29433,"Bridgeman, Jacob",2025-23,2025-05-31,2025,31,2
510,510,29433,"Bridgeman, Jacob",2026-3,2026-02-07,2026,18,3
510,510,23504,"Hoey, Rico",2025-3,2025-02-08,2025,78,0
510,510,23504,"Hoey, Rico",2026-3,2026-02-07,2026,24,1
510,510,23838,"Hojgaard, Rasmus",2025-3,2025-02-08,2025,12,0
510,14,23838,"Hojgaard, Rasmus",2025-14,2025-04-12,2025,32,1
510,510,23838,"Hojgaard, Rasmus",2026-3,2026-02-07,2026,24,2
510,23,21891,"Kitayama, Kurt",2022-23,2022-06-04,2022,71,0
510,510,21891,"Kitayama, Kurt",2023-3,2023-02-11,2023,23,1
510,500,21891,"Kitayama, Kurt",2023-7,2023-02-18,2023,68,2
510,14,21891,"Kitayama, Kurt",2023-14,2023-04-08,2023,54,3
510,12,21891,"Kitayama, Kurt",2023-12,2023-04-15,2023,74,4
510,23,21891,"Kitayama, Kurt",2023-23,2023-06-03,2023,66,5
510,896,21891,"Kitayama, Kurt",2023-28,2023-08-19,2023,41,6
510,510,21891,"Kitayama, Kurt",2024-3,2024-02-10,2024,8,7
510,500,21891,"Kitayama, Kurt",2024-7,2024-02-17,2024,39,8
510,14,21891,"Kitayama, Kurt",2024-14,2024-04-13,2024,35,9
510,12,21891,"Kitayama, Kurt",2024-12,2024-04-20,2024,33,10
510,23,21891,"Kitayama, Kurt",2024-23,2024-06-08,2024,53,11
510,510,21891,"Kitayama, Kurt",2025-3,2025-02-08,2025,49,12
510,510,21891,"Kitayama, Kurt",2026-3,2026-02-07,2026,24,13
510,14,11889,"Fox, Ryan",2023-14,2023-04-08,2023,26,0
510,23,11889,"Fox, Ryan",2023-23,2023-06-03,2023,30,1
510,510,11889,"Fox, Ryan",2024-3,2024-02-10,2024,41,2
510,14,11889,"Fox, Ryan",2024-14,2024-04-13,2024,38,3
510,510,11889,"Fox, Ryan",2025-3,2025-02-08,2025,63,4
510,23,11889,"Fox, Ryan",2025-23,2025-05-31,2025,20,5
510,510,11889,"Fox, Ryan",2026-3,2026-02-07,2026,24,6
510,510,16394,"Jaeger, Stephan",2022-3,2022-02-12,2022,62,0
510,12,16394,"Jaeger, Stephan",2022-12,2022-04-16,2022,71,1
510,510,16394,"Jaeger, Stephan",2023-3,2023-02-11,2023,67,2
510,500,16394,"Jaeger, Stephan",2023-7,2023-02-18,2023,40,3
510,12,16394,"Jaeger, Stephan",2023-12,2023-04-15,2023,74,4
510,23,16394,"Jaeger, Stephan",2023-23,2023-06-03,2023,24,5
510,14,16394,"Jaeger, Stephan",2024-14,2024-04-13,2024,61,6
510,12,16394,"Jaeger, Stephan",2024-12,2024-04-20,2024,18,7
510,23,16394,"Jaeger, Stephan",2024-23,2024-06-08,2024,53,8
510,14,16394,"Jaeger, Stephan",2025-14,2025-04-12,2025,52,9
510,12,16394,"Jaeger, Stephan",2025-12,2025-04-19,2025,32,10
510,23,16394,"Jaeger, Stephan",2025-23,2025-05-31,2025,39,11
510,510,16394,"Jaeger, Stephan",2026-3,2026-02-07,2026,28,12
510,510,21883,"Ewart, A.J.",2026-3,2026-02-07,2026,28,0
510,510,13126,"Taylor, Nick",2021-3,2021-02-06,2021,67,0
510,500,13126,"Taylor, Nick",2021-7,2021-02-20,2021,20,1
510,12,13126,"Taylor, Nick",2021-12,2021-04-17,2021,66,2
510,23,13126,"Taylor, Nick",2021-23,2021-06-05,2021,42,3
510,510,13126,"Taylor, Nick",2022-3,2022-02-12,2022,68,4
510,12,13126,"Taylor, Nick",2022-12,2022-04-16,2022,71,5
510,510,13126,"Taylor, Nick",2023-3,2023-02-11,2023,2,6
510,500,13126,"Taylor, Nick",2023-7,2023-02-18,2023,33,7
510,12,13126,"Taylor, Nick",2023-12,2023-04-15,2023,41,8
510,896,13126,"Taylor, Nick",2023-28,2023-08-19,2023,47,9
510,510,13126,"Taylor, Nick",2024-3,2024-02-10,2024,1,10
510,500,13126,"Taylor, Nick",2024-7,2024-02-17,2024,39,11
510,14,13126,"Taylor, Nick",2024-14,2024-04-13,2024,61,12
510,12,13126,"Taylor, Nick",2024-12,2024-04-20,2024,49,13
510,23,13126,"Taylor, Nick",2024-23,2024-06-08,2024,27,14
510,510,13126,"Taylor, Nick",2025-3,2025-02-08,2025,25,15
510,14,13126,"Taylor, Nick",2025-14,2025-04-12,2025,40,16
510,12,13126,"Taylor, Nick",2025-12,2025-04-19,2025,49,17
510,23,13126,"Taylor, Nick",2025-23,2025-05-31,2025,4,18
510,510,13126,"Taylor, Nick",2026-3,2026-02-07,2026,28,19
510,12,24968,"Griffin, Ben",2023-12,2023-04-15,2023,31,0
510,23,24968,"Griffin, Ben",2023-23,2023-06-03,2023,66,1
510,510,24968,"Griffin, Ben",2024-3,2024-02-10,2024,28,2
510,500,24968,"Griffin, Ben",2024-7,2024-02-17,2024,37,3
510,23,24968,"Griffin, Ben",2024-23,2024-06-08,2024,53,4
510,510,24968,"Griffin, Ben",2025-3,2025-02-08,2025,36,5
510,23,24968,"Griffin, Ben",2025-23,2025-05-31,2025,2,6
510,510,24968,"Griffin, Ben",2026-3,2026-02-07,2026,28,7
510,500,15556,"Hughes, Mackenzie",2021-7,2021-02-20,2021,32,0
510,14,15556,"Hughes, Mackenzie",2021-536,2021-04-10,2021,40,1
510,12,15556,"Hughes, Mackenzie",2021-12,2021-04-17,2021,52,2
510,23,15556,"Hughes, Mackenzie",2021-23,2021-06-05,2021,69,3
510,500,15556,"Hughes, Mackenzie",2022-7,2022-02-19,2022,76,4
510,14,15556,"Hughes, Mackenzie",2022-14,2022-04-09,2022,50,5
510,12,15556,"Hughes, Mackenzie",2022-12,2022-04-16,2022,71,6
510,23,15556,"Hughes, Mackenzie",2022-23,2022-06-04,2022,37,7
510,510,15556,"Hughes, Mackenzie",2023-3,2023-02-11,2023,67,8
510,500,15556,"Hughes, Mackenzie",2023-7,2023-02-18,2023,50,9
510,14,15556,"Hughes, Mackenzie",2023-14,2023-04-08,2023,29,10
510,12,15556,"Hughes, Mackenzie",2023-12,2023-04-15,2023,74,11
510,23,15556,"Hughes, Mackenzie",2023-23,2023-06-03,2023,66,12
510,500,15556,"Hughes, Mackenzie",2024-7,2024-02-17,2024,31,13
510,12,15556,"Hughes, Mackenzie",2024-12,2024-04-20,2024,39,14
510,23,15556,"Hughes, Mackenzie",2024-23,2024-06-08,2024,53,15
510,510,15556,"Hughes, Mackenzie",2025-3,2025-02-08,2025,36,16
510,12,15556,"Hughes, Mackenzie",2025-12,2025-04-19,2025,3,17
510,23,15556,"Hughes, Mackenzie",2025-23,2025-05-31,2025,39,18
510,510,15556,"Hughes, Mackenzie",2026-3,2026-02-07,2026,28,19
510,510,14577,"English, Harris",2021-3,2021-02-06,2021,67,0
510,14,14577,"English, Harris",2021-536,2021-04-10,2021,21,1
510,12,14577,"English, Harris",2021-12,2021-04-17,2021,66,2
510,23,14577,"English, Harris",2022-23,2022-06-04,2022,71,3
510,510,14577,"English, Harris",2023-3,2023-02-11,2023,67,4
510,500,14577,"English, Harris",2023-7,2023-02-18,2023,12,5
510,14,14577,"English, Harris",2023-14,2023-04-08,2023,43,6
510,12,14577,"English, Harris",2023-12,2023-04-15,2023,63,7
510,23,14577,"English, Harris",2023-23,2023-06-03,2023,52,8
510,896,14577,"English, Harris",2023-28,2023-08-19,2023,10,9
510,510,14577,"English, Harris",2024-3,2024-02-10,2024,17,10
510,500,14577,"English, Harris",2024-7,2024-02-17,2024,7,11
510,14,14577,"English, Harris",2024-14,2024-04-13,2024,22,12
510,12,14577,"English, Harris",2024-12,2024-04-20,2024,28,13
510,23,14577,"English, Harris",2024-23,2024-06-08,2024,53,14
510,14,14577,"English, Harris",2025-14,2025-04-12,2025,12,15
510,12,14577,"English, Harris",2025-12,2025-04-19,2025,66,16
510,23,14577,"English, Harris",2025-23,2025-05-31,2025,12,17
510,510,14577,"English, Harris",2026-3,2026-02-07,2026,28,18
510,500,16841,"Lee, Min Woo",2022-7,2022-02-19,2022,76,0
510,14,16841,"Lee, Min Woo",2022-14,2022-04-09,2022,14,1
510,23,16841,"Lee, Min Woo",2022-23,2022-06-04,2022,71,2
510,14,16841,"Lee, Min Woo",2023-14,2023-04-08,2023,54,3
510,12,16841,"Lee, Min Woo",2023-12,2023-04-15,2023,74,4
510,510,16841,"Lee, Min Woo",2024-3,2024-02-10,2024,71,5
510,14,16841,"Lee, Min Woo",2024-14,2024-04-13,2024,22,6
510,510,16841,"Lee, Min Woo",2025-3,2025-02-08,2025,12,7
510,14,16841,"Lee, Min Woo",2025-14,2025-04-12,2025,49,8
510,12,16841,"Lee, Min Woo",2025-12,2025-04-19,2025,61,9
510,23,16841,"Lee, Min Woo",2025-23,2025-05-31,2025,49,10
510,510,16841,"Lee, Min Woo",2026-3,2026-02-07,2026,28,11
510,510,13764,"Parry, John",2026-3,2026-02-07,2026,35,0
510,12,25569,"Stevens, Sam",2023-12,2023-04-15,2023,74,0
510,23,25569,"Stevens, Sam",2023-23,2023-06-03,2023,41,1
510,510,25569,"Stevens, Sam",2024-3,2024-02-10,2024,28,2
510,510,25569,"Stevens, Sam",2025-3,2025-02-08,2025,44,3
510,12,25569,"Stevens, Sam",2025-12,2025-04-19,2025,54,4
510,23,25569,"Stevens, Sam",2025-23,2025-05-31,2025,31,5
510,510,25569,"Stevens, Sam",2026-3,2026-02-07,2026,35,6
510,510,23604,"Clark, Wyndham",2021-3,2021-02-06,2021,36,0
510,500,23604,"Clark, Wyndham",2021-7,2021-02-20,2021,8,1
510,12,23604,"Clark, Wyndham",2021-12,2021-04-17,2021,64,2
510,23,23604,"Clark, Wyndham",2021-23,2021-06-05,2021,69,3
510,510,23604,"Clark, Wyndham",2022-3,2022-02-12,2022,68,4
510,12,23604,"Clark, Wyndham",2022-12,2022-04-16,2022,35,5
510,23,23604,"Clark, Wyndham",2022-23,2022-06-04,2022,37,6
510,510,23604,"Clark, Wyndham",2023-3,2023-02-11,2023,10,7
510,500,23604,"Clark, Wyndham",2023-7,2023-02-18,2023,33,8
510,12,23604,"Clark, Wyndham",2023-12,2023-04-15,2023,29,9
510,23,23604,"Clark, Wyndham",2023-23,2023-06-03,2023,12,10
510,896,23604,"Clark, Wyndham",2023-28,2023-08-19,2023,15,11
510,510,23604,"Clark, Wyndham",2024-3,2024-02-10,2024,41,12
510,500,23604,"Clark, Wyndham",2024-7,2024-02-17,2024,52,13
510,14,23604,"Clark, Wyndham",2024-14,2024-04-13,2024,61,14
510,12,23604,"Clark, Wyndham",2024-12,2024-04-20,2024,3,15
510,23,23604,"Clark, Wyndham",2024-23,2024-06-08,2024,53,16
510,510,23604,"Clark, Wyndham",2025-3,2025-02-08,2025,16,17
510,14,23604,"Clark, Wyndham",2025-14,2025-04-12,2025,46,18
510,12,23604,"Clark, Wyndham",2025-12,2025-04-19,2025,27,19
510,23,23604,"Clark, Wyndham",2025-23,2025-05-31,2025,56,20
510,510,23604,"Clark, Wyndham",2026-3,2026-02-07,2026,35,21
510,510,24766,"Kim, Tom",2023-3,2023-02-11,2023,50,0
510,500,24766,"Kim, Tom",2023-7,2023-02-18,2023,45,1
510,14,24766,"Kim, Tom",2023-14,2023-04-08,2023,16,2
510,12,24766,"Kim, Tom",2023-12,2023-04-15,2023,74,3
510,23,24766,"Kim, Tom",2023-23,2023-06-03,2023,66,4
510,896,24766,"Kim, Tom",2023-28,2023-08-19,2023,10,5
510,510,24766,"Kim, Tom",2024-3,2024-02-10,2024,17,6
510,500,24766,"Kim, Tom",2024-7,2024-02-17,2024,24,7
510,14,24766,"Kim, Tom",2024-14,2024-04-13,2024,30,8
510,12,24766,"Kim, Tom",2024-12,2024-04-20,2024,18,9
510,23,24766,"Kim, Tom",2024-23,2024-06-08,2024,43,10
510,510,24766,"Kim, Tom",2025-3,2025-02-08,2025,44,11
510,14,24766,"Kim, Tom",2025-14,2025-04-12,2025,52,12
510,510,24766,"Kim, Tom",2026-3,2026-02-07,2026,35,13
510,510,21554,"Poston, J.T.",2021-3,2021-02-06,2021,11,0
510,500,21554,"Poston, J.T.",2021-7,2021-02-20,2021,43,1
510,12,21554,"Poston, J.T.",2021-12,2021-04-17,2021,66,2
510,23,21554,"Poston, J.T.",2021-23,2021-06-05,2021,65,3
510,510,21554,"Poston, J.T.",2022-3,2022-02-12,2022,23,4
510,500,21554,"Poston, J.T.",2022-7,2022-02-19,2022,76,5
510,12,21554,"Poston, J.T.",2022-12,2022-04-16,2022,3,6
510,23,21554,"Poston, J.T.",2022-23,2022-06-04,2022,37,7
510,510,21554,"Poston, J.T.",2023-3,2023-02-11,2023,67,8
510,500,21554,"Poston, J.T.",2023-7,2023-02-18,2023,68,9
510,14,21554,"Poston, J.T.",2023-14,2023-04-08,2023,34,10
510,12,21554,"Poston, J.T.",2023-12,2023-04-15,2023,74,11
510,23,21554,"Poston, J.T.",2023-23,2023-06-03,2023,38,12
510,896,21554,"Poston, J.T.",2023-28,2023-08-19,2023,22,13
510,510,21554,"Poston, J.T.",2024-3,2024-02-10,2024,74,14
510,500,21554,"Poston, J.T.",2024-7,2024-02-17,2024,10,15
510,14,21554,"Poston, J.T.",2024-14,2024-04-13,2024,30,16
510,12,21554,"Poston, J.T.",2024-12,2024-04-20,2024,5,17
510,23,21554,"Poston, J.T.",2024-23,2024-06-08,2024,22,18
510,510,21554,"Poston, J.T.",2025-3,2025-02-08,2025,16,19
510,14,21554,"Poston, J.T.",2025-14,2025-04-12,2025,42,20
510,12,21554,"Poston, J.T.",2025-12,2025-04-19,2025,11,21
510,23,21554,"Poston, J.T.",2025-23,2025-05-31,2025,58,22
510,510,21554,"Poston, J.T.",2026-3,2026-02-07,2026,35,23
510,500,18474,"Smalley, Alex",2022-7,2022-02-19,2022,72,0
510,12,18474,"Smalley, Alex",2022-12,2022-04-16,2022,71,1
510,23,18474,"Smalley, Alex",2022-23,2022-06-04,2022,71,2
510,500,18474,"Smalley, Alex",2023-7,2023-02-18,2023,68,3
510,12,18474,"Smalley, Alex",2023-12,2023-04-15,2023,74,4
510,23,18474,"Smalley, Alex",2023-23,2023-06-03,2023,66,5
510,500,18474,"Smalley, Alex",2024-7,2024-02-17,2024,52,6
510,510,18474,"Smalley, Alex",2025-3,2025-02-08,2025,21,7
510,510,18474,"Smalley, Alex",2026-3,2026-02-07,2026,35,8
510,510,17365,"Mitchell, Keith",2021-3,2021-02-06,2021,67,0
510,510,17365,"Mitchell, Keith",2022-3,2022-02-12,2022,10,1
510,23,17365,"Mitchell, Keith",2022-23,2022-06-04,2022,18,2
510,510,17365,"Mitchell, Keith",2023-3,2023-02-11,2023,42,3
510,500,17365,"Mitchell, Keith",2023-7,2023-02-18,2023,5,4
510,14,17365,"Mitchell, Keith",2023-14,2023-04-08,2023,53,5
510,12,17365,"Mitchell, Keith",2023-12,2023-04-15,2023,74,6
510,23,17365,"Mitchell, Keith",2023-23,2023-06-03,2023,48,7
510,510,17365,"Mitchell, Keith",2024-3,2024-02-10,2024,17,8
510,510,17365,"Mitchell, Keith",2025-3,2025-02-08,2025,25,9
510,510,17365,"Mitchell, Keith",2026-3,2026-02-07,2026,41,10
510,510,23816,"Valimaki, Sami",2024-3,2024-02-10,2024,41,0
510,510,23816,"Valimaki, Sami",2025-3,2025-02-08,2025,78,1
510,12,23816,"Valimaki, Sami",2025-12,2025-04-19,2025,18,2
510,510,23816,"Valimaki, Sami",2026-3,2026-02-07,2026,41,3
510,510,32457,"Keefer, Johnny",2026-3,2026-02-07,2026,41,0
510,510,21407,"Reitan, Kristoffer",2026-3,2026-02-07,2026,41,0
510,510,23841,"Neergaard-Petersen, Rasmus",2026-3,2026-02-07,2026,41,0
510,510,26651,"Young, Cameron",2022-3,2022-02-12,2022,26,0
510,500,26651,"Young, Cameron",2022-7,2022-02-19,2022,2,1
510,14,26651,"Young, Cameron",2022-14,2022-04-09,2022,53,2
510,12,26651,"Young, Cameron",2022-12,2022-04-16,2022,3,3
510,23,26651,"Young, Cameron",2022-23,2022-06-04,2022,60,4
510,510,26651,"Young, Cameron",2023-3,2023-02-11,2023,64,5
510,500,26651,"Young, Cameron",2023-7,2023-02-18,2023,20,6
510,14,26651,"Young, Cameron",2023-14,2023-04-08,2023,7,7
510,12,26651,"Young, Cameron",2023-12,2023-04-15,2023,51,8
510,23,26651,"Young, Cameron",2023-23,2023-06-03,2023,66,9
510,896,26651,"Young, Cameron",2023-28,2023-08-19,2023,15,10
510,510,26651,"Young, Cameron",2024-3,2024-02-10,2024,8,11
510,500,26651,"Young, Cameron",2024-7,2024-02-17,2024,16,12
510,14,26651,"Young, Cameron",2024-14,2024-04-13,2024,9,13
510,12,26651,"Young, Cameron",2024-12,2024-04-20,2024,62,14
510,23,26651,"Young, Cameron",2024-23,2024-06-08,2024,50,15
510,510,26651,"Young, Cameron",2025-3,2025-02-08,2025,12,16
510,14,26651,"Young, Cameron",2025-14,2025-04-12,2025,53,17
510,12,26651,"Young, Cameron",2025-12,2025-04-19,2025,54,18
510,23,26651,"Young, Cameron",2025-23,2025-05-31,2025,25,19
510,510,26651,"Young, Cameron",2026-3,2026-02-07,2026,41,20
510,510,19895,"Schauffele, Xander",2021-3,2021-02-06,2021,2,0
510,500,19895,"Schauffele, Xander",2021-7,2021-02-20,2021,15,1
510,14,19895,"Schauffele, Xander",2021-536,2021-04-10,2021,3,2
510,23,19895,"Schauffele, Xander",2021-23,2021-06-05,2021,11,3
510,510,19895,"Schauffele, Xander",2022-3,2022-02-12,2022,3,4
510,500,19895,"Schauffele, Xander",2022-7,2022-02-19,2022,13,5
510,14,19895,"Schauffele, Xander",2022-14,2022-04-09,2022,53,6
510,23,19895,"Schauffele, Xander",2022-23,2022-06-04,2022,18,7
510,510,19895,"Schauffele, Xander",2023-3,2023-02-11,2023,10,8
510,500,19895,"Schauffele, Xander",2023-7,2023-02-18,2023,33,9
510,14,19895,"Schauffele, Xander",2023-14,2023-04-08,2023,10,10
510,12,19895,"Schauffele, Xander",2023-12,2023-04-15,2023,4,11
510,23,19895,"Schauffele, Xander",2023-23,2023-06-03,2023,24,12
510,896,19895,"Schauffele, Xander",2023-28,2023-08-19,2023,8,13
510,500,19895,"Schauffele, Xander",2024-7,2024-02-17,2024,4,14
510,14,19895,"Schauffele, Xander",2024-14,2024-04-13,2024,8,15
510,12,19895,"Schauffele, Xander",2024-12,2024-04-20,2024,18,16
510,23,19895,"Schauffele, Xander",2024-23,2024-06-08,2024,8,17
510,14,19895,"Schauffele, Xander",2025-14,2025-04-12,2025,8,18
510,12,19895,"Schauffele, Xander",2025-12,2025-04-19,2025,18,19
510,23,19895,"Schauffele, Xander",2025-23,2025-05-31,2025,25,20
510,510,19895,"Schauffele, Xander",2026-3,2026-02-07,2026,41,21
510,510,23505,"McGreevy, Max",2023-3,2023-02-11,2023,67,0
510,500,23505,"McGreevy, Max",2023-7,2023-02-18,2023,68,1
510,12,23505,"McGreevy, Max",2023-12,2023-04-15,2023,63,2
510,510,23505,"McGreevy, Max",2025-3,2025-02-08,2025,78,3
510,510,23505,"McGreevy, Max",2026-3,2026-02-07,2026,48,4
510,14,24343,"Lamprecht, Christo",2024-14,2024-04-13,2024,61,0
510,510,24343,"Lamprecht, Christo",2026-3,2026-02-07,2026,48,1
510,500,29197,"Brennan, Michael",2022-7,2022-02-19,2022,76,0
510,510,29197,"Brennan, Michael",2026-3,2026-02-07,2026,48,1
510,510,19846,"Bauchou, Zach",2026-3,2026-02-07,2026,48,0
510,12,19840,"Ramey, Chad",2022-12,2022-04-16,2022,59,0
510,510,19840,"Ramey, Chad",2023-3,2023-02-11,2023,67,1
510,500,19840,"Ramey, Chad",2023-7,2023-02-18,2023,68,2
510,12,19840,"Ramey, Chad",2023-12,2023-04-15,2023,74,3
510,23,19840,"Ramey, Chad",2023-23,2023-06-03,2023,66,4
510,510,19840,"Ramey, Chad",2024-3,2024-02-10,2024,74,5
510,510,19840,"Ramey, Chad",2025-3,2025-02-08,2025,78,6
510,510,19840,"Ramey, Chad",2026-3,2026-02-07,2026,48,7
510,510,16162,"Lee, S.T.",2026-3,2026-02-07,2026,48,0
510,500,21688,"Kim, S.H.",2023-7,2023-02-18,2023,33,0
510,23,21688,"Kim, S.H.",2023-23,2023-06-03,2023,41,1
510,510,21688,"Kim, S.H.",2024-3,2024-02-10,2024,28,2
510,510,21688,"Kim, S.H.",2026-3,2026-02-07,2026,54,3
510,510,28469,"Highsmith, Joe",2025-3,2025-02-08,2025,78,0
510,14,28469,"Highsmith, Joe",2025-14,2025-04-12,2025,53,1
510,12,28469,"Highsmith, Joe",2025-12,2025-04-19,2025,72,2
510,23,28469,"Highsmith, Joe",2025-23,2025-05-31,2025,58,3
510,510,28469,"Highsmith, Joe",2026-3,2026-02-07,2026,54,4
510,510,29925,"Yellamaraju, Sudarshan",2026-3,2026-02-07,2026,54,0
510,14,18628,"Campbell, Brian",2025-14,2025-04-12,2025,32,0
510,12,18628,"Campbell, Brian",2025-12,2025-04-19,2025,32,1
510,510,18628,"Campbell, Brian",2026-3,2026-02-07,2026,54,2
510,500,22085,"Morikawa, Collin",2021-7,2021-02-20,2021,43,0
510,14,22085,"Morikawa, Collin",2021-536,2021-04-10,2021,18,1
510,12,22085,"Morikawa, Collin",2021-12,2021-04-17,2021,7,2
510,23,22085,"Morikawa, Collin",2021-23,2021-06-05,2021,2,3
510,500,22085,"Morikawa, Collin",2022-7,2022-02-19,2022,2,4
510,14,22085,"Morikawa, Collin",2022-14,2022-04-09,2022,5,5
510,12,22085,"Morikawa, Collin",2022-12,2022-04-16,2022,26,6
510,23,22085,"Morikawa, Collin",2022-23,2022-06-04,2022,71,7
510,510,22085,"Morikawa, Collin",2023-3,2023-02-11,2023,67,8
510,500,22085,"Morikawa, Collin",2023-7,2023-02-18,2023,6,9
510,14,22085,"Morikawa, Collin",2023-14,2023-04-08,2023,10,10
510,12,22085,"Morikawa, Collin",2023-12,2023-04-15,2023,31,11
510,896,22085,"Morikawa, Collin",2023-28,2023-08-19,2023,25,12
510,500,22085,"Morikawa, Collin",2024-7,2024-02-17,2024,19,13
510,14,22085,"Morikawa, Collin",2024-14,2024-04-13,2024,3,14
510,12,22085,"Morikawa, Collin",2024-12,2024-04-20,2024,9,15
510,23,22085,"Morikawa, Collin",2024-23,2024-06-08,2024,2,16
510,14,22085,"Morikawa, Collin",2025-14,2025-04-12,2025,14,17
510,12,22085,"Morikawa, Collin",2025-12,2025-04-19,2025,54,18
510,23,22085,"Morikawa, Collin",2025-23,2025-05-31,2025,20,19
510,510,22085,"Morikawa, Collin",2026-3,2026-02-07,2026,54,20
510,510,20954,"Hirata, Kensei",2026-3,2026-02-07,2026,54,0
510,510,25319,"VanDerLaan, John",2026-3,2026-02-07,2026,60,0
510,23,19729,"Kanaya, Takumi",2021-23,2021-06-05,2021,69,0
510,14,19729,"Kanaya, Takumi",2022-14,2022-04-09,2022,53,1
510,12,19729,"Kanaya, Takumi",2022-12,2022-04-16,2022,71,2
510,510,19729,"Kanaya, Takumi",2026-3,2026-02-07,2026,60,3
510,510,14792,"Saddier, Adrien",2026-3,2026-02-07,2026,60,0
510,510,16283,"Rodgers, Patrick",2021-3,2021-02-06,2021,67,0
510,500,16283,"Rodgers, Patrick",2021-7,2021-02-20,2021,12,1
510,12,16283,"Rodgers, Patrick",2021-12,2021-04-17,2021,66,2
510,23,16283,"Rodgers, Patrick",2021-23,2021-06-05,2021,69,3
510,510,16283,"Rodgers, Patrick",2022-3,2022-02-12,2022,68,4
510,500,16283,"Rodgers, Patrick",2022-7,2022-02-19,2022,76,5
510,23,16283,"Rodgers, Patrick",2022-23,2022-06-04,2022,71,6
510,510,16283,"Rodgers, Patrick",2023-3,2023-02-11,2023,14,7
510,500,16283,"Rodgers, Patrick",2023-7,2023-02-18,2023,68,8
510,12,16283,"Rodgers, Patrick",2023-12,2023-04-15,2023,19,9
510,23,16283,"Rodgers, Patrick",2023-23,2023-06-03,2023,30,10
510,896,16283,"Rodgers, Patrick",2023-28,2023-08-19,2023,37,11
510,500,16283,"Rodgers, Patrick",2024-7,2024-02-17,2024,52,12
510,12,16283,"Rodgers, Patrick",2024-12,2024-04-20,2024,5,13
510,23,16283,"Rodgers, Patrick",2024-23,2024-06-08,2024,53,14
510,510,16283,"Rodgers, Patrick",2025-3,2025-02-08,2025,78,15
510,12,16283,"Rodgers, Patrick",2025-12,2025-04-19,2025,42,16
510,510,16283,"Rodgers, Patrick",2026-3,2026-02-07,2026,60,17
510,510,12577,"Woodland, Gary",2021-3,2021-02-06,2021,67,0
510,500,12577,"Woodland, Gary",2021-7,2021-02-20,2021,68,1
510,14,12577,"Woodland, Gary",2021-536,2021-04-10,2021,40,2
510,23,12577,"Woodland, Gary",2021-23,2021-06-05,2021,69,3
510,510,12577,"Woodland, Gary",2022-3,2022-02-12,2022,68,4
510,14,12577,"Woodland, Gary",2022-14,2022-04-09,2022,53,5
510,23,12577,"Woodland, Gary",2022-23,2022-06-04,2022,71,6
510,510,12577,"Woodland, Gary",2023-3,2023-02-11,2023,42,7
510,500,12577,"Woodland, Gary",2023-7,2023-02-18,2023,9,8
510,14,12577,"Woodland, Gary",2023-14,2023-04-08,2023,14,9
510,12,12577,"Woodland, Gary",2023-12,2023-04-15,2023,31,10
510,23,12577,"Woodland, Gary",2023-23,2023-06-03,2023,24,11
510,510,12577,"Woodland, Gary",2024-3,2024-02-10,2024,74,12
510,500,12577,"Woodland, Gary",2024-7,2024-02-17,2024,39,13
510,14,12577,"Woodland, Gary",2024-14,2024-04-13,2024,61,14
510,12,12577,"Woodland, Gary",2024-12,2024-04-20,2024,64,15
510,510,12577,"Woodland, Gary",2025-3,2025-02-08,2025,21,16
510,12,12577,"Woodland, Gary",2025-12,2025-04-19,2025,61,17
510,510,12577,"Woodland, Gary",2026-3,2026-02-07,2026,64,18
510,510,27364,"Thompson, Davis",2023-3,2023-02-11,2023,67,0
510,500,27364,"Thompson, Davis",2023-7,2023-02-18,2023,68,1
510,12,27364,"Thompson, Davis",2023-12,2023-04-15,2023,63,2
510,23,27364,"Thompson, Davis",2023-23,2023-06-03,2023,56,3
510,510,27364,"Thompson, Davis",2024-3,2024-02-10,2024,15,4
510,23,27364,"Thompson, Davis",2024-23,2024-06-08,2024,27,5
510,510,27364,"Thompson, Davis",2025-3,2025-02-08,2025,36,6
510,14,27364,"Thompson, Davis",2025-14,2025-04-12,2025,46,7
510,12,27364,"Thompson, Davis",2025-12,2025-04-19,2025,27,8
510,23,27364,"Thompson, Davis",2025-23,2025-05-31,2025,49,9
510,510,27364,"Thompson, Davis",2026-3,2026-02-07,2026,64,10
510,12,27164,"Phillips, Chandler",2024-12,2024-04-20,2024,55,0
510,510,27164,"Phillips, Chandler",2025-3,2025-02-08,2025,49,1
510,510,27164,"Phillips, Chandler",2026-3,2026-02-07,2026,66,2
510,510,17538,"Homa, Max",2021-3,2021-02-06,2021,42,0
510,500,17538,"Homa, Max",2021-7,2021-02-20,2021,1,1
510,14,17538,"Homa, Max",2021-536,2021-04-10,2021,55,2
510,23,17538,"Homa, Max",2021-23,2021-06-05,2021,6,3
510,510,17538,"Homa, Max",2022-3,2022-02-12,2022,14,4
510,500,17538,"Homa, Max",2022-7,2022-02-19,2022,10,5
510,14,17538,"Homa, Max",2022-14,2022-04-09,2022,48,6
510,23,17538,"Homa, Max",2022-23,2022-06-04,2022,5,7
510,510,17538,"Homa, Max",2023-3,2023-02-11,2023,39,8
510,500,17538,"Homa, Max",2023-7,2023-02-18,2023,2,9
510,14,17538,"Homa, Max",2023-14,2023-04-08,2023,43,10
510,12,17538,"Homa, Max",2023-12,2023-04-15,2023,74,11
510,896,17538,"Homa, Max",2023-28,2023-08-19,2023,5,12
510,510,17538,"Homa, Max",2024-3,2024-02-10,2024,74,13
510,500,17538,"Homa, Max",2024-7,2024-02-17,2024,16,14
510,14,17538,"Homa, Max",2024-14,2024-04-13,2024,3,15
510,12,17538,"Homa, Max",2024-12,2024-04-20,2024,55,16
510,23,17538,"Homa, Max",2024-23,2024-06-08,2024,22,17
510,510,17538,"Homa, Max",2025-3,2025-02-08,2025,78,18
510,14,17538,"Homa, Max",2025-14,2025-04-12,2025,12,19
510,12,17538,"Homa, Max",2025-12,2025-04-19,2025,70,20
510,23,17538,"Homa, Max",2025-23,2025-05-31,2025,51,21
510,510,17538,"Homa, Max",2026-3,2026-02-07,2026,66,22
510,14,32055,"Shipley, Neal",2024-14,2024-04-13,2024,53,0
510,510,32055,"Shipley, Neal",2026-3,2026-02-07,2026,68,1
510,510,21943,"Lebioda, Hank",2022-3,2022-02-12,2022,68,0
510,500,21943,"Lebioda, Hank",2022-7,2022-02-19,2022,67,1
510,12,21943,"Lebioda, Hank",2022-12,2022-04-16,2022,71,2
510,510,21943,"Lebioda, Hank",2026-3,2026-02-07,2026,68,3
510,510,14502,"Cauley, Bud",2024-3,2024-02-10,2024,65,0
510,510,14502,"Cauley, Bud",2025-3,2025-02-08,2025,21,1
510,12,14502,"Cauley, Bud",2025-12,2025-04-19,2025,32,2
510,23,14502,"Cauley, Bud",2025-23,2025-05-31,2025,39,3
510,510,14502,"Cauley, Bud",2026-3,2026-02-07,2026,68,4
510,14,21074,"Nakajima, Keita",2022-14,2022-04-09,2022,53,0
510,500,21074,"Nakajima, Keita",2023-7,2023-02-18,2023,68,1
510,510,21074,"Nakajima, Keita",2026-3,2026-02-07,2026,71,2
510,510,13470,"Kizzire, Patton",2021-3,2021-02-06,2021,50,0
510,12,13470,"Kizzire, Patton",2021-12,2021-04-17,2021,66,1
510,23,13470,"Kizzire, Patton",2021-23,2021-06-05,2021,69,2
510,510,13470,"Kizzire, Patton",2022-3,2022-02-12,2022,10,3
510,500,13470,"Kizzire, Patton",2022-7,2022-02-19,2022,61,4
510,12,13470,"Kizzire, Patton",2022-12,2022-04-16,2022,26,5
510,23,13470,"Kizzire, Patton",2022-23,2022-06-04,2022,71,6
510,510,13470,"Kizzire, Patton",2023-3,2023-02-11,2023,67,7
510,500,13470,"Kizzire, Patton",2023-7,2023-02-18,2023,68,8
510,12,13470,"Kizzire, Patton",2023-12,2023-04-15,2023,31,9
510,510,13470,"Kizzire, Patton",2024-3,2024-02-10,2024,74,10
510,510,13470,"Kizzire, Patton",2025-3,2025-02-08,2025,78,11
510,14,13470,"Kizzire, Patton",2025-14,2025-04-12,2025,53,12
510,510,13470,"Kizzire, Patton",2026-3,2026-02-07,2026,72,13
510,500,17786,"Davis, Cameron",2021-7,2021-02-20,2021,43,0
510,12,17786,"Davis, Cameron",2021-12,2021-04-17,2021,25,1
510,23,17786,"Davis, Cam",2021-23,2021-06-05,2021,69,2
510,510,17786,"Davis, Cam",2022-3,2022-02-12,2022,68,3
510,500,17786,"Davis, Cam",2022-7,2022-02-19,2022,48,4
510,14,17786,"Davis, Cameron",2022-14,2022-04-09,2022,46,5
510,12,17786,"Davis, Cam",2022-12,2022-04-16,2022,3,6
510,23,17786,"Davis, Cam",2022-23,2022-06-04,2022,53,7
510,500,17786,"Davis, Cam",2023-7,2023-02-18,2023,68,8
510,12,17786,"Davis, Cam",2023-12,2023-04-15,2023,7,9
510,23,17786,"Davis, Cam",2023-23,2023-06-03,2023,66,10
510,896,17786,"Davis, Cam",2023-28,2023-08-19,2023,40,11
510,500,17786,"Davis, Cam",2024-7,2024-02-17,2024,49,12
510,14,17786,"Davis, Cameron",2024-14,2024-04-13,2024,12,13
510,12,17786,"Davis, Cam",2024-12,2024-04-20,2024,49,14
510,23,17786,"Davis, Cam",2024-23,2024-06-08,2024,50,15
510,14,17786,"Davis, Cam",2025-14,2025-04-12,2025,53,16
510,12,17786,"Davis, Cam",2025-12,2025-04-19,2025,13,17
510,23,17786,"Davis, Cam",2025-23,2025-05-31,2025,58,18
510,510,17786,"Davis, Cam",2026-3,2026-02-07,2026,73,19
510,510,12808,"Grillo, Emiliano",2021-3,2021-02-06,2021,22,0
510,500,12808,"Grillo, Emiliano",2021-7,2021-02-20,2021,68,1
510,12,12808,"Grillo, Emiliano",2021-12,2021-04-17,2021,2,2
510,23,12808,"Grillo, Emiliano",2021-23,2021-06-05,2021,69,3
510,510,12808,"Grillo, Emiliano",2022-3,2022-02-12,2022,68,4
510,500,12808,"Grillo, Emiliano",2022-7,2022-02-19,2022,21,5
510,12,12808,"Grillo, Emiliano",2022-12,2022-04-16,2022,71,6
510,23,12808,"Grillo, Emiliano",2022-23,2022-06-04,2022,32,7
510,510,12808,"Grillo, Emiliano",2023-3,2023-02-11,2023,67,8
510,500,12808,"Grillo, Emiliano",2023-7,2023-02-18,2023,67,9
510,12,12808,"Grillo, Emiliano",2023-12,2023-04-15,2023,7,10
510,23,12808,"Grillo, Emiliano",2023-23,2023-06-03,2023,48,11
510,896,12808,"Grillo, Emiliano",2023-28,2023-08-19,2023,31,12
510,510,12808,"Grillo, Emiliano",2024-3,2024-02-10,2024,22,13
510,500,12808,"Grillo, Emiliano",2024-7,2024-02-17,2024,44,14
510,14,12808,"Grillo, Emiliano",2024-14,2024-04-13,2024,61,15
510,12,12808,"Grillo, Emiliano",2024-12,2024-04-20,2024,64,16
510,23,12808,"Grillo, Emiliano",2024-23,2024-06-08,2024,27,17
510,510,12808,"Grillo, Emiliano",2025-3,2025-02-08,2025,76,18
510,510,12808,"Grillo, Emiliano",2026-3,2026-02-07,2026,74,19
510,510,14509,"Dahmen, Joel",2021-3,2021-02-06,2021,67,0
510,500,14509,"Dahmen, Joel",2021-7,2021-02-20,2021,68,1
510,23,14509,"Dahmen, Joel",2021-23,2021-06-05,2021,32,2
510,510,14509,"Dahmen, Joel",2022-3,2022-02-12,2022,62,3
510,500,14509,"Dahmen, Joel",2022-7,2022-02-19,2022,74,4
510,12,14509,"Dahmen, Joel",2022-12,2022-04-16,2022,12,5
510,23,14509,"Dahmen, Joel",2022-23,2022-06-04,2022,32,6
510,510,14509,"Dahmen, Joel",2023-3,2023-02-11,2023,50,7
510,500,14509,"Dahmen, Joel",2023-7,2023-02-18,2023,68,8
510,12,14509,"Dahmen, Joel",2023-12,2023-04-15,2023,74,9
510,23,14509,"Dahmen, Joel",2023-23,2023-06-03,2023,66,10
510,510,14509,"Dahmen, Joel",2024-3,2024-02-10,2024,41,11
510,510,14509,"Dahmen, Joel",2025-3,2025-02-08,2025,78,12
510,510,14509,"Dahmen, Joel",2026-3,2026-02-07,2026,74,13
510,510,22002,"Dumont de Chassart, Adrien",2024-3,2024-02-10,2024,60,0
510,510,22002,"Dumont de Chassart, Adrien",2026-3,2026-02-07,2026,74,1
510,510,23465,"Greyserman, Max",2025-3,2025-02-08,2025,49,0
510,14,23465,"Greyserman, Max",2025-14,2025-04-12,2025,32,1
510,12,23465,"Greyserman, Max",2025-12,2025-04-19,2025,27,2
510,23,23465,"Greyserman, Max",2025-23,2025-05-31,2025,25,3
510,510,23465,"Greyserman, Max",2026-3,2026-02-07,2026,74,4
510,14,13412,"Olesen, Thorbjorn",2024-14,2024-04-13,2024,58,0
510,510,13412,"Olesen, Thorbjorn",2026-3,2026-02-07,2026,74,1
510,14,18103,"Bezuidenhout, Christiaan",2021-536,2021-04-10,2021,40,0
510,12,18103,"Bezuidenhout, Christiaan",2021-12,2021-04-17,2021,33,1
510,23,18103,"Bezuidenhout, Christiaan",2021-23,2021-06-05,2021,37,2
510,500,18103,"Bezuidenhout, Christiaan",2022-7,2022-02-19,2022,76,3
510,14,18103,"Bezuidenhout, Christiaan",2022-14,2022-04-09,2022,44,4
510,510,18103,"Bezuidenhout, Christiaan",2023-3,2023-02-11,2023,67,5
510,500,18103,"Bezuidenhout, Christiaan",2023-7,2023-02-18,2023,58,6
510,12,18103,"Bezuidenhout, Christiaan",2023-12,2023-04-15,2023,19,7
510,23,18103,"Bezuidenhout, Christiaan",2023-23,2023-06-03,2023,38,8
510,510,18103,"Bezuidenhout, Christiaan",2024-3,2024-02-10,2024,28,9
510,500,18103,"Bezuidenhout, Christiaan",2024-7,2024-02-17,2024,24,10
510,12,18103,"Bezuidenhout, Christiaan",2024-12,2024-04-20,2024,28,11
510,23,18103,"Bezuidenhout, Christiaan",2024-23,2024-06-08,2024,4,12
510,510,18103,"Bezuidenhout, Christiaan",2025-3,2025-02-08,2025,4,13
510,14,18103,"Bezuidenhout, Christiaan",2025-14,2025-04-12,2025,53,14
510,12,18103,"Bezuidenhout, Christiaan",2025-12,2025-04-19,2025,42,15
510,23,18103,"Bezuidenhout, Christiaan",2025-23,2025-05-31,2025,58,16
510,510,18103,"Bezuidenhout, Christiaan",2026-3,2026-02-07,2026,74,17
510,12,12909,"Campos, Rafael",2021-12,2021-04-17,2021,66,0
510,510,12909,"Campos, Rafael",2025-3,2025-02-08,2025,78,1
510,14,12909,"Campos, Rafael",2025-14,2025-04-12,2025,53,2
510,510,12909,"Campos, Rafael",2026-3,2026-02-07,2026,74,3
510,12,24304,"Vilips, Karl",2025-12,2025-04-19,2025,54,0
510,510,24304,"Vilips, Karl",2026-3,2026-02-07,2026,74,1
510,510,16333,"Hubbard, Mark",2021-3,2021-02-06,2021,30,0
510,500,16333,"Hubbard, Mark",2021-7,2021-02-20,2021,68,1
510,12,16333,"Hubbard, Mark",2021-12,2021-04-17,2021,66,2
510,23,16333,"Hubbard, Mark",2021-23,2021-06-05,2021,42,3
510,510,16333,"Hubbard, Mark",2023-3,2023-02-11,2023,67,4
510,500,16333,"Hubbard, Mark",2023-7,2023-02-18,2023,68,5
510,12,16333,"Hubbard, Mark",2023-12,2023-04-15,2023,11,6
510,23,16333,"Hubbard, Mark",2023-23,2023-06-03,2023,30,7
510,510,16333,"Hubbard, Mark",2024-3,2024-02-10,2024,53,8
510,510,16333,"Hubbard, Mark",2025-3,2025-02-08,2025,78,9
510,510,16333,"Hubbard, Mark",2026-3,2026-02-07,2026,74,10
510,510,12423,"Kirk, Chris",2021-3,2021-02-06,2021,67,0
510,12,12423,"Kirk, Chris",2021-12,2021-04-17,2021,7,1
510,23,12423,"Kirk, Chris",2021-23,2021-06-05,2021,26,2
510,510,12423,"Kirk, Chris",2022-3,2022-02-12,2022,14,3
510,12,12423,"Kirk, Chris",2022-12,2022-04-16,2022,71,4
510,23,12423,"Kirk, Chris",2022-23,2022-06-04,2022,53,5
510,510,12423,"Kirk, Chris",2023-3,2023-02-11,2023,67,6
510,14,12423,"Kirk, Chris",2023-14,2023-04-08,2023,23,7
510,12,12423,"Kirk, Chris",2023-12,2023-04-15,2023,41,8
510,23,12423,"Kirk, Chris",2023-23,2023-06-03,2023,66,9
510,896,12423,"Kirk, Chris",2023-28,2023-08-19,2023,29,10
510,500,12423,"Kirk, Chris",2024-7,2024-02-17,2024,52,11
510,14,12423,"Kirk, Chris",2024-14,2024-04-13,2024,16,12
510,12,12423,"Kirk, Chris",2024-12,2024-04-20,2024,10,13
510,23,12423,"Kirk, Chris",2024-23,2024-06-08,2024,53,14
510,510,12423,"Kirk, Chris",2025-3,2025-02-08,2025,78,15
510,14,12423,"Kirk, Chris",2025-14,2025-04-12,2025,53,16
510,12,12423,"Kirk, Chris",2025-12,2025-04-19,2025,18,17
510,23,12423,"Kirk, Chris",2025-23,2025-05-31,2025,58,18
510,510,12423,"Kirk, Chris",2026-3,2026-02-07,2026,74,19
510,500,14926,"Malnati, Peter",2021-7,2021-02-20,2021,68,0
510,12,14926,"Malnati, Peter",2021-12,2021-04-17,2021,66,1
510,23,14926,"Malnati, Peter",2021-23,2021-06-05,2021,69,2
510,510,14926,"Malnati, Peter",2022-3,2022-02-12,2022,65,3
510,500,14926,"Malnati, Peter",2022-7,2022-02-19,2022,26,4
510,12,14926,"Malnati, Peter",2022-12,2022-04-16,2022,42,5
510,23,14926,"Malnati, Peter",2022-23,2022-06-04,2022,71,6
510,510,14926,"Malnati, Peter",2023-3,2023-02-11,2023,67,7
510,500,14926,"Malnati, Peter",2023-7,2023-02-18,2023,20,8
510,12,14926,"Malnati, Peter",2023-12,2023-04-15,2023,74,9
510,23,14926,"Malnati, Peter",2023-23,2023-06-03,2023,66,10
510,510,14926,"Malnati, Peter",2024-3,2024-02-10,2024,74,11
510,14,14926,"Malnati, Peter",2024-14,2024-04-13,2024,61,12
510,12,14926,"Malnati, Peter",2024-12,2024-04-20,2024,49,13
510,23,14926,"Malnati, Peter",2024-23,2024-06-08,2024,33,14
510,510,14926,"Malnati, Peter",2025-3,2025-02-08,2025,49,15
510,510,14926,"Malnati, Peter",2026-3,2026-02-07,2026,74,16
510,510,25908,"Whaley, Vincent",2021-3,2021-02-06,2021,67,0
510,500,25908,"Whaley, Vince",2022-7,2022-02-19,2022,76,1
510,510,25908,"Whaley, Vince",2024-3,2024-02-10,2024,74,2
510,510,25908,"Whaley, Vince",2025-3,2025-02-08,2025,78,3
510,510,25908,"Whaley, Vince",2026-3,2026-02-07,2026,74,4
510,510,26653,"Eckroat, Austin",2022-3,2022-02-12,2022,64,0
510,23,26653,"Eckroat, Austin",2023-23,2023-06-03,2023,30,1
510,510,26653,"Eckroat, Austin",2024-3,2024-02-10,2024,74,2
510,14,26653,"Eckroat, Austin",2024-14,2024-04-13,2024,61,3
510,12,26653,"Eckroat, Austin",2024-12,2024-04-20,2024,17,4
510,23,26653,"Eckroat, Austin",2024-23,2024-06-08,2024,39,5
510,510,26653,"Eckroat, Austin",2025-3,2025-02-08,2025,78,6
510,14,26653,"Eckroat, Austin",2025-14,2025-04-12,2025,53,7
510,12,26653,"Eckroat, Austin",2025-12,2025-04-19,2025,32,8
510,23,26653,"Eckroat, Austin",2025-23,2025-05-31,2025,57,9
510,510,26653,"Eckroat, Austin",2026-3,2026-02-07,2026,74,10
510,510,24342,"Higgo, Garrick",2022-3,2022-02-12,2022,21,0
510,14,24342,"Higgo, Garrick",2022-14,2022-04-09,2022,53,1
510,12,24342,"Higgo, Garrick",2022-12,2022-04-16,2022,71,2
510,23,24342,"Higgo, Garrick",2022-23,2022-06-04,2022,18,3
510,510,24342,"Higgo, Garrick",2023-3,2023-02-11,2023,67,4
510,12,24342,"Higgo, Garrick",2023-12,2023-04-15,2023,48,5
510,23,24342,"Higgo, Garrick",2023-23,2023-06-03,2023,30,6
510,510,24342,"Higgo, Garrick",2024-3,2024-02-10,2024,49,7
510,510,24342,"Higgo, Garrick",2026-3,2026-02-07,2026,74,8
510,510,16243,"Koepka, Brooks",2021-3,2021-02-06,2021,1,0
510,500,16243,"Koepka, Brooks",2021-7,2021-02-20,2021,38,1
510,14,16243,"Koepka, Brooks",2021-536,2021-04-10,2021,55,2
510,510,16243,"Koepka, Brooks",2022-3,2022-02-12,2022,3,3
510,500,16243,"Koepka, Brooks",2022-7,2022-02-19,2022,76,4
510,14,16243,"Koepka, Brooks",2022-14,2022-04-09,2022,53,5
510,14,16243,"Koepka, Brooks",2023-14,2023-04-08,2023,2,6
510,14,16243,"Koepka, Brooks",2024-14,2024-04-13,2024,45,7
510,14,16243,"Koepka, Brooks",2025-14,2025-04-12,2025,53,8
510,510,16243,"Koepka, Brooks",2026-3,2026-02-07,2026,74,9
510,510,20766,"Brown, Dan",2026-3,2026-02-07,2026,74,0
510,510,15575,"Hoge, Tom",2021-3,2021-02-06,2021,67,0
510,500,15575,"Hoge, Tom",2021-7,2021-02-20,2021,52,1
510,12,15575,"Hoge, Tom",2021-12,2021-04-17,2021,25,2
510,23,15575,"Hoge, Tom",2021-23,2021-06-05,2021,69,3
510,510,15575,"Hoge, Tom",2022-3,2022-02-12,2022,14,4
510,500,15575,"Hoge, Tom",2022-7,2022-02-19,2022,76,5
510,14,15575,"Hoge, Tom",2022-14,2022-04-09,2022,39,6
510,12,15575,"Hoge, Tom",2022-12,2022-04-16,2022,71,7
510,23,15575,"Hoge, Tom",2022-23,2022-06-04,2022,71,8
510,510,15575,"Hoge, Tom",2023-3,2023-02-11,2023,67,9
510,500,15575,"Hoge, Tom",2023-7,2023-02-18,2023,14,10
510,14,15575,"Hoge, Tom",2023-14,2023-04-08,2023,54,11
510,12,15575,"Hoge, Tom",2023-12,2023-04-15,2023,74,12
510,23,15575,"Hoge, Tom",2023-23,2023-06-03,2023,65,13
510,896,15575,"Hoge, Tom",2023-28,2023-08-19,2023,21,14
510,510,15575,"Hoge, Tom",2024-3,2024-02-10,2024,17,15
510,500,15575,"Hoge, Tom",2024-7,2024-02-17,2024,8,16
510,12,15575,"Hoge, Tom",2024-12,2024-04-20,2024,18,17
510,23,15575,"Hoge, Tom",2024-23,2024-06-08,2024,45,18
510,510,15575,"Hoge, Tom",2025-3,2025-02-08,2025,78,19
510,14,15575,"Hoge, Tom",2025-14,2025-04-12,2025,14,20
510,12,15575,"Hoge, Tom",2025-12,2025-04-19,2025,18,21
510,23,15575,"Hoge, Tom",2025-23,2025-05-31,2025,7,22
510,510,15575,"Hoge, Tom",2026-3,2026-02-07,2026,74,23
510,510,28635,"McCarty, Matt",2025-3,2025-02-08,2025,78,0
510,14,28635,"McCarty, Matt",2025-14,2025-04-12,2025,14,1
510,510,28635,"McCarty, Matt",2026-3,2026-02-07,2026,74,2
510,510,17576,"Conners, Corey",2021-3,2021-02-06,2021,17,0
510,500,17576,"Conners, Corey",2021-7,2021-02-20,2021,68,1
510,14,17576,"Conners, Corey",2021-536,2021-04-10,2021,8,2
510,12,17576,"Conners, Corey",2021-12,2021-04-17,2021,4,3
510,23,17576,"Conners, Corey",2021-23,2021-06-05,2021,53,4
510,510,17576,"Conners, Corey",2022-3,2022-02-12,2022,38,5
510,500,17576,"Conners, Corey",2022-7,2022-02-19,2022,76,6
510,14,17576,"Conners, Corey",2022-14,2022-04-09,2022,6,7
510,12,17576,"Conners, Corey",2022-12,2022-04-16,2022,12,8
510,23,17576,"Conners, Corey",2022-23,2022-06-04,2022,13,9
510,510,17576,"Conners, Corey",2023-3,2023-02-11,2023,50,10
510,500,17576,"Conners, Corey",2023-7,2023-02-18,2023,61,11
510,14,17576,"Conners, Corey",2023-14,2023-04-08,2023,54,12
510,12,17576,"Conners, Corey",2023-12,2023-04-15,2023,31,13
510,23,17576,"Conners, Corey",2023-23,2023-06-03,2023,66,14
510,896,17576,"Conners, Corey",2023-28,2023-08-19,2023,10,15
510,510,17576,"Conners, Corey",2024-3,2024-02-10,2024,28,16
510,500,17576,"Conners, Corey",2024-7,2024-02-17,2024,24,17
510,14,17576,"Conners, Corey",2024-14,2024-04-13,2024,38,18
510,12,17576,"Conners, Corey",2024-12,2024-04-20,2024,44,19
510,23,17576,"Conners, Corey",2024-23,2024-06-08,2024,20,20
510,510,17576,"Conners, Corey",2025-3,2025-02-08,2025,74,21
510,14,17576,"Conners, Corey",2025-14,2025-04-12,2025,8,22
510,12,17576,"Conners, Corey",2025-12,2025-04-19,2025,49,23
510,23,17576,"Conners, Corey",2025-23,2025-05-31,2025,25,24
510,510,17576,"Conners, Corey",2026-3,2026-02-07,2026,74,25
510,510,21889,"Kang, Jeffrey",2022-3,2022-02-12,2022,68,0
510,510,21889,"Kang, Jeffrey",2026-3,2026-02-07,2026,74,1
510,510,17550,"van Rooyen, Erik",2021-3,2021-02-06,2021,67,0
510,500,17550,"van Rooyen, Erik",2022-7,2022-02-19,2022,39,1
510,14,17550,"van Rooyen, Erik",2022-14,2022-04-09,2022,53,2
510,12,17550,"van Rooyen, Erik",2022-12,2022-04-16,2022,10,3
510,23,17550,"van Rooyen, Erik",2022-23,2022-06-04,2022,71,4
510,510,17550,"van Rooyen, Erik",2023-3,2023-02-11,2023,50,5
510,12,17550,"van Rooyen, Erik",2023-12,2023-04-15,2023,74,6
510,510,17550,"van Rooyen, Erik",2024-3,2024-02-10,2024,74,7
510,14,17550,"Van Rooyen, Erik",2024-14,2024-04-13,2024,55,8
510,12,17550,"van Rooyen, Erik",2024-12,2024-04-20,2024,33,9
510,510,17550,"van Rooyen, Erik",2025-3,2025-02-08,2025,78,10
510,510,17550,"van Rooyen, Erik",2026-3,2026-02-07,2026,74,11
510,510,16591,"Rozo, Marcelo",2026-3,2026-02-07,2026,74,0
510,14,19960,"Pavon, Matthieu",2024-14,2024-04-13,2024,12,0
510,12,19960,"Pavon, Matthieu",2024-12,2024-04-20,2024,49,1
510,23,19960,"Pavon, Matthieu",2024-23,2024-06-08,2024,53,2
510,510,19960,"Pavon, Matthieu",2025-3,2025-02-08,2025,63,3
510,14,19960,"Pavon, Matthieu",2025-14,2025-04-12,2025,53,4
510,12,19960,"Pavon, Matthieu",2025-12,2025-04-19,2025,42,5
510,23,19960,"Pavon, Matthieu",2025-23,2025-05-31,2025,58,6
510,510,19960,"Pavon, Matthieu",2026-3,2026-02-07,2026,74,7
510,510,11276,"Horschel, Billy",2021-3,2021-02-06,2021,53,0
510,14,11276,"Horschel, Billy",2021-536,2021-04-10,2021,50,1
510,12,11276,"Horschel, Billy",2021-12,2021-04-17,2021,25,2
510,23,11276,"Horschel, Billy",2021-23,2021-06-05,2021,67,3
510,510,11276,"Horschel, Billy",2022-3,2022-02-12,2022,6,4
510,14,11276,"Horschel, Billy",2022-14,2022-04-09,2022,43,5
510,12,11276,"Horschel, Billy",2022-12,2022-04-16,2022,21,6
510,23,11276,"Horschel, Billy",2022-23,2022-06-04,2022,1,7
510,510,11276,"Horschel, Billy",2023-3,2023-02-11,2023,32,8
510,500,11276,"Horschel, Billy",2023-7,2023-02-18,2023,68,9
510,14,11276,"Horschel, Billy",2023-14,2023-04-08,2023,52,10
510,12,11276,"Horschel, Billy",2023-12,2023-04-15,2023,74,11
510,23,11276,"Horschel, Billy",2023-23,2023-06-03,2023,66,12
510,510,11276,"Horschel, Billy",2024-3,2024-02-10,2024,41,13
510,23,11276,"Horschel, Billy",2024-23,2024-06-08,2024,15,14
510,510,11276,"Horschel, Billy",2025-3,2025-02-08,2025,78,15
510,14,11276,"Horschel, Billy",2025-14,2025-04-12,2025,53,16
510,12,11276,"Horschel, Billy",2025-12,2025-04-19,2025,27,17
510,510,11276,"Horschel, Billy",2026-3,2026-02-07,2026,74,18
510,23,15310,"Li, Haotong",2021-23,2021-06-05,2021,69,0
510,510,15310,"Li, Haotong",2026-3,2026-02-07,2026,74,1
510,500,11676,"Finau, Tony",2021-7,2021-02-20,2021,2,0
510,14,11676,"Finau, Tony",2021-536,2021-04-10,2021,10,1
510,23,11676,"Finau, Tony",2021-23,2021-06-05,2021,32,2
510,510,11676,"Finau, Tony",2022-3,2022-02-12,2022,68,3
510,500,11676,"Finau, Tony",2022-7,2022-02-19,2022,33,4
510,14,11676,"Finau, Tony",2022-14,2022-04-09,2022,35,5
510,510,11676,"Finau, Tony",2023-3,2023-02-11,2023,14,6
510,500,11676,"Finau, Tony",2023-7,2023-02-18,2023,20,7
510,14,11676,"Finau, Tony",2023-14,2023-04-08,2023,26,8
510,12,11676,"Finau, Tony",2023-12,2023-04-15,2023,31,9
510,896,11676,"Finau, Tony",2023-28,2023-08-19,2023,37,10
510,500,11676,"Finau, Tony",2024-7,2024-02-17,2024,19,11
510,14,11676,"Finau, Tony",2024-14,2024-04-13,2024,55,12
510,12,11676,"Finau, Tony",2024-12,2024-04-20,2024,12,13
510,23,11676,"Finau, Tony",2024-23,2024-06-08,2024,8,14
510,14,11676,"Finau, Tony",2025-14,2025-04-12,2025,53,15
510,12,11676,"Finau, Tony",2025-12,2025-04-19,2025,38,16
510,23,11676,"Finau, Tony",2025-23,2025-05-31,2025,31,17
510,510,11676,"Finau, Tony",2026-3,2026-02-07,2026,74,18
510,510,14636,"Spieth, Jordan",2021-3,2021-02-06,2021,4,0
510,500,14636,"Spieth, Jordan",2021-7,2021-02-20,2021,15,1
510,14,14636,"Spieth, Jordan",2021-536,2021-04-10,2021,3,2
510,23,14636,"Spieth, Jordan",2021-23,2021-06-05,2021,18,3
510,510,14636,"Spieth, Jordan",2022-3,2022-02-12,2022,60,4
510,500,14636,"Spieth, Jordan",2022-7,2022-02-19,2022,26,5
510,14,14636,"Spieth, Jordan",2022-14,2022-04-09,2022,53,6
510,12,14636,"Spieth, Jordan",2022-12,2022-04-16,2022,1,7
510,23,14636,"Spieth, Jordan",2022-23,2022-06-04,2022,18,8
510,510,14636,"Spieth, Jordan",2023-3,2023-02-11,2023,6,9
510,500,14636,"Spieth, Jordan",2023-7,2023-02-18,2023,68,10
510,14,14636,"Spieth, Jordan",2023-14,2023-04-08,2023,4,11
510,12,14636,"Spieth, Jordan",2023-12,2023-04-15,2023,2,12
510,23,14636,"Spieth, Jordan",2023-23,2023-06-03,2023,5,13
510,896,14636,"Spieth, Jordan",2023-28,2023-08-19,2023,34,14
510,510,14636,"Spieth, Jordan",2024-3,2024-02-10,2024,6,15
510,14,14636,"Spieth, Jordan",2024-14,2024-04-13,2024,61,16
510,12,14636,"Spieth, Jordan",2024-12,2024-04-20,2024,39,17
510,23,14636,"Spieth, Jordan",2024-23,2024-06-08,2024,53,18
510,510,14636,"Spieth, Jordan",2025-3,2025-02-08,2025,4,19
510,14,14636,"Spieth, Jordan",2025-14,2025-04-12,2025,14,20
510,12,14636,"Spieth, Jordan",2025-12,2025-04-19,2025,18,21
510,23,14636,"Spieth, Jordan",2025-23,2025-05-31,2025,7,22
510,510,14636,"Spieth, Jordan",2026-3,2026-02-07,2026,74,23
510,510,5768,"Hoffman, Charley",2021-3,2021-02-06,2021,67,0
510,500,5768,"Hoffman, Charley",2021-7,2021-02-20,2021,52,1
510,12,5768,"Hoffman, Charley",2021-12,2021-04-17,2021,18,2
510,23,5768,"Hoffman, Charley",2021-23,2021-06-05,2021,57,3
510,510,5768,"Hoffman, Charley",2022-3,2022-02-12,2022,67,4
510,500,5768,"Hoffman, Charley",2022-7,2022-02-19,2022,71,5
510,12,5768,"Hoffman, Charley",2022-12,2022-04-16,2022,71,6
510,23,5768,"Hoffman, Charley",2022-23,2022-06-04,2022,71,7
510,510,5768,"Hoffman, Charley",2023-3,2023-02-11,2023,14,8
510,510,5768,"Hoffman, Charley",2024-3,2024-02-10,2024,2,9
510,500,5768,"Hoffman, Charley",2024-7,2024-02-17,2024,50,10
510,510,5768,"Hoffman, Charley",2025-3,2025-02-08,2025,78,11
510,510,5768,"Hoffman, Charley",2026-3,2026-02-07,2026,74,12
510,510,24956,"Blanchet, Chandler",2026-3,2026-02-07,2026,74,0
510,510,22985,"Smotherman, Austin",2023-3,2023-02-11,2023,67,0
510,500,22985,"Smotherman, Austin",2023-7,2023-02-18,2023,68,1
510,12,22985,"Smotherman, Austin",2023-12,2023-04-15,2023,67,2
510,510,22985,"Smotherman, Austin",2026-3,2026-02-07,2026,74,3
510,510,30620,"Chatfield, Davis",2026-3,2026-02-07,2026,74,0
510,510,20722,"Schmid, Matti",2024-3,2024-02-10,2024,74,0
510,510,20722,"Schmid, Matti",2025-3,2025-02-08,2025,78,1
510,23,20722,"Schmid, Matti",2025-23,2025-05-31,2025,58,2
510,510,20722,"Schmid, Matti",2026-3,2026-02-07,2026,74,3
510,510,25475,"Nyholm, Pontus",2026-3,2026-02-07,2026,74,0
510,12,22833,"Echavarria, Nico",2023-12,2023-04-15,2023,74,0
510,23,22833,"Echavarria, Nico",2023-23,2023-06-03,2023,66,1
510,510,22833,"Echavarria, Nico",2024-3,2024-02-10,2024,74,2
510,510,22833,"Echavarria, Nico",2025-3,2025-02-08,2025,78,3
510,14,22833,"Echavarria, Nico",2025-14,2025-04-12,2025,51,4
510,510,22833,"Echavarria, Nico",2026-3,2026-02-07,2026,74,5
510,510,22465,"Penge, Marco",2026-3,2026-02-07,2026,74,0
510,510,11451,"Garnett, Brice",2021-3,2021-02-06,2021,67,0
510,12,11451,"Garnett, Brice",2021-12,2021-04-17,2021,52,1
510,510,11451,"Garnett, Brice",2022-3,2022-02-12,2022,53,2
510,12,11451,"Garnett, Brice",2022-12,2022-04-16,2022,71,3
510,12,11451,"Garnett, Brice",2024-12,2024-04-20,2024,18,4
510,510,11451,"Garnett, Brice",2025-3,2025-02-08,2025,67,5
510,510,11451,"Garnett, Brice",2026-3,2026-02-07,2026,74,6
510,14,27900,"Potgieter, Aldrich",2023-14,2023-04-08,2023,54,0
510,23,27900,"Potgieter, Aldrich",2023-23,2023-06-03,2023,66,1
510,510,27900,"Potgieter, Aldrich",2026-3,2026-02-07,2026,74,2
510,510,19483,"Burns, Sam",2021-3,2021-02-06,2021,22,0
510,500,19483,"Burns, Sam",2021-7,2021-02-20,2021,3,1
510,12,19483,"Burns, Sam",2021-12,2021-04-17,2021,39,2
510,23,19483,"Burns, Sam",2021-23,2021-06-05,2021,50,3
510,510,19483,"Burns, Sam",2022-3,2022-02-12,2022,68,4
510,500,19483,"Burns, Sam",2022-7,2022-02-19,2022,76,5
510,14,19483,"Burns, Sam",2022-14,2022-04-09,2022,53,6
510,510,19483,"Burns, Sam",2023-3,2023-02-11,2023,6,7
510,500,19483,"Burns, Sam",2023-7,2023-02-18,2023,68,8
510,14,19483,"Burns, Sam",2023-14,2023-04-08,2023,29,9
510,12,19483,"Burns, Sam",2023-12,2023-04-15,2023,15,10
510,23,19483,"Burns, Sam",2023-23,2023-06-03,2023,16,11
510,896,19483,"Burns, Sam",2023-28,2023-08-19,2023,15,12
510,510,19483,"Burns, Sam",2024-3,2024-02-10,2024,3,13
510,500,19483,"Burns, Sam",2024-7,2024-02-17,2024,10,14
510,14,19483,"Burns, Sam",2024-14,2024-04-13,2024,61,15
510,12,19483,"Burns, Sam",2024-12,2024-04-20,2024,44,16
510,23,19483,"Burns, Sam",2024-23,2024-06-08,2024,15,17
510,510,19483,"Burns, Sam",2025-3,2025-02-08,2025,49,18
510,14,19483,"Burns, Sam",2025-14,2025-04-12,2025,46,19
510,12,19483,"Burns, Sam",2025-12,2025-04-19,2025,13,20
510,23,19483,"Burns, Sam",2025-23,2025-05-31,2025,12,21
510,510,19483,"Burns, Sam",2026-3,2026-02-07,2026,74,22
510,510,27194,"Hall, Harry",2024-3,2024-02-10,2024,41,0
510,510,27194,"Hall, Harry",2025-3,2025-02-08,2025,78,1
510,510,27194,"Hall, Harry",2026-3,2026-02-07,2026,74,2
510,510,8825,"Harman, Brian",2021-3,2021-02-06,2021,36,0
510,500,8825,"Harman, Brian",2021-7,2021-02-20,2021,43,1
510,14,8825,"Harman, Brian",2021-536,2021-04-10,2021,12,2
510,12,8825,"Harman, Brian",2021-12,2021-04-17,2021,13,3
510,510,8825,"Harman, Brian",2022-3,2022-02-12,2022,14,4
510,14,8825,"Harman, Brian",2022-14,2022-04-09,2022,53,5
510,12,8825,"Harman, Brian",2022-12,2022-04-16,2022,35,6
510,23,8825,"Harman, Brian",2022-23,2022-06-04,2022,18,7
510,510,8825,"Harman, Brian",2023-3,2023-02-11,2023,42,8
510,500,8825,"Harman, Brian",2023-7,2023-02-18,2023,68,9
510,14,8825,"Harman, Brian",2023-14,2023-04-08,2023,54,10
510,12,8825,"Harman, Brian",2023-12,2023-04-15,2023,7,11
510,23,8825,"Harman, Brian",2023-23,2023-06-03,2023,66,12
510,896,8825,"Harman, Brian",2023-28,2023-08-19,2023,5,13
510,510,8825,"Harman, Brian",2024-3,2024-02-10,2024,60,14
510,500,8825,"Harman, Brian",2024-7,2024-02-17,2024,44,15
510,14,8825,"Harman, Brian",2024-14,2024-04-13,2024,61,16
510,12,8825,"Harman, Brian",2024-12,2024-04-20,2024,12,17
510,23,8825,"Harman, Brian",2024-23,2024-06-08,2024,33,18
510,510,8825,"Harman, Brian",2025-3,2025-02-08,2025,25,19
510,14,8825,"Harman, Brian",2025-14,2025-04-12,2025,36,20
510,12,8825,"Harman, Brian",2025-12,2025-04-19,2025,3,21
510,23,8825,"Harman, Brian",2025-23,2025-05-31,2025,58,22
510,510,8825,"Harman, Brian",2026-3,2026-02-07,2026,74,23
510,510,11049,"Simpson, Webb",2021-3,2021-02-06,2021,42,0
510,14,11049,"Simpson, Webb",2021-536,2021-04-10,2021,12,1
510,12,11049,"Simpson, Webb",2021-12,2021-04-17,2021,9,2
510,14,11049,"Simpson, Webb",2022-14,2022-04-09,2022,35,3
510,12,11049,"Simpson, Webb",2022-12,2022-04-16,2022,59,4
510,510,11049,"Simpson, Webb",2023-3,2023-02-11,2023,57,5
510,12,11049,"Simpson, Webb",2023-12,2023-04-15,2023,74,6
510,12,11049,"Simpson, Webb",2024-12,2024-04-20,2024,42,7
510,510,11049,"Simpson, Webb",2025-3,2025-02-08,2025,78,8
510,510,11049,"Simpson, Webb",2026-3,2026-02-07,2026,74,9
510,510,23475,"Novak, Andrew",2024-3,2024-02-10,2024,8,0
510,510,23475,"Novak, Andrew",2025-3,2025-02-08,2025,78,1
510,12,23475,"Novak, Andrew",2025-12,2025-04-19,2025,2,2
510,23,23475,"Novak, Andrew",2025-23,2025-05-31,2025,51,3
510,510,23475,"Novak, Andrew",2026-3,2026-02-07,2026,74,4
510,510,19872,"Riley, Davis",2021-3,2021-02-06,2021,58,0
510,12,19872,"Riley, Davis",2022-12,2022-04-16,2022,71,1
510,23,19872,"Riley, Davis",2022-23,2022-06-04,2022,13,2
510,510,19872,"Riley, Davis",2023-3,2023-02-11,2023,67,3
510,12,19872,"Riley, Davis",2023-12,2023-04-15,2023,74,4
510,23,19872,"Riley, Davis",2023-23,2023-06-03,2023,54,5
510,23,19872,"Riley, Davis",2024-23,2024-06-08,2024,53,6
510,510,19872,"Riley, Davis",2025-3,2025-02-08,2025,78,7
510,14,19872,"Riley, Davis",2025-14,2025-04-12,2025,21,8
510,510,19872,"Riley, Davis",2026-3,2026-02-07,2026,74,9
510,510,19477,"Schenk, Adam",2021-3,2021-02-06,2021,67,0
510,12,19477,"Schenk, Adam",2021-12,2021-04-17,2021,25,1
510,510,19477,"Schenk, Adam",2022-3,2022-02-12,2022,68,2
510,500,19477,"Schenk, Adam",2022-7,2022-02-19,2022,76,3
510,12,19477,"Schenk, Adam",2022-12,2022-04-16,2022,71,4
510,23,19477,"Schenk, Adam",2022-23,2022-06-04,2022,26,5
510,510,19477,"Schenk, Adam",2023-3,2023-02-11,2023,23,6
510,500,19477,"Schenk, Adam",2023-7,2023-02-18,2023,50,7
510,12,19477,"Schenk, Adam",2023-12,2023-04-15,2023,31,8
510,23,19477,"Schenk, Adam",2023-23,2023-06-03,2023,7,9
510,896,19477,"Schenk, Adam",2023-28,2023-08-19,2023,34,10
510,510,19477,"Schenk, Adam",2024-3,2024-02-10,2024,17,11
510,500,19477,"Schenk, Adam",2024-7,2024-02-17,2024,52,12
510,14,19477,"Schenk, Adam",2024-14,2024-04-13,2024,12,13
510,12,19477,"Schenk, Adam",2024-12,2024-04-20,2024,49,14
510,23,19477,"Schenk, Adam",2024-23,2024-06-08,2024,53,15
510,510,19477,"Schenk, Adam",2025-3,2025-02-08,2025,25,16
510,14,19477,"Schenk, Adam",2025-14,2025-04-12,2025,53,17
510,510,19477,"Schenk, Adam",2026-3,2026-02-07,2026,74,18
510,510,25003,"Walker, Danny",2026-3,2026-02-07,2026,74,0
510,12,17032,"Tosti, Alejandro",2024-12,2024-04-20,2024,33,0
510,510,17032,"Tosti, Alejandro",2026-3,2026-02-07,2026,74,1
510,23,21756,"Cole, Eric",2023-23,2023-06-03,2023,24,0
510,896,21756,"Cole, Eric",2023-28,2023-08-19,2023,25,1
510,510,21756,"Cole, Eric",2024-3,2024-02-10,2024,49,2
510,500,21756,"Cole, Eric",2024-7,2024-02-17,2024,10,3
510,14,21756,"Cole, Eric",2024-14,2024-04-13,2024,52,4
510,12,21756,"Cole, Eric",2024-12,2024-04-20,2024,33,5
510,23,21756,"Cole, Eric",2024-23,2024-06-08,2024,45,6
510,510,21756,"Cole, Eric",2025-3,2025-02-08,2025,78,7
510,12,21756,"Cole, Eric",2025-12,2025-04-19,2025,18,8
510,23,21756,"Cole, Eric",2025-23,2025-05-31,2025,44,9
510,510,21756,"Cole, Eric",2026-3,2026-02-07,2026,74,10
510,510,29770,"Mouw, William",2026-3,2026-02-07,2026,74,0
510,510,31585,"Avant, Thomas",2026-3,2026-02-07,2026,74,0
510,510,19428,"Zalatoris, Will",2021-3,2021-02-06,2021,17,0
510,500,19428,"Zalatoris, Will",2021-7,2021-02-20,2021,15,1
510,14,19428,"Zalatoris, Will",2021-536,2021-04-10,2021,2,2
510,12,19428,"Zalatoris, Will",2021-12,2021-04-17,2021,42,3
510,500,19428,"Zalatoris, Will",2022-7,2022-02-19,2022,26,4
510,14,19428,"Zalatoris, Will",2022-14,2022-04-09,2022,6,5
510,23,19428,"Zalatoris, Will",2022-23,2022-06-04,2022,5,6
510,500,19428,"Zalatoris, Will",2023-7,2023-02-18,2023,4,7
510,500,19428,"Zalatoris, Will",2024-7,2024-02-17,2024,2,8
510,14,19428,"Zalatoris, Will",2024-14,2024-04-13,2024,9,9
510,12,19428,"Zalatoris, Will",2024-12,2024-04-20,2024,44,10
510,23,19428,"Zalatoris, Will",2024-23,2024-06-08,2024,41,11
510,14,19428,"Zalatoris, Will",2025-14,2025-04-12,2025,53,12
510,12,19428,"Zalatoris, Will",2025-12,2025-04-19,2025,54,13
510,510,7960,"List, Luke",2021-3,2021-02-06,2021,30,0
510,500,7960,"List, Luke",2021-7,2021-02-20,2021,68,1
510,12,7960,"List, Luke",2021-12,2021-04-17,2021,58,2
510,23,7960,"List, Luke",2021-23,2021-06-05,2021,69,3
510,510,7960,"List, Luke",2022-3,2022-02-12,2022,53,4
510,500,7960,"List, Luke",2022-7,2022-02-19,2022,76,5
510,14,7960,"List, Luke",2022-14,2022-04-09,2022,53,6
510,12,7960,"List, Luke",2022-12,2022-04-16,2022,71,7
510,23,7960,"List, Luke",2022-23,2022-06-04,2022,26,8
510,510,7960,"List, Luke",2023-3,2023-02-11,2023,67,9
510,500,7960,"List, Luke",2023-7,2023-02-18,2023,29,10
510,12,7960,"List, Luke",2023-12,2023-04-15,2023,74,11
510,23,7960,"List, Luke",2023-23,2023-06-03,2023,16,12
510,510,7960,"List, Luke",2024-3,2024-02-10,2024,74,13
510,500,7960,"List, Luke",2024-7,2024-02-17,2024,2,14
510,14,7960,"List, Luke",2024-14,2024-04-13,2024,38,15
510,510,7960,"List, Luke",2025-3,2025-02-08,2025,36,16
510,510,13965,"Hadwin, Adam",2021-3,2021-02-06,2021,50,0
510,500,13965,"Hadwin, Adam",2021-7,2021-02-20,2021,26,1
510,12,13965,"Hadwin, Adam",2021-12,2021-04-17,2021,66,2
510,23,13965,"Hadwin, Adam",2021-23,2021-06-05,2021,69,3
510,510,13965,"Hadwin, Adam",2022-3,2022-02-12,2022,26,4
510,500,13965,"Hadwin, Adam",2022-7,2022-02-19,2022,76,5
510,12,13965,"Hadwin, Adam",2022-12,2022-04-16,2022,26,6
510,23,13965,"Hadwin, Adam",2022-23,2022-06-04,2022,18,7
510,510,13965,"Hadwin, Adam",2023-3,2023-02-11,2023,10,8
510,500,13965,"Hadwin, Adam",2023-7,2023-02-18,2023,66,9
510,12,13965,"Hadwin, Adam",2023-12,2023-04-15,2023,74,10
510,23,13965,"Hadwin, Adam",2023-23,2023-06-03,2023,66,11
510,896,13965,"Hadwin, Adam",2023-28,2023-08-19,2023,44,12
510,510,13965,"Hadwin, Adam",2024-3,2024-02-10,2024,74,13
510,500,13965,"Hadwin, Adam",2024-7,2024-02-17,2024,4,14
510,14,13965,"Hadwin, Adam",2024-14,2024-04-13,2024,53,15
510,12,13965,"Hadwin, Adam",2024-12,2024-04-20,2024,42,16
510,23,13965,"Hadwin, Adam",2024-23,2024-06-08,2024,3,17
510,510,13965,"Hadwin, Adam",2025-3,2025-02-08,2025,9,18
510,12,13965,"Hadwin, Adam",2025-12,2025-04-19,2025,61,19
510,23,13965,"Hadwin, Adam",2025-23,2025-05-31,2025,51,20
510,500,15466,"Cantlay, Patrick",2021-7,2021-02-20,2021,15,0
510,14,15466,"Cantlay, Patrick",2021-536,2021-04-10,2021,55,1
510,12,15466,"Cantlay, Patrick",2021-12,2021-04-17,2021,66,2
510,23,15466,"Cantlay, Patrick",2021-23,2021-06-05,2021,1,3
510,510,15466,"Cantlay, Patrick",2022-3,2022-02-12,2022,2,4
510,500,15466,"Cantlay, Patrick",2022-7,2022-02-19,2022,33,5
510,14,15466,"Cantlay, Patrick",2022-14,2022-04-09,2022,39,6
510,12,15466,"Cantlay, Patrick",2022-12,2022-04-16,2022,2,7
510,23,15466,"Cantlay, Patrick",2022-23,2022-06-04,2022,3,8
510,510,15466,"Cantlay, Patrick",2023-3,2023-02-11,2023,67,9
510,500,15466,"Cantlay, Patrick",2023-7,2023-02-18,2023,3,10
510,14,15466,"Cantlay, Patrick",2023-14,2023-04-08,2023,14,11
510,12,15466,"Cantlay, Patrick",2023-12,2023-04-15,2023,3,12
510,23,15466,"Cantlay, Patrick",2023-23,2023-06-03,2023,30,13
510,896,15466,"Cantlay, Patrick",2023-28,2023-08-19,2023,15,14
510,500,15466,"Cantlay, Patrick",2024-7,2024-02-17,2024,4,15
510,14,15466,"Cantlay, Patrick",2024-14,2024-04-13,2024,22,16
510,12,15466,"Cantlay, Patrick",2024-12,2024-04-20,2024,3,17
510,23,15466,"Cantlay, Patrick",2024-23,2024-06-08,2024,53,18
510,14,15466,"Cantlay, Patrick",2025-14,2025-04-12,2025,36,19
510,12,15466,"Cantlay, Patrick",2025-12,2025-04-19,2025,13,20
510,23,15466,"Cantlay, Patrick",2025-23,2025-05-31,2025,12,21
510,510,9771,"Day, Jason",2021-3,2021-02-06,2021,67,0
510,14,9771,"Day, Jason",2021-536,2021-04-10,2021,55,1
510,23,9771,"Day, Jason",2022-23,2022-06-04,2022,31,2
510,510,9771,"Day, Jason",2023-3,2023-02-11,2023,5,3
510,500,9771,"Day, Jason",2023-7,2023-02-18,2023,9,4
510,14,9771,"Day, Jason",2023-14,2023-04-08,2023,39,5
510,23,9771,"Day, Jason",2023-23,2023-06-03,2023,66,6
510,896,9771,"Day, Jason",2023-28,2023-08-19,2023,45,7
510,500,9771,"Day, Jason",2024-7,2024-02-17,2024,9,8
510,14,9771,"Day, Jason",2024-14,2024-04-13,2024,30,9
510,12,9771,"Day, Jason",2024-12,2024-04-20,2024,18,10
510,23,9771,"Day, Jason",2024-23,2024-06-08,2024,33,11
510,14,9771,"Day, Jason",2025-14,2025-04-12,2025,8,12
510,12,9771,"Day, Jason",2025-12,2025-04-19,2025,49,13
510,14,12294,"Fleetwood, Tommy",2021-536,2021-04-10,2021,46,0
510,12,12294,"Fleetwood, Tommy",2021-12,2021-04-17,2021,66,1
510,14,12294,"Fleetwood, Tommy",2022-14,2022-04-09,2022,14,2
510,12,12294,"Fleetwood, Tommy",2022-12,2022-04-16,2022,10,3
510,510,12294,"Fleetwood, Tommy",2023-3,2023-02-11,2023,67,4
510,500,12294,"Fleetwood, Tommy",2023-7,2023-02-18,2023,20,5
510,14,12294,"Fleetwood, Tommy",2023-14,2023-04-08,2023,33,6
510,12,12294,"Fleetwood, Tommy",2023-12,2023-04-15,2023,15,7
510,896,12294,"Fleetwood, Tommy",2023-28,2023-08-19,2023,25,8
510,500,12294,"Fleetwood, Tommy",2024-7,2024-02-17,2024,10,9
510,14,12294,"Fleetwood, Tommy",2024-14,2024-04-13,2024,3,10
510,12,12294,"Fleetwood, Tommy",2024-12,2024-04-20,2024,49,11
510,23,12294,"Fleetwood, Tommy",2024-23,2024-06-08,2024,20,12
510,14,12294,"Fleetwood, Tommy",2025-14,2025-04-12,2025,21,13
510,12,12294,"Fleetwood, Tommy",2025-12,2025-04-19,2025,7,14
510,23,12294,"Fleetwood, Tommy",2025-23,2025-05-31,2025,16,15
510,12,13997,"Svensson, Adam",2022-12,2022-04-16,2022,26,0
510,23,13997,"Svensson, Adam",2022-23,2022-06-04,2022,45,1
510,510,13997,"Svensson, Adam",2023-3,2023-02-11,2023,67,2
510,500,13997,"Svensson, Adam",2023-7,2023-02-18,2023,9,3
510,14,13997,"Svensson, Adam",2023-14,2023-04-08,2023,54,4
510,12,13997,"Svensson, Adam",2023-12,2023-04-15,2023,41,5
510,23,13997,"Svensson, Adam",2023-23,2023-06-03,2023,66,6
510,896,13997,"Svensson, Adam",2023-28,2023-08-19,2023,15,7
510,510,13997,"Svensson, Adam",2024-3,2024-02-10,2024,74,8
510,500,13997,"Svensson, Adam",2024-7,2024-02-17,2024,10,9
510,12,13997,"Svensson, Adam",2024-12,2024-04-20,2024,44,10
510,23,13997,"Svensson, Adam",2024-23,2024-06-08,2024,27,11
510,510,13997,"Svensson, Adam",2025-3,2025-02-08,2025,36,12
510,510,14459,"An, Byeong Hun",2021-3,2021-02-06,2021,53,0
510,12,14459,"An, Byeong Hun",2021-12,2021-04-17,2021,66,1
510,23,14459,"An, Byeong Hun",2021-23,2021-06-05,2021,69,2
510,23,14459,"An, Byeong Hun",2023-23,2023-06-03,2023,24,3
510,896,14459,"An, Byeong Hun",2023-28,2023-08-19,2023,43,4
510,510,14459,"An, Byeong Hun",2024-3,2024-02-10,2024,66,5
510,500,14459,"An, Byeong Hun",2024-7,2024-02-17,2024,16,6
510,14,14459,"An, Byeong Hun",2024-14,2024-04-13,2024,16,7
510,12,14459,"An, Byeong Hun",2024-12,2024-04-20,2024,67,8
510,23,14459,"An, Byeong Hun",2024-23,2024-06-08,2024,22,9
510,510,14459,"An, Byeong Hun",2025-3,2025-02-08,2025,73,10
510,14,14459,"An, Byeong Hun",2025-14,2025-04-12,2025,21,11
510,12,14459,"An, Byeong Hun",2025-12,2025-04-19,2025,38,12
510,23,14459,"An, Byeong Hun",2025-23,2025-05-31,2025,58,13
510,500,6430,"Scott, Adam",2021-7,2021-02-20,2021,38,0
510,14,6430,"Scott, Adam",2021-536,2021-04-10,2021,54,1
510,23,6430,"Scott, Adam",2021-23,2021-06-05,2021,16,2
510,510,6430,"Scott, Adam",2022-3,2022-02-12,2022,38,3
510,500,6430,"Scott, Adam",2022-7,2022-02-19,2022,4,4
510,14,6430,"Scott, Adam",2022-14,2022-04-09,2022,48,5
510,23,6430,"Scott, Adam",2022-23,2022-06-04,2022,67,6
510,500,6430,"Scott, Adam",2023-7,2023-02-18,2023,65,7
510,14,6430,"Scott, Adam",2023-14,2023-04-08,2023,39,8
510,12,6430,"Scott, Adam",2023-12,2023-04-15,2023,31,9
510,23,6430,"Scott, Adam",2023-23,2023-06-03,2023,9,10
510,510,6430,"Scott, Adam",2024-3,2024-02-10,2024,8,11
510,500,6430,"Scott, Adam",2024-7,2024-02-17,2024,19,12
510,14,6430,"Scott, Adam",2024-14,2024-04-13,2024,22,13
510,14,6430,"Scott, Adam",2025-14,2025-04-12,2025,53,14
510,12,6430,"Scott, Adam",2025-12,2025-04-19,2025,49,15
510,23,6430,"Scott, Adam",2025-23,2025-05-31,2025,31,16
510,500,23950,"Aberg, Ludvig",2024-7,2024-02-17,2024,19,0
510,14,23950,"Aberg, Ludvig",2024-14,2024-04-13,2024,2,1
510,12,23950,"Aberg, Ludvig",2024-12,2024-04-20,2024,10,2
510,23,23950,"Aberg, Ludvig",2024-23,2024-06-08,2024,5,3
510,14,23950,"Aberg, Ludvig",2025-14,2025-04-12,2025,7,4
510,12,23950,"Aberg, Ludvig",2025-12,2025-04-19,2025,54,5
510,23,23950,"Aberg, Ludvig",2025-23,2025-05-31,2025,16,6
510,510,10091,"McIlroy, Rory",2021-3,2021-02-06,2021,13,0
510,500,10091,"McIlroy, Rory",2021-7,2021-02-20,2021,68,1
510,14,10091,"McIlroy, Rory",2021-536,2021-04-10,2021,55,2
510,23,10091,"McIlroy, Rory",2021-23,2021-06-05,2021,18,3
510,500,10091,"McIlroy, Rory",2022-7,2022-02-19,2022,10,4
510,14,10091,"McIlroy, Rory",2022-14,2022-04-09,2022,2,5
510,23,10091,"McIlroy, Rory",2022-23,2022-06-04,2022,18,6
510,510,10091,"McIlroy, Rory",2023-3,2023-02-11,2023,32,7
510,500,10091,"McIlroy, Rory",2023-7,2023-02-18,2023,29,8
510,14,10091,"McIlroy, Rory",2023-14,2023-04-08,2023,54,9
510,23,10091,"McIlroy, Rory",2023-23,2023-06-03,2023,7,10
510,896,10091,"McIlroy, Rory",2023-28,2023-08-19,2023,4,11
510,500,10091,"McIlroy, Rory",2024-7,2024-02-17,2024,24,12
510,14,10091,"McIlroy, Rory",2024-14,2024-04-13,2024,22,13
510,12,10091,"McIlroy, Rory",2024-12,2024-04-20,2024,33,14
510,23,10091,"McIlroy, Rory",2024-23,2024-06-08,2024,15,15
510,14,10091,"McIlroy, Rory",2025-14,2025-04-12,2025,1,16
510,500,25157,"Hodges, Lee",2022-7,2022-02-19,2022,39,0
510,510,25157,"Hodges, Lee",2023-3,2023-02-11,2023,67,1
510,500,25157,"Hodges, Lee",2023-7,2023-02-18,2023,18,2
510,12,25157,"Hodges, Lee",2023-12,2023-04-15,2023,41,3
510,23,25157,"Hodges, Lee",2023-23,2023-06-03,2023,12,4
510,896,25157,"Hodges, Lee",2023-28,2023-08-19,2023,45,5
510,510,25157,"Hodges, Lee",2024-3,2024-02-10,2024,74,6
510,500,25157,"Hodges, Lee",2024-7,2024-02-17,2024,24,7
510,14,25157,"Hodges, Lee",2024-14,2024-04-13,2024,61,8
510,12,25157,"Hodges, Lee",2024-12,2024-04-20,2024,58,9
510,23,25157,"Hodges, Lee",2024-23,2024-06-08,2024,45,10
510,510,25157,"Hodges, Lee",2025-3,2025-02-08,2025,57,11
510,510,14578,"Henley, Russell",2021-3,2021-02-06,2021,30,0
510,500,14578,"Henley, Russell",2021-7,2021-02-20,2021,38,1
510,12,14578,"Henley, Russell",2021-12,2021-04-17,2021,9,2
510,23,14578,"Henley, Russell",2021-23,2021-06-05,2021,69,3
510,510,14578,"Henley, Russell",2022-3,2022-02-12,2022,33,4
510,500,14578,"Henley, Russell",2022-7,2022-02-19,2022,33,5
510,14,14578,"Henley, Russell",2022-14,2022-04-09,2022,30,6
510,12,14578,"Henley, Russell",2022-12,2022-04-16,2022,71,7
510,510,14578,"Henley, Russell",2023-3,2023-02-11,2023,67,8
510,500,14578,"Henley, Russell",2023-7,2023-02-18,2023,68,9
510,14,14578,"Henley, Russell",2023-14,2023-04-08,2023,4,10
510,12,14578,"Henley, Russell",2023-12,2023-04-15,2023,19,11
510,23,14578,"Henley, Russell",2023-23,2023-06-03,2023,16,12
510,896,14578,"Henley, Russell",2023-28,2023-08-19,2023,8,13
510,500,14578,"Henley, Russell",2024-7,2024-02-17,2024,24,14
510,14,14578,"Henley, Russell",2024-14,2024-04-13,2024,38,15
510,12,14578,"Henley, Russell",2024-12,2024-04-20,2024,12,16
510,23,14578,"Henley, Russell",2024-23,2024-06-08,2024,27,17
510,14,14578,"Henley, Russell",2025-14,2025-04-12,2025,53,18
510,12,14578,"Henley, Russell",2025-12,2025-04-19,2025,8,19
510,23,14578,"Henley, Russell",2025-23,2025-05-31,2025,5,20
510,510,15470,"Hossler, Beau",2021-3,2021-02-06,2021,67,0
510,12,15470,"Hossler, Beau",2021-12,2021-04-17,2021,66,1
510,510,15470,"Hossler, Beau",2022-3,2022-02-12,2022,68,2
510,500,15470,"Hossler, Beau",2022-7,2022-02-19,2022,48,3
510,12,15470,"Hossler, Beau",2022-12,2022-04-16,2022,71,4
510,23,15470,"Hossler, Beau",2022-23,2022-06-04,2022,32,5
510,510,15470,"Hossler, Beau",2023-3,2023-02-11,2023,14,6
510,500,15470,"Hossler, Beau",2023-7,2023-02-18,2023,68,7
510,12,15470,"Hossler, Beau",2023-12,2023-04-15,2023,31,8
510,23,15470,"Hossler, Beau",2023-23,2023-06-03,2023,24,9
510,510,15470,"Hossler, Beau",2024-3,2024-02-10,2024,41,10
510,500,15470,"Hossler, Beau",2024-7,2024-02-17,2024,24,11
510,510,15470,"Hossler, Beau",2025-3,2025-02-08,2025,32,12
510,510,10104,"Power, Seamus",2022-3,2022-02-12,2022,68,0
510,500,10104,"Power, Seamus",2022-7,2022-02-19,2022,76,1
510,14,10104,"Power, Seamus",2022-14,2022-04-09,2022,27,2
510,23,10104,"Power, Seamus",2022-23,2022-06-04,2022,71,3
510,510,10104,"Power, Seamus",2023-3,2023-02-11,2023,20,4
510,500,10104,"Power, Seamus",2023-7,2023-02-18,2023,14,5
510,14,10104,"Power, Seamus",2023-14,2023-04-08,2023,46,6
510,12,10104,"Power, Seamus",2023-12,2023-04-15,2023,74,7
510,23,10104,"Power, Seamus",2023-23,2023-06-03,2023,41,8
510,896,10104,"Power, Seamus",2023-28,2023-08-19,2023,48,9
510,510,10104,"Power, Seamus",2024-3,2024-02-10,2024,66,10
510,500,10104,"Power, Seamus",2024-7,2024-02-17,2024,31,11
510,12,10104,"Power, Seamus",2024-12,2024-04-20,2024,12,12
510,23,10104,"Power, Seamus",2024-23,2024-06-08,2024,27,13
510,510,10104,"Power, Seamus",2025-3,2025-02-08,2025,36,14
510,510,12425,"Todd, Brendon",2021-3,2021-02-06,2021,22,0
510,500,12425,"Todd, Brendon",2021-7,2021-02-20,2021,68,1
510,14,12425,"Todd, Brendon",2021-536,2021-04-10,2021,46,2
510,12,12425,"Todd, Brendon",2021-12,2021-04-17,2021,39,3
510,23,12425,"Todd, Brendon",2021-23,2021-06-05,2021,53,4
510,510,12425,"Todd, Brendon",2022-3,2022-02-12,2022,26,5
510,12,12425,"Todd, Brendon",2022-12,2022-04-16,2022,26,6
510,510,12425,"Todd, Brendon",2023-3,2023-02-11,2023,67,7
510,500,12425,"Todd, Brendon",2023-7,2023-02-18,2023,68,8
510,12,12425,"Todd, Brendon",2023-12,2023-04-15,2023,51,9
510,896,12425,"Todd, Brendon",2023-28,2023-08-19,2023,41,10
510,510,12425,"Todd, Brendon",2024-3,2024-02-10,2024,22,11
510,500,12425,"Todd, Brendon",2024-7,2024-02-17,2024,31,12
510,12,12425,"Todd, Brendon",2024-12,2024-04-20,2024,58,13
510,23,12425,"Todd, Brendon",2024-23,2024-06-08,2024,53,14
510,510,12425,"Todd, Brendon",2025-3,2025-02-08,2025,78,15
510,500,21944,"Moore, Taylor",2022-7,2022-02-19,2022,21,0
510,23,21944,"Moore, Taylor",2022-23,2022-06-04,2022,71,1
510,510,21944,"Moore, Taylor",2023-3,2023-02-11,2023,14,2
510,500,21944,"Moore, Taylor",2023-7,2023-02-18,2023,68,3
510,14,21944,"Moore, Taylor",2023-14,2023-04-08,2023,39,4
510,12,21944,"Moore, Taylor",2023-12,2023-04-15,2023,11,5
510,896,21944,"Moore, Taylor",2023-28,2023-08-19,2023,49,6
510,510,21944,"Moore, Taylor",2024-3,2024-02-10,2024,39,7
510,500,21944,"Moore, Taylor",2024-7,2024-02-17,2024,31,8
510,14,21944,"Moore, Taylor",2024-14,2024-04-13,2024,20,9
510,12,21944,"Moore, Taylor",2024-12,2024-04-20,2024,58,10
510,23,21944,"Moore, Taylor",2024-23,2024-06-08,2024,53,11
510,510,21944,"Moore, Taylor",2025-3,2025-02-08,2025,9,12
510,510,7399,"Glover, Lucas",2021-3,2021-02-06,2021,58,0
510,500,7399,"Glover, Lucas",2021-7,2021-02-20,2021,68,1
510,12,7399,"Glover, Lucas",2021-12,2021-04-17,2021,33,2
510,23,7399,"Glover, Lucas",2021-23,2021-06-05,2021,37,3
510,510,7399,"Glover, Lucas",2022-3,2022-02-12,2022,37,4
510,14,7399,"Glover, Lucas",2022-14,2022-04-09,2022,30,5
510,12,7399,"Glover, Lucas",2022-12,2022-04-16,2022,48,6
510,23,7399,"Glover, Lucas",2022-23,2022-06-04,2022,60,7
510,510,7399,"Glover, Lucas",2023-3,2023-02-11,2023,39,8
510,500,7399,"Glover, Lucas",2023-7,2023-02-18,2023,68,9
510,12,7399,"Glover, Lucas",2023-12,2023-04-15,2023,74,10
510,23,7399,"Glover, Lucas",2023-23,2023-06-03,2023,66,11
510,896,7399,"Glover, Lucas",2023-28,2023-08-19,2023,22,12
510,500,7399,"Glover, Lucas",2024-7,2024-02-17,2024,35,13
510,14,7399,"Glover, Lucas",2024-14,2024-04-13,2024,20,14
510,12,7399,"Glover, Lucas",2024-12,2024-04-20,2024,33,15
510,23,7399,"Glover, Lucas",2024-23,2024-06-08,2024,53,16
510,510,7399,"Glover, Lucas",2025-3,2025-02-08,2025,78,17
510,14,7399,"Glover, Lucas",2025-14,2025-04-12,2025,53,18
510,12,7399,"Glover, Lucas",2025-12,2025-04-19,2025,61,19
510,23,7399,"Glover, Lucas",2025-23,2025-05-31,2025,58,20
510,510,19870,"McCarthy, Denny",2021-3,2021-02-06,2021,67,0
510,500,19870,"McCarthy, Denny",2021-7,2021-02-20,2021,68,1
510,12,19870,"McCarthy, Denny",2021-12,2021-04-17,2021,13,2
510,23,19870,"McCarthy, Denny",2021-23,2021-06-05,2021,69,3
510,510,19870,"McCarthy, Denny",2022-3,2022-02-12,2022,68,4
510,12,19870,"McCarthy, Denny",2022-12,2022-04-16,2022,56,5
510,23,19870,"McCarthy, Denny",2022-23,2022-06-04,2022,5,6
510,510,19870,"McCarthy, Denny",2023-3,2023-02-11,2023,67,7
510,500,19870,"McCarthy, Denny",2023-7,2023-02-18,2023,14,8
510,12,19870,"McCarthy, Denny",2023-12,2023-04-15,2023,25,9
510,23,19870,"McCarthy, Denny",2023-23,2023-06-03,2023,2,10
510,896,19870,"McCarthy, Denny",2023-28,2023-08-19,2023,10,11
510,510,19870,"McCarthy, Denny",2024-3,2024-02-10,2024,22,12
510,500,19870,"McCarthy, Denny",2024-7,2024-02-17,2024,39,13
510,14,19870,"McCarthy, Denny",2024-14,2024-04-13,2024,45,14
510,12,19870,"McCarthy, Denny",2024-12,2024-04-20,2024,28,15
510,23,19870,"McCarthy, Denny",2024-23,2024-06-08,2024,39,16
510,510,19870,"McCarthy, Denny",2025-3,2025-02-08,2025,16,17
510,14,19870,"McCarthy, Denny",2025-14,2025-04-12,2025,29,18
510,12,19870,"McCarthy, Denny",2025-12,2025-04-19,2025,49,19
510,23,19870,"McCarthy, Denny",2025-23,2025-05-31,2025,55,20
510,510,17488,"Im, Sungjae",2021-3,2021-02-06,2021,17,0
510,14,17488,"Im, Sungjae",2021-536,2021-04-10,2021,55,1
510,12,17488,"Im, Sungjae",2021-12,2021-04-17,2021,13,2
510,23,17488,"Im, Sungjae",2021-23,2021-06-05,2021,69,3
510,500,17488,"Im, Sungjae",2022-7,2022-02-19,2022,33,4
510,14,17488,"Im, Sungjae",2022-14,2022-04-09,2022,8,5
510,12,17488,"Im, Sungjae",2022-12,2022-04-16,2022,21,6
510,23,17488,"Im, Sungjae",2022-23,2022-06-04,2022,10,7
510,510,17488,"Im, Sungjae",2023-3,2023-02-11,2023,6,8
510,500,17488,"Im, Sungjae",2023-7,2023-02-18,2023,56,9
510,14,17488,"Im, Sungjae",2023-14,2023-04-08,2023,16,10
510,12,17488,"Im, Sungjae",2023-12,2023-04-15,2023,7,11
510,23,17488,"Im, Sungjae",2023-23,2023-06-03,2023,41,12
510,896,17488,"Im, Sungjae",2023-28,2023-08-19,2023,7,13
510,510,17488,"Im, Sungjae",2024-3,2024-02-10,2024,66,14
510,500,17488,"Im, Sungjae",2024-7,2024-02-17,2024,44,15
510,14,17488,"Im, Sungjae",2024-14,2024-04-13,2024,61,16
510,12,17488,"Im, Sungjae",2024-12,2024-04-20,2024,12,17
510,23,17488,"Im, Sungjae",2024-23,2024-06-08,2024,8,18
510,510,17488,"Im, Sungjae",2025-3,2025-02-08,2025,57,19
510,14,17488,"Im, Sungjae",2025-14,2025-04-12,2025,5,20
510,12,17488,"Im, Sungjae",2025-12,2025-04-19,2025,11,21
510,23,17488,"Im, Sungjae",2025-23,2025-05-31,2025,16,22
510,510,14704,"Putnam, Andrew",2021-3,2021-02-06,2021,7,0
510,500,14704,"Putnam, Andrew",2021-7,2021-02-20,2021,32,1
510,12,14704,"Putnam, Andrew",2021-12,2021-04-17,2021,66,2
510,510,14704,"Putnam, Andrew",2022-3,2022-02-12,2022,68,3
510,500,14704,"Putnam, Andrew",2022-7,2022-02-19,2022,48,4
510,12,14704,"Putnam, Andrew",2022-12,2022-04-16,2022,71,5
510,23,14704,"Putnam, Andrew",2022-23,2022-06-04,2022,71,6
510,510,14704,"Putnam, Andrew",2023-3,2023-02-11,2023,67,7
510,500,14704,"Putnam, Andrew",2023-7,2023-02-18,2023,68,8
510,12,14704,"Putnam, Andrew",2023-12,2023-04-15,2023,59,9
510,23,14704,"Putnam, Andrew",2023-23,2023-06-03,2023,5,10
510,896,14704,"Putnam, Andrew",2023-28,2023-08-19,2023,10,11
510,510,14704,"Putnam, Andrew",2024-3,2024-02-10,2024,74,12
510,500,14704,"Putnam, Andrew",2024-7,2024-02-17,2024,44,13
510,12,14704,"Putnam, Andrew",2024-12,2024-04-20,2024,18,14
510,23,14704,"Putnam, Andrew",2024-23,2024-06-08,2024,45,15
510,510,14704,"Putnam, Andrew",2025-3,2025-02-08,2025,25,16
510,23,25334,"Johnson, Chase",2021-23,2021-06-05,2021,69,0
510,500,25334,"Johnson, Chase",2024-7,2024-02-17,2024,51,1
510,500,17536,"Spaun, J.J.",2022-7,2022-02-19,2022,76,0
510,14,17536,"Spaun, J.J.",2022-14,2022-04-09,2022,23,1
510,12,17536,"Spaun, J.J.",2022-12,2022-04-16,2022,71,2
510,510,17536,"Spaun, J.J.",2023-3,2023-02-11,2023,67,3
510,500,17536,"Spaun, J.J.",2023-7,2023-02-18,2023,33,4
510,12,17536,"Spaun, J.J.",2023-12,2023-04-15,2023,74,5
510,23,17536,"Spaun, J.J.",2023-23,2023-06-03,2023,30,6
510,510,17536,"Spaun, J.J.",2024-3,2024-02-10,2024,74,7
510,500,17536,"Spaun, J.J.",2024-7,2024-02-17,2024,52,8
510,14,17536,"Spaun, J.J.",2025-14,2025-04-12,2025,50,9
510,12,17536,"Spaun, J.J.",2025-12,2025-04-19,2025,42,10
510,23,17536,"Spaun, J.J.",2025-23,2025-05-31,2025,58,11
510,510,13872,"Bradley, Keegan",2021-3,2021-02-06,2021,22,0
510,500,13872,"Bradley, Keegan",2021-7,2021-02-20,2021,60,1
510,23,13872,"Bradley, Keegan",2021-23,2021-06-05,2021,69,2
510,510,13872,"Bradley, Keegan",2022-3,2022-02-12,2022,26,3
510,500,13872,"Bradley, Keegan",2022-7,2022-02-19,2022,48,4
510,23,13872,"Bradley, Keegan",2022-23,2022-06-04,2022,37,5
510,510,13872,"Bradley, Keegan",2023-3,2023-02-11,2023,20,6
510,500,13872,"Bradley, Keegan",2023-7,2023-02-18,2023,68,7
510,14,13872,"Bradley, Keegan",2023-14,2023-04-08,2023,23,8
510,12,13872,"Bradley, Keegan",2023-12,2023-04-15,2023,48,9
510,23,13872,"Bradley, Keegan",2023-23,2023-06-03,2023,30,10
510,896,13872,"Bradley, Keegan",2023-28,2023-08-19,2023,29,11
510,500,13872,"Bradley, Keegan",2024-7,2024-02-17,2024,52,12
510,14,13872,"Bradley, Keegan",2024-14,2024-04-13,2024,22,13
510,12,13872,"Bradley, Keegan",2024-12,2024-04-20,2024,55,14
510,23,13872,"Bradley, Keegan",2024-23,2024-06-08,2024,43,15
510,14,13872,"Bradley, Keegan",2025-14,2025-04-12,2025,53,16
510,12,13872,"Bradley, Keegan",2025-12,2025-04-19,2025,18,17
510,23,13872,"Bradley, Keegan",2025-23,2025-05-31,2025,7,18
510,510,6169,"Kuchar, Matt",2021-3,2021-02-06,2021,42,0
510,500,6169,"Kuchar, Matt",2021-7,2021-02-20,2021,68,1
510,14,6169,"Kuchar, Matt",2021-536,2021-04-10,2021,55,2
510,12,6169,"Kuchar, Matt",2021-12,2021-04-17,2021,18,3
510,510,6169,"Kuchar, Matt",2022-3,2022-02-12,2022,68,4
510,500,6169,"Kuchar, Matt",2022-7,2022-02-19,2022,67,5
510,12,6169,"Kuchar, Matt",2022-12,2022-04-16,2022,3,6
510,23,6169,"Kuchar, Matt",2022-23,2022-06-04,2022,45,7
510,510,6169,"Kuchar, Matt",2023-3,2023-02-11,2023,32,8
510,500,6169,"Kuchar, Matt",2023-7,2023-02-18,2023,8,9
510,12,6169,"Kuchar, Matt",2023-12,2023-04-15,2023,19,10
510,23,6169,"Kuchar, Matt",2023-23,2023-06-03,2023,62,11
510,510,6169,"Kuchar, Matt",2024-3,2024-02-10,2024,74,12
510,500,6169,"Kuchar, Matt",2024-7,2024-02-17,2024,52,13
510,23,6169,"Kuchar, Matt",2024-23,2024-06-08,2024,33,14
510,12,6169,"Kuchar, Matt",2025-12,2025-04-19,2025,32,15
510,23,6169,"Kuchar, Matt",2025-23,2025-05-31,2025,25,16
510,500,28270,"Dunlap, Nick",2024-7,2024-02-17,2024,52,0
510,14,28270,"Dunlap, Nick",2024-14,2024-04-13,2024,61,1
510,12,28270,"Dunlap, Nick",2024-12,2024-04-20,2024,69,2
510,23,28270,"Dunlap, Nick",2024-23,2024-06-08,2024,12,3
510,510,28270,"Dunlap, Nick",2025-3,2025-02-08,2025,57,4
510,14,28270,"Dunlap, Nick",2025-14,2025-04-12,2025,53,5
510,12,28270,"Dunlap, Nick",2025-12,2025-04-19,2025,71,6
510,23,28270,"Dunlap, Nick",2025-23,2025-05-31,2025,44,7
510,510,14139,"Thomas, Justin",2021-3,2021-02-06,2021,13,0
510,500,14139,"Thomas, Justin",2021-7,2021-02-20,2021,68,1
510,14,14139,"Thomas, Justin",2021-536,2021-04-10,2021,21,2
510,23,14139,"Thomas, Justin",2021-23,2021-06-05,2021,42,3
510,510,14139,"Thomas, Justin",2022-3,2022-02-12,2022,8,4
510,500,14139,"Thomas, Justin",2022-7,2022-02-19,2022,6,5
510,14,14139,"Thomas, Justin",2022-14,2022-04-09,2022,8,6
510,12,14139,"Thomas, Justin",2022-12,2022-04-16,2022,35,7
510,510,14139,"Thomas, Justin",2023-3,2023-02-11,2023,4,8
510,500,14139,"Thomas, Justin",2023-7,2023-02-18,2023,20,9
510,14,14139,"Thomas, Justin",2023-14,2023-04-08,2023,54,10
510,12,14139,"Thomas, Justin",2023-12,2023-04-15,2023,25,11
510,23,14139,"Thomas, Justin",2023-23,2023-06-03,2023,66,12
510,510,14139,"Thomas, Justin",2024-3,2024-02-10,2024,12,13
510,500,14139,"Thomas, Justin",2024-7,2024-02-17,2024,52,14
510,14,14139,"Thomas, Justin",2024-14,2024-04-13,2024,61,15
510,12,14139,"Thomas, Justin",2024-12,2024-04-20,2024,5,16
510,23,14139,"Thomas, Justin",2024-23,2024-06-08,2024,33,17
510,510,14139,"Thomas, Justin",2025-3,2025-02-08,2025,6,18
510,14,14139,"Thomas, Justin",2025-14,2025-04-12,2025,36,19
510,12,14139,"Thomas, Justin",2025-12,2025-04-19,2025,1,20
510,23,14139,"Thomas, Justin",2025-23,2025-05-31,2025,31,21
510,510,16715,"Ryder, Sam",2021-3,2021-02-06,2021,57,0
510,510,16715,"Ryder, Sam",2022-3,2022-02-12,2022,23,1
510,500,16715,"Ryder, Sam",2022-7,2022-02-19,2022,26,2
510,12,16715,"Ryder, Sam",2022-12,2022-04-16,2022,71,3
510,23,16715,"Ryder, Sam",2022-23,2022-06-04,2022,71,4
510,510,16715,"Ryder, Sam",2023-3,2023-02-11,2023,20,5
510,500,16715,"Ryder, Sam",2023-7,2023-02-18,2023,20,6
510,12,16715,"Ryder, Sam",2023-12,2023-04-15,2023,74,7
510,23,16715,"Ryder, Sam",2023-23,2023-06-03,2023,56,8
510,510,16715,"Ryder, Sam",2024-3,2024-02-10,2024,74,9
510,500,16715,"Ryder, Sam",2024-7,2024-02-17,2024,52,10
510,510,16715,"Ryder, Sam",2025-3,2025-02-08,2025,36,11
510,510,19865,"Hardy, Nick",2021-3,2021-02-06,2021,42,0
510,500,19865,"Hardy, Nick",2023-7,2023-02-18,2023,68,1
510,12,19865,"Hardy, Nick",2023-12,2023-04-15,2023,74,2
510,23,19865,"Hardy, Nick",2023-23,2023-06-03,2023,66,3
510,510,19865,"Hardy, Nick",2024-3,2024-02-10,2024,66,4
510,500,19865,"Hardy, Nick",2024-7,2024-02-17,2024,52,5
510,510,19865,"Hardy, Nick",2025-3,2025-02-08,2025,78,6
510,510,25442,"Montgomery, Taylor",2023-3,2023-02-11,2023,67,0
510,500,25442,"Montgomery, Taylor",2023-7,2023-02-18,2023,68,1
510,12,25442,"Montgomery, Taylor",2023-12,2023-04-15,2023,74,2
510,23,25442,"Montgomery, Taylor",2023-23,2023-06-03,2023,41,3
510,510,25442,"Montgomery, Taylor",2024-3,2024-02-10,2024,39,4
510,500,25442,"Montgomery, Taylor",2024-7,2024-02-17,2024,52,5
510,510,25442,"Montgomery, Taylor",2025-3,2025-02-08,2025,69,6
510,510,14655,"Murray, Grayson",2021-3,2021-02-06,2021,42,0
510,510,14655,"Murray, Grayson",2024-3,2024-02-10,2024,74,1
510,500,14655,"Murray, Grayson",2024-7,2024-02-17,2024,52,2
510,14,14655,"Murray, Grayson",2024-14,2024-04-13,2024,51,3
510,12,14655,"Murray, Grayson",2024-12,2024-04-20,2024,39,4
510,510,17881,"Yu, Kevin",2024-3,2024-02-10,2024,74,0
510,500,17881,"Yu, Kevin",2024-7,2024-02-17,2024,52,1
510,510,17881,"Yu, Kevin",2025-3,2025-02-08,2025,16,2
510,14,17881,"Yu, Kevin",2025-14,2025-04-12,2025,53,3
510,510,19195,"Rahm, Jon",2021-3,2021-02-06,2021,13,0
510,500,19195,"Rahm, Jon",2021-7,2021-02-20,2021,5,1
510,14,19195,"Rahm, Jon",2021-536,2021-04-10,2021,5,2
510,510,19195,"Rahm, Jon",2022-3,2022-02-12,2022,10,3
510,500,19195,"Rahm, Jon",2022-7,2022-02-19,2022,21,4
510,14,19195,"Rahm, Jon",2022-14,2022-04-09,2022,27,5
510,23,19195,"Rahm, Jon",2022-23,2022-06-04,2022,10,6
510,510,19195,"Rahm, Jon",2023-3,2023-02-11,2023,3,7
510,500,19195,"Rahm, Jon",2023-7,2023-02-18,2023,1,8
510,14,19195,"Rahm, Jon",2023-14,2023-04-08,2023,1,9
510,12,19195,"Rahm, Jon",2023-12,2023-04-15,2023,15,10
510,23,19195,"Rahm, Jon",2023-23,2023-06-03,2023,16,11
510,896,19195,"Rahm, Jon",2023-28,2023-08-19,2023,31,12
510,14,19195,"Rahm, Jon",2024-14,2024-04-13,2024,45,13
510,14,19195,"Rahm, Jon",2025-14,2025-04-12,2025,14,14
510,14,13900,"Lowry, Shane",2021-536,2021-04-10,2021,21,0
510,12,13900,"Lowry, Shane",2021-12,2021-04-17,2021,9,1
510,23,13900,"Lowry, Shane",2021-23,2021-06-05,2021,6,2
510,14,13900,"Lowry, Shane",2022-14,2022-04-09,2022,3,3
510,12,13900,"Lowry, Shane",2022-12,2022-04-16,2022,3,4
510,23,13900,"Lowry, Shane",2022-23,2022-06-04,2022,32,5
510,510,13900,"Lowry, Shane",2023-3,2023-02-11,2023,67,6
510,500,13900,"Lowry, Shane",2023-7,2023-02-18,2023,14,7
510,14,13900,"Lowry, Shane",2023-14,2023-04-08,2023,16,8
510,12,13900,"Lowry, Shane",2023-12,2023-04-15,2023,67,9
510,23,13900,"Lowry, Shane",2023-23,2023-06-03,2023,16,10
510,510,13900,"Lowry, Shane",2024-3,2024-02-10,2024,60,11
510,14,13900,"Lowry, Shane",2024-14,2024-04-13,2024,43,12
510,12,13900,"Lowry, Shane",2024-12,2024-04-20,2024,64,13
510,23,13900,"Lowry, Shane",2024-23,2024-06-08,2024,49,14
510,14,13900,"Lowry, Shane",2025-14,2025-04-12,2025,42,15
510,12,13900,"Lowry, Shane",2025-12,2025-04-19,2025,18,16
510,23,13900,"Lowry, Shane",2025-23,2025-05-31,2025,23,17
510,14,12920,"Willett, Danny",2021-536,2021-04-10,2021,55,0
510,12,12920,"Willett, Danny",2021-12,2021-04-17,2021,18,1
510,23,12920,"Willett, Danny",2021-23,2021-06-05,2021,26,2
510,14,12920,"Willett, Danny",2022-14,2022-04-09,2022,12,3
510,12,12920,"Willett, Danny",2022-12,2022-04-16,2022,51,4
510,23,12920,"Willett, Danny",2022-23,2022-06-04,2022,71,5
510,500,12920,"Willett, Danny",2023-7,2023-02-18,2023,18,6
510,14,12920,"Willett, Danny",2023-14,2023-04-08,2023,54,7
510,12,12920,"Willett, Danny",2023-12,2023-04-15,2023,56,8
510,23,12920,"Willett, Danny",2023-23,2023-06-03,2023,54,9
510,14,12920,"Willett, Danny",2024-14,2024-04-13,2024,45,10
510,14,12920,"Willett, Danny",2025-14,2025-04-12,2025,42,11
510,510,10943,"Lashley, Nate",2021-3,2021-02-06,2021,17,0
510,500,10943,"Lashley, Nate",2021-7,2021-02-20,2021,57,1
510,510,10943,"Lashley, Nate",2022-3,2022-02-12,2022,68,2
510,12,10943,"Lashley, Nate",2022-12,2022-04-16,2022,71,3
510,23,10943,"Lashley, Nate",2022-23,2022-06-04,2022,71,4
510,510,10943,"Lashley, Nate",2023-3,2023-02-11,2023,61,5
510,500,10943,"Lashley, Nate",2023-7,2023-02-18,2023,20,6
510,12,10943,"Lashley, Nate",2023-12,2023-04-15,2023,31,7
510,510,10943,"Lashley, Nate",2024-3,2024-02-10,2024,74,8
510,510,10943,"Lashley, Nate",2025-3,2025-02-08,2025,78,9
510,510,21237,"Hickok, Kramer",2022-3,2022-02-12,2022,53,0
510,500,21237,"Hickok, Kramer",2022-7,2022-02-19,2022,76,1
510,12,21237,"Hickok, Kramer",2022-12,2022-04-16,2022,71,2
510,23,21237,"Hickok, Kramer",2022-23,2022-06-04,2022,64,3
510,510,21237,"Hickok, Kramer",2023-3,2023-02-11,2023,67,4
510,500,21237,"Hickok, Kramer",2023-7,2023-02-18,2023,29,5
510,12,21237,"Hickok, Kramer",2023-12,2023-04-15,2023,72,6
510,500,18554,"Rai, Aaron",2022-7,2022-02-19,2022,61,0
510,23,18554,"Rai, Aaron",2022-23,2022-06-04,2022,26,1
510,510,18554,"Rai, Aaron",2023-3,2023-02-11,2023,42,2
510,500,18554,"Rai, Aaron",2023-7,2023-02-18,2023,29,3
510,12,18554,"Rai, Aaron",2023-12,2023-04-15,2023,48,4
510,23,18554,"Rai, Aaron",2023-23,2023-06-03,2023,66,5
510,510,18554,"Rai, Aaron",2024-3,2024-02-10,2024,74,6
510,14,18554,"Rai, Aaron",2025-14,2025-04-12,2025,27,7
510,12,18554,"Rai, Aaron",2025-12,2025-04-19,2025,38,8
510,23,18554,"Rai, Aaron",2025-23,2025-05-31,2025,58,9
510,510,18187,"Duncan, Tyler",2021-3,2021-02-06,2021,67,0
510,500,18187,"Duncan, Tyler",2021-7,2021-02-20,2021,38,1
510,12,18187,"Duncan, Tyler",2021-12,2021-04-17,2021,66,2
510,23,18187,"Duncan, Tyler",2021-23,2021-06-05,2021,69,3
510,510,18187,"Duncan, Tyler",2022-3,2022-02-12,2022,68,4
510,12,18187,"Duncan, Tyler",2022-12,2022-04-16,2022,12,5
510,510,18187,"Duncan, Tyler",2023-3,2023-02-11,2023,67,6
510,500,18187,"Duncan, Tyler",2023-7,2023-02-18,2023,33,7
510,12,18187,"Duncan, Tyler",2023-12,2023-04-15,2023,74,8
510,510,18187,"Duncan, Tyler",2024-3,2024-02-10,2024,53,9
510,500,14181,"Detry, Thomas",2023-7,2023-02-18,2023,33,0
510,12,14181,"Detry, Thomas",2023-12,2023-04-15,2023,74,1
510,23,14181,"Detry, Thomas",2023-23,2023-06-03,2023,48,2
510,510,14181,"Detry, Thomas",2024-3,2024-02-10,2024,28,3
510,12,14181,"Detry, Thomas",2024-12,2024-04-20,2024,28,4
510,23,14181,"Detry, Thomas",2024-23,2024-06-08,2024,41,5
510,510,14181,"Detry, Thomas",2025-3,2025-02-08,2025,1,6
510,14,14181,"Detry, Thomas",2025-14,2025-04-12,2025,53,7
510,12,14181,"Detry, Thomas",2025-12,2025-04-19,2025,32,8
510,23,14181,"Detry, Thomas",2025-23,2025-05-31,2025,39,9
510,510,4163,"Donald, Luke",2021-3,2021-02-06,2021,67,0
510,12,4163,"Donald, Luke",2021-12,2021-04-17,2021,66,1
510,510,4163,"Donald, Luke",2022-3,2022-02-12,2022,68,2
510,12,4163,"Donald, Luke",2022-12,2022-04-16,2022,56,3
510,23,4163,"Donald, Luke",2022-23,2022-06-04,2022,71,4
510,500,4163,"Donald, Luke",2023-7,2023-02-18,2023,40,5
510,12,4163,"Donald, Luke",2023-12,2023-04-15,2023,67,6
510,23,4163,"Donald, Luke",2023-23,2023-06-03,2023,38,7
510,510,4163,"Donald, Luke",2024-3,2024-02-10,2024,74,8
510,14,14796,"Hatton, Tyrrell",2021-536,2021-04-10,2021,18,0
510,12,14796,"Hatton, Tyrrell",2021-12,2021-04-17,2021,39,1
510,14,14796,"Hatton, Tyrrell",2022-14,2022-04-09,2022,52,2
510,12,14796,"Hatton, Tyrrell",2022-12,2022-04-16,2022,26,3
510,510,14796,"Hatton, Tyrrell",2023-3,2023-02-11,2023,6,4
510,500,14796,"Hatton, Tyrrell",2023-7,2023-02-18,2023,40,5
510,14,14796,"Hatton, Tyrrell",2023-14,2023-04-08,2023,34,6
510,12,14796,"Hatton, Tyrrell",2023-12,2023-04-15,2023,19,7
510,23,14796,"Hatton, Tyrrell",2023-23,2023-06-03,2023,12,8
510,896,14796,"Hatton, Tyrrell",2023-28,2023-08-19,2023,34,9
510,14,14796,"Hatton, Tyrrell",2024-14,2024-04-13,2024,9,10
510,14,14796,"Hatton, Tyrrell",2025-14,2025-04-12,2025,14,11
510,500,22050,"Suh, Justin",2023-7,2023-02-18,2023,40,0
510,12,22050,"Suh, Justin",2023-12,2023-04-15,2023,73,1
510,23,22050,"Suh, Justin",2023-23,2023-06-03,2023,41,2
510,510,22050,"Suh, Justin",2024-3,2024-02-10,2024,22,3
510,510,13127,"Tway, Kevin",2021-3,2021-02-06,2021,67,0
510,12,13127,"Tway, Kevin",2021-12,2021-04-17,2021,48,1
510,510,13127,"Tway, Kevin",2022-3,2022-02-12,2022,53,2
510,500,13127,"Tway, Kevin",2022-7,2022-02-19,2022,48,3
510,12,13127,"Tway, Kevin",2022-12,2022-04-16,2022,71,4
510,510,13127,"Tway, Kevin",2023-3,2023-02-11,2023,32,5
510,500,13127,"Tway, Kevin",2023-7,2023-02-18,2023,40,6
510,12,13127,"Tway, Kevin",2023-12,2023-04-15,2023,74,7
510,500,14196,"Meronk, Adrian",2023-7,2023-02-18,2023,45,0
510,14,14196,"Meronk, Adrian",2023-14,2023-04-08,2023,54,1
510,14,14196,"Meronk, Adrian",2024-14,2024-04-13,2024,61,2
510,510,12946,"Thompson, Michael",2021-3,2021-02-06,2021,67,0
510,500,12946,"Thompson, Michael",2021-7,2021-02-20,2021,68,1
510,14,12946,"Thompson, Michael",2021-536,2021-04-10,2021,34,2
510,12,12946,"Thompson, Michael",2021-12,2021-04-17,2021,42,3
510,23,12946,"Thompson, Michael",2021-23,2021-06-05,2021,64,4
510,510,12946,"Thompson, Michael",2022-3,2022-02-12,2022,68,5
510,12,12946,"Thompson, Michael",2022-12,2022-04-16,2022,71,6
510,510,12946,"Thompson, Michael",2023-3,2023-02-11,2023,67,7
510,500,12946,"Thompson, Michael",2023-7,2023-02-18,2023,45,8
510,12,12946,"Thompson, Michael",2023-12,2023-04-15,2023,29,9
510,14,5321,"Woods, Tiger",2022-14,2022-04-09,2022,47,0
510,500,5321,"Woods, Tiger",2023-7,2023-02-18,2023,45,1
510,14,5321,"Woods, Tiger",2024-14,2024-04-13,2024,60,2
510,12,15016,"Schwab, Matthias",2022-12,2022-04-16,2022,59,0
510,510,15016,"Schwab, Matthias",2023-3,2023-02-11,2023,67,1
510,500,15016,"Schwab, Matthias",2023-7,2023-02-18,2023,50,2
510,12,15016,"Schwab, Matthias",2023-12,2023-04-15,2023,74,3
510,510,15473,"Long, Adam",2021-3,2021-02-06,2021,67,0
510,500,15473,"Long, Adam",2021-7,2021-02-20,2021,68,1
510,12,15473,"Long, Adam",2021-12,2021-04-17,2021,66,2
510,23,15473,"Long, Adam",2021-23,2021-06-05,2021,26,3
510,510,15473,"Long, Adam",2022-3,2022-02-12,2022,68,4
510,500,15473,"Long, Adam",2022-7,2022-02-19,2022,75,5
510,12,15473,"Long, Adam",2022-12,2022-04-16,2022,12,6
510,23,15473,"Long, Adam",2022-23,2022-06-04,2022,71,7
510,510,15473,"Long, Adam",2023-3,2023-02-11,2023,42,8
510,500,15473,"Long, Adam",2023-7,2023-02-18,2023,50,9
510,12,15473,"Long, Adam",2023-12,2023-04-15,2023,59,10
510,23,15473,"Long, Adam",2023-23,2023-06-03,2023,66,11
510,500,7899,"Piercy, Scott",2021-7,2021-02-20,2021,64,0
510,12,7899,"Piercy, Scott",2021-12,2021-04-17,2021,62,1
510,510,7899,"Piercy, Scott",2022-3,2022-02-12,2022,68,2
510,500,7899,"Piercy, Scott",2022-7,2022-02-19,2022,61,3
510,12,7899,"Piercy, Scott",2022-12,2022-04-16,2022,12,4
510,500,7899,"Piercy, Scott",2023-7,2023-02-18,2023,50,5
510,12,7899,"Piercy, Scott",2023-12,2023-04-15,2023,74,6
510,510,8480,"Streelman, Kevin",2021-3,2021-02-06,2021,22,0
510,500,8480,"Streelman, Kevin",2021-7,2021-02-20,2021,52,1
510,12,8480,"Streelman, Kevin",2021-12,2021-04-17,2021,33,2
510,23,8480,"Streelman, Kevin",2021-23,2021-06-05,2021,13,3
510,510,8480,"Streelman, Kevin",2022-3,2022-02-12,2022,68,4
510,12,8480,"Streelman, Kevin",2022-12,2022-04-16,2022,71,5
510,23,8480,"Streelman, Kevin",2022-23,2022-06-04,2022,71,6
510,510,8480,"Streelman, Kevin",2023-3,2023-02-11,2023,67,7
510,500,8480,"Streelman, Kevin",2023-7,2023-02-18,2023,50,8
510,12,8480,"Streelman, Kevin",2023-12,2023-04-15,2023,51,9
510,23,8480,"Streelman, Kevin",2023-23,2023-06-03,2023,66,10
510,510,8480,"Streelman, Kevin",2025-3,2025-02-08,2025,71,11
510,500,13508,"Vegas, Jhonattan",2022-7,2022-02-19,2022,55,0
510,23,13508,"Vegas, Jhonattan",2022-23,2022-06-04,2022,37,1
510,510,13508,"Vegas, Jhonattan",2023-3,2023-02-11,2023,23,2
510,500,13508,"Vegas, Jhonattan",2023-7,2023-02-18,2023,56,3
510,510,13508,"Vegas, Jhonattan",2024-3,2024-02-10,2024,22,4
510,14,13508,"Vegas, Jhonattan",2025-14,2025-04-12,2025,53,5
510,23,13508,"Vegas, Jhonattan",2025-23,2025-05-31,2025,44,6
510,500,19948,"Taylor, Ben",2023-7,2023-02-18,2023,58,0
510,12,19948,"Taylor, Ben",2023-12,2023-04-15,2023,74,1
510,23,19948,"Taylor, Ben",2023-23,2023-06-03,2023,66,2
510,510,19948,"Taylor, Ben",2024-3,2024-02-10,2024,74,3
510,23,17064,"Herbert, Lucas",2021-23,2021-06-05,2021,18,0
510,510,17064,"Herbert, Lucas",2022-3,2022-02-12,2022,68,1
510,14,17064,"Herbert, Lucas",2022-14,2022-04-09,2022,53,2
510,23,17064,"Herbert, Lucas",2022-23,2022-06-04,2022,48,3
510,510,17064,"Herbert, Lucas",2023-3,2023-02-11,2023,50,4
510,500,17064,"Herbert, Lucas",2023-7,2023-02-18,2023,58,5
510,12,17064,"Herbert, Lucas",2023-12,2023-04-15,2023,63,6
510,23,17064,"Herbert, Lucas",2023-23,2023-06-03,2023,66,7
510,510,18761,"Mullinax, Trey",2023-3,2023-02-11,2023,61,0
510,500,18761,"Mullinax, Trey",2023-7,2023-02-18,2023,62,1
510,12,18761,"Mullinax, Trey",2023-12,2023-04-15,2023,74,2
510,23,18761,"Mullinax, Trey",2023-23,2023-06-03,2023,66,3
510,510,18761,"Mullinax, Trey",2025-3,2025-02-08,2025,32,4
510,500,24550,"Ghim, Doug",2021-7,2021-02-20,2021,68,0
510,12,24550,"Ghim, Doug",2021-12,2021-04-17,2021,33,1
510,23,24550,"Ghim, Doug",2021-23,2021-06-05,2021,69,2
510,510,24550,"Ghim, Doug",2022-3,2022-02-12,2022,49,3
510,500,24550,"Ghim, Doug",2022-7,2022-02-19,2022,76,4
510,12,24550,"Ghim, Doug",2022-12,2022-04-16,2022,35,5
510,23,24550,"Ghim, Doug",2022-23,2022-06-04,2022,60,6
510,510,24550,"Ghim, Doug",2023-3,2023-02-11,2023,67,7
510,500,24550,"Ghim, Doug",2023-7,2023-02-18,2023,62,8
510,12,24550,"Ghim, Doug",2023-12,2023-04-15,2023,54,9
510,510,24550,"Ghim, Doug",2024-3,2024-02-10,2024,12,10
510,510,24550,"Ghim, Doug",2025-3,2025-02-08,2025,49,11
510,500,15980,"Lipsky, David",2022-7,2022-02-19,2022,76,0
510,23,15980,"Lipsky, David",2022-23,2022-06-04,2022,37,1
510,510,15980,"Lipsky, David",2023-3,2023-02-11,2023,67,2
510,500,15980,"Lipsky, David",2023-7,2023-02-18,2023,62,3
510,12,15980,"Lipsky, David",2023-12,2023-04-15,2023,74,4
510,23,15980,"Lipsky, David",2023-23,2023-06-03,2023,12,5
510,510,15980,"Lipsky, David",2024-3,2024-02-10,2024,74,6
510,510,15980,"Lipsky, David",2025-3,2025-02-08,2025,78,7
510,510,7959,"Holmes, J.B.",2021-3,2021-02-06,2021,67,0
510,500,7959,"Holmes, J.B.",2021-7,2021-02-20,2021,57,1
510,510,7959,"Holmes, J.B.",2023-3,2023-02-11,2023,67,2
510,500,7959,"Holmes, J.B.",2023-7,2023-02-18,2023,67,3
510,510,7959,"Holmes, J.B.",2024-3,2024-02-10,2024,74,4
510,23,17723,"Lower, Justin",2022-23,2022-06-04,2022,71,0
510,510,17723,"Lower, Justin",2023-3,2023-02-11,2023,50,1
510,500,17723,"Lower, Justin",2023-7,2023-02-18,2023,68,2
510,12,17723,"Lower, Justin",2023-12,2023-04-15,2023,71,3
510,23,17723,"Lower, Justin",2023-23,2023-06-03,2023,66,4
510,510,17723,"Lower, Justin",2024-3,2024-02-10,2024,53,5
510,14,6093,"Rose, Justin",2021-536,2021-04-10,2021,7,0
510,14,6093,"Rose, Justin",2022-14,2022-04-09,2022,53,1
510,500,6093,"Rose, Justin",2023-7,2023-02-18,2023,68,2
510,14,6093,"Rose, Justin",2023-14,2023-04-08,2023,16,3
510,12,6093,"Rose, Justin",2023-12,2023-04-15,2023,25,4
510,896,6093,"Rose, Justin",2023-28,2023-08-19,2023,22,5
510,14,6093,"Rose, Justin",2024-14,2024-04-13,2024,61,6
510,12,6093,"Rose, Justin",2024-12,2024-04-20,2024,44,7
510,23,6093,"Rose, Justin",2024-23,2024-06-08,2024,53,8
510,14,6093,"Rose, Justin",2025-14,2025-04-12,2025,2,9
510,12,6093,"Rose, Justin",2025-12,2025-04-19,2025,42,10
510,23,6093,"Rose, Justin",2025-23,2025-05-31,2025,44,11
510,500,10419,"Noren, Alex",2021-7,2021-02-20,2021,12,0
510,12,10419,"Noren, Alex",2021-12,2021-04-17,2021,25,1
510,23,10419,"Noren, Alex",2021-23,2021-06-05,2021,13,2
510,510,10419,"Noren, Alex",2022-3,2022-02-12,2022,6,3
510,500,10419,"Noren, Alex",2022-7,2022-02-19,2022,48,4
510,12,10419,"Noren, Alex",2022-12,2022-04-16,2022,42,5
510,23,10419,"Noren, Alex",2022-23,2022-06-04,2022,71,6
510,510,10419,"Noren, Alex",2023-3,2023-02-11,2023,67,7
510,500,10419,"Noren, Alex",2023-7,2023-02-18,2023,68,8
510,14,10419,"Noren, Alex",2023-14,2023-04-08,2023,54,9
510,23,10419,"Noren, Alex",2023-23,2023-06-03,2023,52,10
510,510,10419,"Noren, Alex",2024-3,2024-02-10,2024,53,11
510,23,10419,"Noren, Alex",2024-23,2024-06-08,2024,22,12
510,23,10419,"Noren, Alex",2025-23,2025-05-31,2025,39,13
510,510,24481,"Redman, Doc",2021-3,2021-02-06,2021,67,0
510,500,24481,"Redman, Doc",2021-7,2021-02-20,2021,68,1
510,12,24481,"Redman, Doc",2021-12,2021-04-17,2021,66,2
510,23,24481,"Redman, Doc",2021-23,2021-06-05,2021,42,3
510,500,24481,"Redman, Doc",2022-7,2022-02-19,2022,61,4
510,12,24481,"Redman, Doc",2022-12,2022-04-16,2022,48,5
510,510,24481,"Redman, Doc",2023-3,2023-02-11,2023,67,6
510,500,24481,"Redman, Doc",2023-7,2023-02-18,2023,68,7
510,12,24481,"Redman, Doc",2023-12,2023-04-15,2023,74,8
510,510,13367,"Merritt, Troy",2021-3,2021-02-06,2021,67,0
510,500,13367,"Merritt, Troy",2021-7,2021-02-20,2021,68,1
510,12,13367,"Merritt, Troy",2021-12,2021-04-17,2021,66,2
510,23,13367,"Merritt, Troy",2021-23,2021-06-05,2021,50,3
510,510,13367,"Merritt, Troy",2022-3,2022-02-12,2022,38,4
510,500,13367,"Merritt, Troy",2022-7,2022-02-19,2022,76,5
510,12,13367,"Merritt, Troy",2022-12,2022-04-16,2022,12,6
510,23,13367,"Merritt, Troy",2022-23,2022-06-04,2022,53,7
510,510,13367,"Merritt, Troy",2023-3,2023-02-11,2023,67,8
510,500,13367,"Merritt, Troy",2023-7,2023-02-18,2023,68,9
510,12,13367,"Merritt, Troy",2023-12,2023-04-15,2023,74,10
510,23,13367,"Merritt, Troy",2023-23,2023-06-03,2023,66,11
510,510,13367,"Merritt, Troy",2024-3,2024-02-10,2024,74,12
510,510,11826,"Lee, Danny",2021-3,2021-02-06,2021,67,0
510,500,11826,"Lee, Danny",2021-7,2021-02-20,2021,52,1
510,12,11826,"Lee, Danny",2021-12,2021-04-17,2021,66,2
510,23,11826,"Lee, Danny",2021-23,2021-06-05,2021,69,3
510,510,11826,"Lee, Danny",2022-3,2022-02-12,2022,68,4
510,500,11826,"Lee, Danny",2022-7,2022-02-19,2022,21,5
510,12,11826,"Lee, Danny",2022-12,2022-04-16,2022,71,6
510,23,11826,"Lee, Danny",2022-23,2022-06-04,2022,71,7
510,510,11826,"Lee, Danny",2023-3,2023-02-11,2023,57,8
510,500,11826,"Lee, Danny",2023-7,2023-02-18,2023,68,9
510,510,23542,"Champ, Cameron",2021-3,2021-02-06,2021,67,0
510,14,23542,"Champ, Cameron",2021-536,2021-04-10,2021,26,1
510,500,23542,"Champ, Cameron",2022-7,2022-02-19,2022,67,2
510,14,23542,"Champ, Cameron",2022-14,2022-04-09,2022,10,3
510,23,23542,"Champ, Cameron",2022-23,2022-06-04,2022,71,4
510,510,23542,"Champ, Cameron",2023-3,2023-02-11,2023,67,5
510,500,23542,"Champ, Cameron",2023-7,2023-02-18,2023,68,6
510,14,23542,"Champ, Cameron",2023-14,2023-04-08,2023,54,7
510,12,23542,"Champ, Cameron",2023-12,2023-04-15,2023,74,8
510,510,23542,"Champ, Cameron",2024-3,2024-02-10,2024,74,9
510,510,11955,"Frittelli, Dylan",2021-3,2021-02-06,2021,67,0
510,500,11955,"Frittelli, Dylan",2021-7,2021-02-20,2021,68,1
510,14,11955,"Frittelli, Dylan",2021-536,2021-04-10,2021,55,2
510,12,11955,"Frittelli, Dylan",2021-12,2021-04-17,2021,56,3
510,23,11955,"Frittelli, Dylan",2021-23,2021-06-05,2021,69,4
510,510,11955,"Frittelli, Dylan",2022-3,2022-02-12,2022,68,5
510,500,11955,"Frittelli, Dylan",2022-7,2022-02-19,2022,26,6
510,12,11955,"Frittelli, Dylan",2022-12,2022-04-16,2022,66,7
510,510,11955,"Frittelli, Dylan",2023-3,2023-02-11,2023,14,8
510,500,11955,"Frittelli, Dylan",2023-7,2023-02-18,2023,68,9
510,23,25213,"Wu, Brandon",2022-23,2022-06-04,2022,69,0
510,510,25213,"Wu, Brandon",2023-3,2023-02-11,2023,50,1
510,500,25213,"Wu, Brandon",2023-7,2023-02-18,2023,68,2
510,12,25213,"Wu, Brandon",2023-12,2023-04-15,2023,74,3
510,23,25213,"Wu, Brandon",2023-23,2023-06-03,2023,66,4
510,510,25213,"Wu, Brandon",2024-3,2024-02-10,2024,74,5
510,500,30690,"Wall, Jack",2023-7,2023-02-18,2023,68,0
510,14,11328,"Kisner, Kevin",2021-536,2021-04-10,2021,55,0
510,12,11328,"Kisner, Kevin",2021-12,2021-04-17,2021,66,1
510,510,11328,"Kisner, Kevin",2022-3,2022-02-12,2022,38,2
510,14,11328,"Kisner, Kevin",2022-14,2022-04-09,2022,44,3
510,12,11328,"Kisner, Kevin",2022-12,2022-04-16,2022,71,4
510,510,11328,"Kisner, Kevin",2023-3,2023-02-11,2023,67,5
510,500,11328,"Kisner, Kevin",2023-7,2023-02-18,2023,68,6
510,14,11328,"Kisner, Kevin",2023-14,2023-04-08,2023,54,7
510,23,11328,"Kisner, Kevin",2023-23,2023-06-03,2023,66,8
510,12,11328,"Kisner, Kevin",2024-12,2024-04-20,2024,68,9
510,510,11328,"Kisner, Kevin",2025-3,2025-02-08,2025,78,10
510,510,5665,"Cink, Stewart",2021-3,2021-02-06,2021,58,0
510,500,5665,"Cink, Stewart",2021-7,2021-02-20,2021,68,1
510,14,5665,"Cink, Stewart",2021-536,2021-04-10,2021,12,2
510,12,5665,"Cink, Stewart",2021-12,2021-04-17,2021,1,3
510,23,5665,"Cink, Stewart",2021-23,2021-06-05,2021,47,4
510,510,5665,"Cink, Stewart",2022-3,2022-02-12,2022,43,5
510,14,5665,"Cink, Stewart",2022-14,2022-04-09,2022,53,6
510,12,5665,"Cink, Stewart",2022-12,2022-04-16,2022,68,7
510,23,5665,"Cink, Stewart",2022-23,2022-06-04,2022,71,8
510,510,5665,"Cink, Stewart",2023-3,2023-02-11,2023,65,9
510,500,5665,"Cink, Stewart",2023-7,2023-02-18,2023,68,10
510,12,5665,"Cink, Stewart",2023-12,2023-04-15,2023,74,11
510,23,5665,"Cink, Stewart",2023-23,2023-06-03,2023,60,12
510,510,5665,"Cink, Stewart",2024-3,2024-02-10,2024,74,13
510,510,25363,"Buckley, Hayden",2022-3,2022-02-12,2022,68,0
510,510,25363,"Buckley, Hayden",2023-3,2023-02-11,2023,29,1
510,500,25363,"Buckley, Hayden",2023-7,2023-02-18,2023,68,2
510,12,25363,"Buckley, Hayden",2023-12,2023-04-15,2023,5,3
510,23,25363,"Buckley, Hayden",2023-23,2023-06-03,2023,66,4
510,510,25363,"Buckley, Hayden",2024-3,2024-02-10,2024,28,5
510,510,14852,"Streb, Robert",2021-3,2021-02-06,2021,67,0
510,500,14852,"Streb, Robert",2021-7,2021-02-20,2021,68,1
510,14,14852,"Streb, Robert",2021-536,2021-04-10,2021,55,2
510,12,14852,"Streb, Robert",2021-12,2021-04-17,2021,52,3
510,23,14852,"Streb, Robert",2021-23,2021-06-05,2021,69,4
510,510,14852,"Streb, Robert",2022-3,2022-02-12,2022,68,5
510,500,14852,"Streb, Robert",2022-7,2022-02-19,2022,76,6
510,12,14852,"Streb, Robert",2022-12,2022-04-16,2022,42,7
510,23,14852,"Streb, Robert",2022-23,2022-06-04,2022,71,8
510,510,14852,"Streb, Robert",2023-3,2023-02-11,2023,67,9
510,500,14852,"Streb, Robert",2023-7,2023-02-18,2023,68,10
510,12,14852,"Streb, Robert",2023-12,2023-04-15,2023,74,11
510,510,15852,"Kraft, Kelly",2021-3,2021-02-06,2021,67,0
510,510,15852,"Kraft, Kelly",2022-3,2022-02-12,2022,68,1
510,510,15852,"Kraft, Kelly",2023-3,2023-02-11,2023,63,2
510,500,15852,"Kraft, Kelly",2023-7,2023-02-18,2023,68,3
510,12,15852,"Kraft, Kelly",2023-12,2023-04-15,2023,74,4
510,12,10423,"Brehm, Ryan",2022-12,2022-04-16,2022,71,0
510,23,10423,"Brehm, Ryan",2022-23,2022-06-04,2022,71,1
510,510,10423,"Brehm, Ryan",2023-3,2023-02-11,2023,67,2
510,500,10423,"Brehm, Ryan",2023-7,2023-02-18,2023,68,3
510,12,10423,"Brehm, Ryan",2023-12,2023-04-15,2023,74,4
510,510,10423,"Brehm, Ryan",2024-3,2024-02-10,2024,74,5
510,14,20706,"Wallace, Matt",2021-536,2021-04-10,2021,34,0
510,12,20706,"Wallace, Matt",2021-12,2021-04-17,2021,18,1
510,23,20706,"Wallace, Matt",2021-23,2021-06-05,2021,69,2
510,510,20706,"Wallace, Matt",2022-3,2022-02-12,2022,68,3
510,500,20706,"Wallace, Matt",2022-7,2022-02-19,2022,76,4
510,510,20706,"Wallace, Matt",2023-3,2023-02-11,2023,67,5
510,500,20706,"Wallace, Matt",2023-7,2023-02-18,2023,68,6
510,12,20706,"Wallace, Matt",2023-12,2023-04-15,2023,74,7
510,23,20706,"Wallace, Matt",2023-23,2023-06-03,2023,48,8
510,510,20706,"Wallace, Matt",2024-3,2024-02-10,2024,53,9
510,510,20706,"Wallace, Matt",2025-3,2025-02-08,2025,44,10
510,510,11374,"Hahn, James",2021-3,2021-02-06,2021,10,0
510,500,11374,"Hahn, James",2021-7,2021-02-20,2021,15,1
510,23,11374,"Hahn, James",2021-23,2021-06-05,2021,69,2
510,510,11374,"Hahn, James",2022-3,2022-02-12,2022,68,3
510,500,11374,"Hahn, James",2022-7,2022-02-19,2022,61,4
510,12,11374,"Hahn, James",2022-12,2022-04-16,2022,71,5
510,510,11374,"Hahn, James",2023-3,2023-02-11,2023,32,6
510,500,11374,"Hahn, James",2023-7,2023-02-18,2023,68,7
510,12,11374,"Hahn, James",2023-12,2023-04-15,2023,41,8
510,510,7961,"Reavie, Chez",2021-3,2021-02-06,2021,67,0
510,500,7961,"Reavie, Chez",2021-7,2021-02-20,2021,68,1
510,12,7961,"Reavie, Chez",2021-12,2021-04-17,2021,66,2
510,510,7961,"Reavie, Chez",2022-3,2022-02-12,2022,68,3
510,500,7961,"Reavie, Chez",2022-7,2022-02-19,2022,10,4
510,12,7961,"Reavie, Chez",2022-12,2022-04-16,2022,71,5
510,510,7961,"Reavie, Chez",2023-3,2023-02-11,2023,67,6
510,500,7961,"Reavie, Chez",2023-7,2023-02-18,2023,68,7
510,12,7961,"Reavie, Chez",2023-12,2023-04-15,2023,11,8
510,23,7961,"Reavie, Chez",2023-23,2023-06-03,2023,58,9
510,510,7961,"Reavie, Chez",2024-3,2024-02-10,2024,74,10
510,510,7961,"Reavie, Chez",2025-3,2025-02-08,2025,78,11
510,510,13831,"Knox, Russell",2021-3,2021-02-06,2021,53,0
510,500,13831,"Knox, Russell",2021-7,2021-02-20,2021,68,1
510,12,13831,"Knox, Russell",2021-12,2021-04-17,2021,66,2
510,23,13831,"Knox, Russell",2021-23,2021-06-05,2021,57,3
510,510,13831,"Knox, Russell",2022-3,2022-02-12,2022,33,4
510,500,13831,"Knox, Russell",2022-7,2022-02-19,2022,33,5
510,12,13831,"Knox, Russell",2022-12,2022-04-16,2022,71,6
510,23,13831,"Knox, Russell",2022-23,2022-06-04,2022,71,7
510,510,13831,"Knox, Russell",2023-3,2023-02-11,2023,67,8
510,500,13831,"Knox, Russell",2023-7,2023-02-18,2023,68,9
510,12,13831,"Knox, Russell",2023-12,2023-04-15,2023,74,10
510,510,9586,"Laird, Martin",2021-3,2021-02-06,2021,67,0
510,500,9586,"Laird, Martin",2021-7,2021-02-20,2021,68,1
510,14,9586,"Laird, Martin",2021-536,2021-04-10,2021,38,2
510,23,9586,"Laird, Martin",2021-23,2021-06-05,2021,53,3
510,510,9586,"Laird, Martin",2022-3,2022-02-12,2022,14,4
510,500,9586,"Laird, Martin",2022-7,2022-02-19,2022,39,5
510,23,9586,"Laird, Martin",2022-23,2022-06-04,2022,37,6
510,510,9586,"Laird, Martin",2023-3,2023-02-11,2023,67,7
510,500,9586,"Laird, Martin",2023-7,2023-02-18,2023,68,8
510,12,9586,"Laird, Martin",2023-12,2023-04-15,2023,74,9
510,510,9586,"Laird, Martin",2024-3,2024-02-10,2024,53,10
510,500,29304,"Byrd, Marcus",2023-7,2023-02-18,2023,68,0
510,12,14967,"Hadley, Chesson",2021-12,2021-04-17,2021,66,0
510,510,14967,"Hadley, Chesson",2022-3,2022-02-12,2022,68,1
510,500,14967,"Hadley, Chesson",2022-7,2022-02-19,2022,76,2
510,12,14967,"Hadley, Chesson",2022-12,2022-04-16,2022,71,3
510,510,14967,"Hadley, Chesson",2023-3,2023-02-11,2023,23,4
510,500,14967,"Hadley, Chesson",2023-7,2023-02-18,2023,68,5
510,12,14967,"Hadley, Chesson",2023-12,2023-04-15,2023,74,6
510,510,14967,"Hadley, Chesson",2024-3,2024-02-10,2024,74,7
510,510,23482,"Sigg, Greyson",2023-3,2023-02-11,2023,57,0
510,500,23482,"Sigg, Greyson",2023-7,2023-02-18,2023,68,1
510,12,23482,"Sigg, Greyson",2023-12,2023-04-15,2023,74,2
510,510,23482,"Sigg, Greyson",2024-3,2024-02-10,2024,74,3
510,510,23482,"Sigg, Greyson",2025-3,2025-02-08,2025,32,4
510,510,13497,"Lee, Kyoung-Hoon",2021-3,2021-02-06,2021,2,0
510,500,13497,"Lee, Kyoung-Hoon",2021-7,2021-02-20,2021,66,1
510,12,13497,"Lee, Kyoung-Hoon",2021-12,2021-04-17,2021,56,2
510,23,13497,"Lee, K.H.",2021-23,2021-06-05,2021,65,3
510,510,13497,"Lee, K.H.",2022-3,2022-02-12,2022,38,4
510,500,13497,"Lee, K.H.",2022-7,2022-02-19,2022,26,5
510,14,13497,"Lee, Kyoung-Hoon",2022-14,2022-04-09,2022,53,6
510,12,13497,"Lee, K.H.",2022-12,2022-04-16,2022,71,7
510,23,13497,"Lee, K.H.",2022-23,2022-06-04,2022,53,8
510,510,13497,"Lee, K.H.",2023-3,2023-02-11,2023,42,9
510,500,13497,"Lee, K.H.",2023-7,2023-02-18,2023,68,10
510,14,13497,"Lee, Kyounghoon",2023-14,2023-04-08,2023,23,11
510,12,13497,"Lee, K.H.",2023-12,2023-04-15,2023,41,12
510,23,13497,"Lee, K.H.",2023-23,2023-06-03,2023,66,13
510,510,13497,"Lee, K.H.",2024-3,2024-02-10,2024,74,14
510,510,13497,"Lee, K.H.",2025-3,2025-02-08,2025,67,15
510,510,12359,"Stallings, Scott",2021-3,2021-02-06,2021,36,0
510,12,12359,"Stallings, Scott",2021-12,2021-04-17,2021,66,1
510,510,12359,"Stallings, Scott",2022-3,2022-02-12,2022,21,2
510,500,12359,"Stallings, Scott",2022-7,2022-02-19,2022,76,3
510,12,12359,"Stallings, Scott",2022-12,2022-04-16,2022,71,4
510,23,12359,"Stallings, Scott",2022-23,2022-06-04,2022,71,5
510,510,12359,"Stallings, Scott",2023-3,2023-02-11,2023,23,6
510,500,12359,"Stallings, Scott",2023-7,2023-02-18,2023,68,7
510,14,12359,"Stallings, Scott",2023-14,2023-04-08,2023,26,8
510,12,12359,"Stallings, Scott",2023-12,2023-04-15,2023,56,9
510,23,12359,"Stallings, Scott",2023-23,2023-06-03,2023,66,10
510,510,12359,"Stallings, Scott",2024-3,2024-02-10,2024,74,11
510,12,7955,"Watney, Nick",2021-12,2021-04-17,2021,66,0
510,510,7955,"Watney, Nick",2022-3,2022-02-12,2022,68,1
510,500,7955,"Watney, Nick",2022-7,2022-02-19,2022,55,2
510,12,7955,"Watney, Nick",2022-12,2022-04-16,2022,71,3
510,23,7955,"Watney, Nick",2022-23,2022-06-04,2022,71,4
510,510,7955,"Watney, Nick",2023-3,2023-02-11,2023,67,5
510,500,7955,"Watney, Nick",2023-7,2023-02-18,2023,68,6
510,500,7655,"Molinari, Francesco",2021-7,2021-02-20,2021,8,0
510,14,7655,"Molinari, Francesco",2021-536,2021-04-10,2021,52,1
510,510,7655,"Molinari, Francesco",2022-3,2022-02-12,2022,43,2
510,500,7655,"Molinari, Francesco",2022-7,2022-02-19,2022,55,3
510,14,7655,"Molinari, Francesco",2022-14,2022-04-09,2022,53,4
510,23,7655,"Molinari, Francesco",2022-23,2022-06-04,2022,26,5
510,510,7655,"Molinari, Francesco",2023-3,2023-02-11,2023,67,6
510,500,7655,"Molinari, Francesco",2023-7,2023-02-18,2023,68,7
510,14,7655,"Molinari, Francesco",2023-14,2023-04-08,2023,54,8
510,23,7655,"Molinari, Francesco",2023-23,2023-06-03,2023,66,9
510,510,16433,"NeSmith, Matthew",2021-3,2021-02-06,2021,7,0
510,500,16433,"NeSmith, Matthew",2021-7,2021-02-20,2021,20,1
510,12,16433,"NeSmith, Matthew",2021-12,2021-04-17,2021,48,2
510,23,16433,"NeSmith, Matthew",2021-23,2021-06-05,2021,69,3
510,510,16433,"NeSmith, Matthew",2022-3,2022-02-12,2022,68,4
510,500,16433,"NeSmith, Matthew",2022-7,2022-02-19,2022,55,5
510,12,16433,"NeSmith, Matthew",2022-12,2022-04-16,2022,12,6
510,23,16433,"NeSmith, Matthew",2022-23,2022-06-04,2022,37,7
510,510,16433,"NeSmith, Matthew",2023-3,2023-02-11,2023,67,8
510,500,16433,"NeSmith, Matthew",2023-7,2023-02-18,2023,68,9
510,12,16433,"NeSmith, Matthew",2023-12,2023-04-15,2023,59,10
510,23,16433,"NeSmith, Matt",2023-23,2023-06-03,2023,66,11
510,510,16433,"NeSmith, Matt",2024-3,2024-02-10,2024,71,12
510,500,13486,"Kim, Yeongsu",2023-7,2023-02-18,2023,68,0
510,510,20519,"Tarren, Callum",2023-3,2023-02-11,2023,67,0
510,500,20519,"Tarren, Callum",2023-7,2023-02-18,2023,68,1
510,12,20519,"Tarren, Callum",2023-12,2023-04-15,2023,74,2
510,510,20519,"Tarren, Callum",2024-3,2024-02-10,2024,74,3
510,500,18079,"Niemann, Joaquin",2021-7,2021-02-20,2021,43,0
510,14,18079,"Niemann, Joaquin",2021-536,2021-04-10,2021,40,1
510,23,18079,"Niemann, Joaquin",2021-23,2021-06-05,2021,69,2
510,500,18079,"Niemann, Joaquin",2022-7,2022-02-19,2022,1,3
510,14,18079,"Niemann, Joaquin",2022-14,2022-04-09,2022,35,4
510,12,18079,"Niemann, Joaquin",2022-12,2022-04-16,2022,12,5
510,23,18079,"Niemann, Joaquin",2022-23,2022-06-04,2022,3,6
510,14,18079,"Niemann, Joaquin",2023-14,2023-04-08,2023,16,7
510,14,18079,"Niemann, Joaquin",2024-14,2024-04-13,2024,22,8
510,14,18079,"Niemann, Joaquin",2025-14,2025-04-12,2025,29,9
510,510,15475,"Pan, C.T.",2021-3,2021-02-06,2021,67,0
510,500,15475,"Pan, C.T.",2021-7,2021-02-20,2021,20,1
510,14,15475,"Pan, C.T.",2021-536,2021-04-10,2021,55,2
510,12,15475,"Pan, C.T.",2021-12,2021-04-17,2021,66,3
510,23,15475,"Pan, C.T.",2021-23,2021-06-05,2021,57,4
510,510,15475,"Pan, C.T.",2022-3,2022-02-12,2022,68,5
510,500,15475,"Pan, C.T.",2022-7,2022-02-19,2022,9,6
510,12,15475,"Pan, C.T.",2022-12,2022-04-16,2022,42,7
510,23,15475,"Pan, C.T.",2022-23,2022-06-04,2022,53,8
510,12,15475,"Pan, C.T.",2023-12,2023-04-15,2023,74,9
510,510,15475,"Pan, C.T.",2024-3,2024-02-10,2024,74,10
510,510,15475,"Pan, C.T.",2025-3,2025-02-08,2025,57,11
510,510,14013,"Tringale, Cameron",2021-3,2021-02-06,2021,17,0
510,500,14013,"Tringale, Cameron",2021-7,2021-02-20,2021,26,1
510,23,14013,"Tringale, Cameron",2021-23,2021-06-05,2021,26,2
510,500,14013,"Tringale, Cameron",2022-7,2022-02-19,2022,13,3
510,12,14013,"Tringale, Cameron",2022-12,2022-04-16,2022,12,4
510,23,14013,"Tringale, Cameron",2022-23,2022-06-04,2022,48,5
510,510,8605,"Jones, Matt",2021-3,2021-02-06,2021,30,0
510,500,8605,"Jones, Matt",2021-7,2021-02-20,2021,8,1
510,14,8605,"Jones, Matt",2021-536,2021-04-10,2021,26,2
510,23,8605,"Jones, Matt",2021-23,2021-06-05,2021,69,3
510,510,8605,"Jones, Matt",2022-3,2022-02-12,2022,58,4
510,500,8605,"Jones, Matt",2022-7,2022-02-19,2022,15,5
510,23,8605,"Jones, Matt",2022-23,2022-06-04,2022,71,6
510,500,7649,"Leishman, Marc",2021-7,2021-02-20,2021,32,0
510,14,7649,"Leishman, Marc",2021-536,2021-04-10,2021,5,1
510,23,7649,"Leishman, Marc",2021-23,2021-06-05,2021,57,2
510,500,7649,"Leishman, Marc",2022-7,2022-02-19,2022,15,3
510,14,7649,"Leishman, Marc",2022-14,2022-04-09,2022,30,4
510,23,7649,"Leishman, Marc",2022-23,2022-06-04,2022,71,5
510,14,23323,"MacIntyre, Robert",2021-536,2021-04-10,2021,12,0
510,12,23323,"MacIntyre, Robert",2021-12,2021-04-17,2021,59,1
510,500,23323,"MacIntyre, Robert",2022-7,2022-02-19,2022,15,2
510,14,23323,"MacIntyre, Robert",2022-14,2022-04-09,2022,23,3
510,510,23323,"MacIntyre, Robert",2024-3,2024-02-10,2024,74,4
510,510,23323,"MacIntyre, Robert",2025-3,2025-02-08,2025,6,5
510,14,23323,"MacIntyre, Robert",2025-14,2025-04-12,2025,53,6
510,12,23323,"MacIntyre, Robert",2025-12,2025-04-19,2025,66,7
510,23,23323,"MacIntyre, Robert",2025-23,2025-05-31,2025,20,8
510,510,19455,"Pereira, Mito",2022-3,2022-02-12,2022,68,0
510,500,19455,"Pereira, Mito",2022-7,2022-02-19,2022,15,1
510,12,19455,"Pereira, Mito",2022-12,2022-04-16,2022,26,2
510,23,19455,"Pereira, Mito",2022-23,2022-06-04,2022,13,3
510,14,19455,"Pereira, Mito",2023-14,2023-04-08,2023,43,4
510,14,7108,"Casey, Paul",2021-536,2021-04-10,2021,26,0
510,12,7108,"Casey, Paul",2021-12,2021-04-17,2021,66,1
510,500,7108,"Casey, Paul",2022-7,2022-02-19,2022,15,2
510,510,20770,"Munoz, Sebastian",2021-3,2021-02-06,2021,67,0
510,500,20770,"Munoz, Sebastian",2021-7,2021-02-20,2021,43,1
510,14,20770,"Munoz, Sebastian",2021-536,2021-04-10,2021,40,2
510,12,20770,"Munoz, Sebastian",2021-12,2021-04-17,2021,66,3
510,23,20770,"Munoz, Sebastian",2021-23,2021-06-05,2021,69,4
510,510,20770,"Munoz, Sebastian",2022-3,2022-02-12,2022,23,5
510,500,20770,"Munoz, Sebastian",2022-7,2022-02-19,2022,21,6
510,500,12337,"Kokrak, Jason",2021-7,2021-02-20,2021,32,0
510,14,12337,"Kokrak, Jason",2021-536,2021-04-10,2021,49,1
510,500,12337,"Kokrak, Jason",2022-7,2022-02-19,2022,26,2
510,14,12337,"Kokrak, Jason",2022-14,2022-04-09,2022,14,3
510,12,12337,"Kokrak, Jason",2022-12,2022-04-16,2022,35,4
510,14,12337,"Kokrak, Jason",2023-14,2023-04-08,2023,54,5
510,500,15856,"Smith, Cameron",2021-7,2021-02-20,2021,4,0
510,14,15856,"Smith, Cameron",2021-536,2021-04-10,2021,10,1
510,12,15856,"Smith, Cameron",2021-12,2021-04-17,2021,9,2
510,23,15856,"Smith, Cameron",2021-23,2021-06-05,2021,69,3
510,500,15856,"Smith, Cameron",2022-7,2022-02-19,2022,33,4
510,14,15856,"Smith, Cameron",2022-14,2022-04-09,2022,3,5
510,12,15856,"Smith, Cameron",2022-12,2022-04-16,2022,71,6
510,23,15856,"Smith, Cameron",2022-23,2022-06-04,2022,13,7
510,14,15856,"Smith, Cameron",2023-14,2023-04-08,2023,34,8
510,14,15856,"Smith, Cameron",2024-14,2024-04-13,2024,6,9
510,14,15856,"Smith, Cameron",2025-14,2025-04-12,2025,53,10
510,510,14735,"Ortiz, Carlos",2021-3,2021-02-06,2021,4,0
510,500,14735,"Ortiz, Carlos",2021-7,2021-02-20,2021,68,1
510,14,14735,"Ortiz, Carlos",2021-536,2021-04-10,2021,55,2
510,12,14735,"Ortiz, Carlos",2021-12,2021-04-17,2021,66,3
510,23,14735,"Ortiz, Carlos",2021-23,2021-06-05,2021,16,4
510,510,14735,"Ortiz, Carlos",2022-3,2022-02-12,2022,33,5
510,500,14735,"Ortiz, Carlos",2022-7,2022-02-19,2022,39,6
510,12,14735,"Ortiz, Carlos",2022-12,2022-04-16,2022,71,7
510,23,14735,"Ortiz, Carlos",2022-23,2022-06-04,2022,64,8
510,500,5689,"Garcia, Sergio",2021-7,2021-02-20,2021,68,0
510,14,5689,"Garcia, Sergio",2021-536,2021-04-10,2021,55,1
510,12,5689,"Garcia, Sergio",2021-12,2021-04-17,2021,66,2
510,500,5689,"Garcia, Sergio",2022-7,2022-02-19,2022,39,3
510,14,5689,"Garcia, Sergio",2022-14,2022-04-09,2022,23,4
510,14,5689,"Garcia, Sergio",2023-14,2023-04-08,2023,54,5
510,14,5689,"Garcia, Sergio",2024-14,2024-04-13,2024,61,6
510,14,5689,"Garcia, Sergio",2025-14,2025-04-12,2025,53,7
510,500,15330,"Griffin, Lanto",2021-7,2021-02-20,2021,26,0
510,14,15330,"Griffin, Lanto",2021-536,2021-04-10,2021,55,1
510,23,15330,"Griffin, Lanto",2021-23,2021-06-05,2021,69,2
510,500,15330,"Griffin, Lanto",2022-7,2022-02-19,2022,39,3
510,12,15330,"Griffin, Lanto",2022-12,2022-04-16,2022,71,4
510,23,15330,"Griffin, Lanto",2022-23,2022-06-04,2022,51,5
510,12,15330,"Griffin, Lanto",2023-12,2023-04-15,2023,74,6
510,23,15330,"Griffin, Lanto",2023-23,2023-06-03,2023,64,7
510,510,15330,"Griffin, Lanto",2024-3,2024-02-10,2024,74,8
510,510,15330,"Griffin, Lanto",2025-3,2025-02-08,2025,78,9
510,500,18238,"Ancer, Abraham",2021-7,2021-02-20,2021,68,0
510,14,18238,"Ancer, Abraham",2021-536,2021-04-10,2021,26,1
510,12,18238,"Ancer, Abraham",2021-12,2021-04-17,2021,18,2
510,510,18238,"Ancer, Abraham",2022-3,2022-02-12,2022,43,3
510,500,18238,"Ancer, Abraham",2022-7,2022-02-19,2022,39,4
510,14,18238,"Ancer, Abraham",2022-14,2022-04-09,2022,53,5
510,23,18238,"Ancer, Abraham",2022-23,2022-06-04,2022,32,6
510,14,18238,"Ancer, Abraham",2023-14,2023-04-08,2023,39,7
510,510,6762,"Perez, Pat",2021-3,2021-02-06,2021,67,0
510,500,6762,"Perez, Pat",2021-7,2021-02-20,2021,68,1
510,12,6762,"Perez, Pat",2021-12,2021-04-17,2021,66,2
510,510,6762,"Perez, Pat",2022-3,2022-02-12,2022,68,3
510,500,6762,"Perez, Pat",2022-7,2022-02-19,2022,39,4
510,12,6762,"Perez, Pat",2022-12,2022-04-16,2022,51,5
510,23,6762,"Perez, Pat",2022-23,2022-06-04,2022,26,6
510,510,14140,"Higgs, Harry",2021-3,2021-02-06,2021,67,0
510,500,14140,"Higgs, Harry",2021-7,2021-02-20,2021,68,1
510,12,14140,"Higgs, Harry",2021-12,2021-04-17,2021,59,2
510,23,14140,"Higgs, Harry",2021-23,2021-06-05,2021,68,3
510,510,14140,"Higgs, Harry",2022-3,2022-02-12,2022,49,4
510,500,14140,"Higgs, Harry",2022-7,2022-02-19,2022,55,5
510,14,14140,"Higgs, Harry",2022-14,2022-04-09,2022,14,6
510,12,14140,"Higgs, Harry",2022-12,2022-04-16,2022,71,7
510,23,14140,"Higgs, Harry",2025-23,2025-05-31,2025,51,8
510,510,13022,"Stuard, Brian",2021-3,2021-02-06,2021,58,0
510,500,13022,"Stuard, Brian",2021-7,2021-02-20,2021,68,1
510,12,13022,"Stuard, Brian",2021-12,2021-04-17,2021,18,2
510,510,13022,"Stuard, Brian",2022-3,2022-02-12,2022,58,3
510,500,13022,"Stuard, Brian",2022-7,2022-02-19,2022,61,4
510,12,13022,"Stuard, Brian",2022-12,2022-04-16,2022,69,5
510,510,22051,"Wise, Aaron",2021-3,2021-02-06,2021,66,0
510,12,22051,"Wise, Aaron",2021-12,2021-04-17,2021,66,1
510,23,22051,"Wise, Aaron",2021-23,2021-06-05,2021,9,2
510,510,22051,"Wise, Aaron",2022-3,2022-02-12,2022,68,3
510,500,22051,"Wise, Aaron",2022-7,2022-02-19,2022,67,4
510,12,22051,"Wise, Aaron",2022-12,2022-04-16,2022,21,5
510,23,22051,"Wise, Aaron",2022-23,2022-06-04,2022,2,6
510,510,22051,"Wise, Aaron",2023-3,2023-02-11,2023,67,7
510,510,7334,"Watson, Bubba",2021-3,2021-02-06,2021,22,0
510,500,7334,"Watson, Bubba",2021-7,2021-02-20,2021,68,1
510,14,7334,"Watson, Bubba",2021-536,2021-04-10,2021,26,2
510,510,7334,"Watson, Bubba",2022-3,2022-02-12,2022,14,3
510,500,7334,"Watson, Bubba",2022-7,2022-02-19,2022,76,4
510,14,7334,"Watson, Bubba",2022-14,2022-04-09,2022,39,5
510,14,7334,"Watson, Bubba",2023-14,2023-04-08,2023,54,6
510,14,7334,"Watson, Bubba",2024-14,2024-04-13,2024,61,7
510,14,7334,"Watson, Bubba",2025-14,2025-04-12,2025,14,8
510,500,12422,"Johnson, Dustin",2021-7,2021-02-20,2021,8,0
510,14,12422,"Johnson, Dustin",2021-536,2021-04-10,2021,55,1
510,12,12422,"Johnson, Dustin",2021-12,2021-04-17,2021,13,2
510,500,12422,"Johnson, Dustin",2022-7,2022-02-19,2022,76,3
510,14,12422,"Johnson, Dustin",2022-14,2022-04-09,2022,12,4
510,12,12422,"Johnson, Dustin",2022-12,2022-04-16,2022,71,5
510,14,12422,"Johnson, Dustin",2023-14,2023-04-08,2023,48,6
510,14,12422,"Johnson, Dustin",2024-14,2024-04-13,2024,61,7
510,14,12422,"Johnson, Dustin",2025-14,2025-04-12,2025,53,8
510,510,12069,"Stanley, Kyle",2021-3,2021-02-06,2021,36,0
510,500,12069,"Stanley, Kyle",2021-7,2021-02-20,2021,32,1
510,12,12069,"Stanley, Kyle",2021-12,2021-04-17,2021,66,2
510,23,12069,"Stanley, Kyle",2021-23,2021-06-05,2021,42,3
510,510,12069,"Stanley, Kyle",2022-3,2022-02-12,2022,68,4
510,500,12069,"Stanley, Kyle",2022-7,2022-02-19,2022,76,5
510,12,12669,"Lahiri, Anirban",2021-12,2021-04-17,2021,66,0
510,510,12669,"Lahiri, Anirban",2022-3,2022-02-12,2022,68,1
510,500,12669,"Lahiri, Anirban",2022-7,2022-02-19,2022,76,2
510,12,12669,"Lahiri, Anirban",2022-12,2022-04-16,2022,66,3
510,23,12669,"Lahiri, Anirban",2022-23,2022-06-04,2022,71,4
510,500,13944,"Pieters, Thomas",2022-7,2022-02-19,2022,76,0
510,14,13944,"Pieters, Thomas",2022-14,2022-04-09,2022,53,1
510,14,13944,"Pieters, Thomas",2023-14,2023-04-08,2023,48,2
510,500,17780,"Pendrith, Taylor",2022-7,2022-02-19,2022,76,0
510,510,17780,"Pendrith, Taylor",2023-3,2023-02-11,2023,57,1
510,12,17780,"Pendrith, Taylor",2023-12,2023-04-15,2023,74,2
510,23,17780,"Pendrith, Taylor",2023-23,2023-06-03,2023,60,3
510,23,17780,"Pendrith, Taylor",2024-23,2024-06-08,2024,33,4
510,14,17780,"Pendrith, Taylor",2025-14,2025-04-12,2025,53,5
510,12,17780,"Pendrith, Taylor",2025-12,2025-04-19,2025,42,6
510,23,17780,"Pendrith, Taylor",2025-23,2025-05-31,2025,12,7
510,500,19047,"Lee, Jaekyeong",2022-7,2022-02-19,2022,76,0
510,12,18695,"Hagy, Brandon",2021-12,2021-04-17,2021,66,0
510,23,18695,"Hagy, Brandon",2021-23,2021-06-05,2021,50,1
510,510,18695,"Hagy, Brandon",2022-3,2022-02-12,2022,68,2
510,500,18695,"Hagy, Brandon",2022-7,2022-02-19,2022,76,3
510,23,18695,"Hagy, Brandon",2022-23,2022-06-04,2022,71,4
510,500,7452,"Na, Kevin",2021-7,2021-02-20,2021,38,0
510,14,7452,"Na, Kevin",2021-536,2021-04-10,2021,12,1
510,12,7452,"Na, Kevin",2021-12,2021-04-17,2021,66,2
510,500,7452,"Na, Kevin",2022-7,2022-02-19,2022,76,3
510,14,7452,"Na, Kevin",2022-14,2022-04-09,2022,14,4
510,12,7452,"Na, Kevin",2022-12,2022-04-16,2022,26,5
510,510,16602,"Varner III, Harold",2021-3,2021-02-06,2021,13,0
510,500,16602,"Varner III, Harold",2021-7,2021-02-20,2021,62,1
510,12,16602,"Varner III, Harold",2021-12,2021-04-17,2021,2,2
510,23,16602,"Varner III, Harold",2021-23,2021-06-05,2021,47,3
510,510,16602,"Varner III, Harold",2022-3,2022-02-12,2022,68,4
510,500,16602,"Varner III, Harold",2022-7,2022-02-19,2022,76,5
510,14,16602,"Varner III, Harold",2022-14,2022-04-09,2022,23,6
510,12,16602,"Varner III, Harold",2022-12,2022-04-16,2022,3,7
510,14,16602,"Varner III, Harold",2023-14,2023-04-08,2023,29,8
510,500,11952,"Grace, Branden",2021-7,2021-02-20,2021,20,0
510,12,11952,"Grace, Branden",2021-12,2021-04-17,2021,42,1
510,23,11952,"Grace, Branden",2021-23,2021-06-05,2021,4,2
510,510,11952,"Grace, Branden",2022-3,2022-02-12,2022,49,3
510,500,11952,"Grace, Branden",2022-7,2022-02-19,2022,76,4
510,12,11952,"Grace, Branden",2022-12,2022-04-16,2022,35,5
510,510,11019,"Steele, Brendan",2021-3,2021-02-06,2021,30,0
510,500,11019,"Steele, Brendan",2021-7,2021-02-20,2021,43,1
510,23,11019,"Steele, Brendan",2021-23,2021-06-05,2021,37,2
510,510,11019,"Steele, Brendan",2022-3,2022-02-12,2022,68,3
510,500,11019,"Steele, Brendan",2022-7,2022-02-19,2022,76,4
510,23,11019,"Steele, Brendan",2022-23,2022-06-04,2022,10,5
510,510,11019,"Steele, Brendan",2023-3,2023-02-11,2023,67,6
510,510,11657,"Norlander, Henrik",2021-3,2021-02-06,2021,22,0
510,500,11657,"Norlander, Henrik",2021-7,2021-02-20,2021,68,1
510,12,11657,"Norlander, Henrik",2021-12,2021-04-17,2021,66,2
510,23,11657,"Norlander, Henrik",2021-23,2021-06-05,2021,69,3
510,510,11657,"Norlander, Henrik",2022-3,2022-02-12,2022,68,4
510,500,11657,"Norlander, Henrik",2022-7,2022-02-19,2022,76,5
510,12,11657,"Norlander, Henrik",2022-12,2022-04-16,2022,71,6
510,510,11657,"Norlander, Henrik",2025-3,2025-02-08,2025,78,7
510,510,14050,"Sloan, Roger",2022-3,2022-02-12,2022,68,0
510,500,14050,"Sloan, Roger",2022-7,2022-02-19,2022,76,1
510,12,14050,"Sloan, Roger",2022-12,2022-04-16,2022,59,2
510,14,14838,"Reed, Patrick",2021-536,2021-04-10,2021,8,0
510,23,14838,"Reed, Patrick",2021-23,2021-06-05,2021,5,1
510,500,14838,"Reed, Patrick",2022-7,2022-02-19,2022,76,2
510,14,14838,"Reed, Patrick",2022-14,2022-04-09,2022,35,3
510,23,14838,"Reed, Patrick",2022-23,2022-06-04,2022,53,4
510,14,14838,"Reed, Patrick",2023-14,2023-04-08,2023,4,5
510,14,14838,"Reed, Patrick",2024-14,2024-04-13,2024,12,6
510,14,14838,"Reed, Patrick",2025-14,2025-04-12,2025,3,7
510,510,7820,"Palmer, Ryan",2021-3,2021-02-06,2021,42,0
510,14,7820,"Palmer, Ryan",2021-536,2021-04-10,2021,34,1
510,500,7820,"Palmer, Ryan",2022-7,2022-02-19,2022,76,2
510,14,7820,"Palmer, Ryan",2022-14,2022-04-09,2022,53,3
510,23,7820,"Palmer, Ryan",2022-23,2022-06-04,2022,71,4
510,510,7820,"Palmer, Ryan",2023-3,2023-02-11,2023,42,5
510,12,7820,"Palmer, Ryan",2023-12,2023-04-15,2023,74,6
510,510,7820,"Palmer, Ryan",2025-3,2025-02-08,2025,77,7
510,510,18580,"Gooch, Talor",2021-3,2021-02-06,2021,67,0
510,500,18580,"Gooch, Talor",2021-7,2021-02-20,2021,12,1
510,23,18580,"Gooch, Talor",2021-23,2021-06-05,2021,18,2
510,510,18580,"Gooch, Talor",2022-3,2022-02-12,2022,26,3
510,500,18580,"Gooch, Talor",2022-7,2022-02-19,2022,76,4
510,14,18580,"Gooch, Talor",2022-14,2022-04-09,2022,14,5
510,14,18580,"Gooch, Talor",2023-14,2023-04-08,2023,34,6
510,500,14000,"Landry, Andrew",2021-7,2021-02-20,2021,26,0
510,12,14000,"Landry, Andrew",2021-12,2021-04-17,2021,33,1
510,500,14000,"Landry, Andrew",2022-7,2022-02-19,2022,76,2
510,510,14000,"Landry, Andrew",2023-3,2023-02-11,2023,67,3
510,12,14000,"Landry, Andrew",2023-12,2023-04-15,2023,74,4
510,510,7398,"Schwartzel, Charl",2021-3,2021-02-06,2021,67,0
510,500,7398,"Schwartzel, Charl",2021-7,2021-02-20,2021,62,1
510,14,7398,"Schwartzel, Charl",2021-536,2021-04-10,2021,26,2
510,23,7398,"Schwartzel, Charl",2021-23,2021-06-05,2021,53,3
510,500,7398,"Schwartzel, Charl",2022-7,2022-02-19,2022,76,4
510,14,7398,"Schwartzel, Charl",2022-14,2022-04-09,2022,10,5
510,12,7398,"Schwartzel, Charl",2022-12,2022-04-16,2022,54,6
510,14,7398,"Schwartzel, Charl",2023-14,2023-04-08,2023,50,7
510,14,7398,"Schwartzel, Charl",2024-14,2024-04-13,2024,61,8
510,14,7398,"Schwartzel, Charl",2025-14,2025-04-12,2025,36,9
510,500,26512,"Beverly, Aaron",2022-7,2022-02-19,2022,76,0
510,500,2881,"Furyk, Jim",2021-7,2021-02-20,2021,26,0
510,12,2881,"Furyk, Jim",2021-12,2021-04-17,2021,66,1
510,12,2881,"Furyk, Jim",2022-12,2022-04-16,2022,71,2
510,12,2881,"Furyk, Jim",2023-12,2023-04-15,2023,74,3
510,510,8479,"Harrington, Scott",2021-3,2021-02-06,2021,67,0
510,500,8479,"Harrington, Scott",2021-7,2021-02-20,2021,26,1
510,12,8479,"Harrington, Scott",2021-12,2021-04-17,2021,42,2
510,510,14081,"Hoag, Bo",2021-3,2021-02-06,2021,36,0
510,500,14081,"Hoag, Bo",2021-7,2021-02-20,2021,32,1
510,12,14081,"Hoag, Bo",2021-12,2021-04-17,2021,66,2
510,23,14081,"Hoag, Bo",2021-23,2021-06-05,2021,13,3
510,23,14081,"Hoag, Bo",2022-23,2022-06-04,2022,71,4
510,23,14081,"Hoag, Bo",2023-23,2023-06-03,2023,66,5
510,500,21236,"Bryan, Wesley",2021-7,2021-02-20,2021,43,0
510,12,21236,"Bryan, Wesley",2021-12,2021-04-17,2021,25,1
510,510,21236,"Bryan, Wesley",2022-3,2022-02-12,2022,68,2
510,12,21236,"Bryan, Wesley",2022-12,2022-04-16,2022,71,3
510,12,21236,"Bryan, Wesley",2023-12,2023-04-15,2023,74,4
510,500,17584,"McCumber, Tyler",2021-7,2021-02-20,2021,52,0
510,23,17584,"McCumber, Tyler",2021-23,2021-06-05,2021,69,1
510,510,17584,"McCumber, Tyler",2022-3,2022-02-12,2022,68,2
510,510,19364,"Werenski, Richy",2021-3,2021-02-06,2021,22,0
510,500,19364,"Werenski, Richy",2021-7,2021-02-20,2021,57,1
510,12,19364,"Werenski, Richy",2021-12,2021-04-17,2021,66,2
510,23,19364,"Werenski, Richy",2021-23,2021-06-05,2021,69,3
510,12,19364,"Werenski, Richy",2022-12,2022-04-16,2022,71,4
510,510,19364,"Werenski, Richy",2023-3,2023-02-11,2023,67,5
510,12,19364,"Werenski, Richy",2023-12,2023-04-15,2023,74,6
510,510,5951,"Gay, Brian",2021-3,2021-02-06,2021,67,0
510,500,5951,"Gay, Brian",2021-7,2021-02-20,2021,60,1
510,14,5951,"Gay, Brian",2021-536,2021-04-10,2021,55,2
510,12,5951,"Gay, Brian",2021-12,2021-04-17,2021,66,3
510,23,5951,"Gay, Brian",2021-23,2021-06-05,2021,69,4
510,510,5951,"Gay, Brian",2022-3,2022-02-12,2022,68,5
510,12,5951,"Gay, Brian",2022-12,2022-04-16,2022,51,6
510,510,5951,"Gay, Brian",2023-3,2023-02-11,2023,67,7
510,12,5951,"Gay, Brian",2023-12,2023-04-15,2023,74,8
510,510,25919,"Wolff, Matthew",2021-3,2021-02-06,2021,36,0
510,500,25919,"Wolff, Matthew",2021-7,2021-02-20,2021,64,1
510,14,25919,"Wolff, Matthew",2022-14,2022-04-09,2022,53,2
510,23,25919,"Wolff, Matthew",2022-23,2022-06-04,2022,71,3
510,510,7881,"Kang, Sung",2021-3,2021-02-06,2021,67,0
510,500,7881,"Kang, Sung",2021-7,2021-02-20,2021,67,1
510,12,7881,"Kang, Sung",2021-12,2021-04-17,2021,65,2
510,23,7881,"Kang, Sung",2021-23,2021-06-05,2021,32,3
510,510,7881,"Kang, Sung",2022-3,2022-02-12,2022,26,4
510,12,7881,"Kang, Sung",2022-12,2022-04-16,2022,71,5
510,510,18579,"Cook, Austin",2021-3,2021-02-06,2021,67,0
510,500,18579,"Cook, Austin",2021-7,2021-02-20,2021,68,1
510,12,18579,"Cook, Austin",2021-12,2021-04-17,2021,66,2
510,510,8469,"Armour, Ryan",2021-3,2021-02-06,2021,67,0
510,500,8469,"Armour, Ryan",2021-7,2021-02-20,2021,68,1
510,12,8469,"Armour, Ryan",2021-12,2021-04-17,2021,66,2
510,500,7589,"Kim, Tae Hoon",2021-7,2021-02-20,2021,68,0
510,500,8820,"Snedeker, Brandt",2021-7,2021-02-20,2021,68,0
510,12,8820,"Snedeker, Brandt",2021-12,2021-04-17,2021,42,1
510,510,8820,"Snedeker, Brandt",2022-3,2022-02-12,2022,68,2
510,12,8820,"Snedeker, Brandt",2022-12,2022-04-16,2022,71,3
510,23,8820,"Snedeker, Brandt",2022-23,2022-06-04,2022,60,4
510,23,8820,"Snedeker, Brandt",2023-23,2023-06-03,2023,41,5
510,510,8820,"Snedeker, Brandt",2024-3,2024-02-10,2024,74,6
510,23,8820,"Snedeker, Brandt",2024-23,2024-06-08,2024,53,7
510,510,8820,"Snedeker, Brandt",2025-3,2025-02-08,2025,66,8
510,23,8820,"Snedeker, Brandt",2025-23,2025-05-31,2025,7,9
510,500,19841,"DeChambeau, Bryson",2021-7,2021-02-20,2021,68,0
510,14,19841,"DeChambeau, Bryson",2021-536,2021-04-10,2021,46,1
510,23,19841,"DeChambeau, Bryson",2021-23,2021-06-05,2021,18,2
510,14,19841,"DeChambeau, Bryson",2022-14,2022-04-09,2022,53,3
510,23,19841,"DeChambeau, Bryson",2022-23,2022-06-04,2022,71,4
510,14,19841,"DeChambeau, Bryson",2023-14,2023-04-08,2023,54,5
510,14,19841,"DeChambeau, Bryson",2024-14,2024-04-13,2024,6,6
510,14,19841,"DeChambeau, Bryson",2025-14,2025-04-12,2025,5,7
510,510,6930,"Taylor, Vaughn",2021-3,2021-02-06,2021,67,0
510,500,6930,"Taylor, Vaughn",2021-7,2021-02-20,2021,68,1
510,12,6930,"Taylor, Vaughn",2021-12,2021-04-17,2021,66,2
510,23,6930,"Taylor, Vaughn",2021-23,2021-06-05,2021,18,3
510,510,9171,"Villegas, Camilo",2021-3,2021-02-06,2021,67,0
510,500,9171,"Villegas, Camilo",2021-7,2021-02-20,2021,68,1
510,12,9171,"Villegas, Camilo",2021-12,2021-04-17,2021,25,2
510,23,9171,"Villegas, Camilo",2021-23,2021-06-05,2021,69,3
510,12,9171,"Villegas, Camilo",2022-12,2022-04-16,2022,59,4
510,23,9171,"Villegas, Camilo",2022-23,2022-06-04,2022,53,5
510,510,9171,"Villegas, Camilo",2024-3,2024-02-10,2024,74,6
510,14,9171,"Villegas, Camilo",2024-14,2024-04-13,2024,35,7
510,510,9171,"Villegas, Camilo",2025-3,2025-02-08,2025,44,8
510,500,21549,"Mack III, Willie",2021-7,2021-02-20,2021,68,0
510,510,18635,"Shelton, Robby",2021-3,2021-02-06,2021,53,0
510,500,18635,"Shelton, Robby",2021-7,2021-02-20,2021,68,1
510,12,18635,"Shelton, Robby",2021-12,2021-04-17,2021,66,2
510,23,18635,"Shelton, Robby",2021-23,2021-06-05,2021,32,3
510,23,18635,"Shelton, Robby",2023-23,2023-06-03,2023,66,4
510,510,18635,"Shelton, Robby",2024-3,2024-02-10,2024,60,5
510,500,12846,"Herman, Jim",2021-7,2021-02-20,2021,68,0
510,14,12846,"Herman, Jim",2021-536,2021-04-10,2021,53,1
510,12,12846,"Herman, Jim",2021-12,2021-04-17,2021,66,2
510,23,12846,"Herman, Jim",2021-23,2021-06-05,2021,26,3
510,12,12846,"Herman, Jim",2022-12,2022-04-16,2022,56,4
510,510,12846,"Herman, Jim",2023-3,2023-02-11,2023,66,5
510,12,12846,"Herman, Jim",2023-12,2023-04-15,2023,67,6
510,510,26211,"Augenstein, John",2021-3,2021-02-06,2021,67,0
510,500,26211,"Augenstein, John",2021-7,2021-02-20,2021,68,1
510,12,26211,"Augenstein, John",2021-12,2021-04-17,2021,66,2
510,500,21875,"Widing, Tim",2021-7,2021-02-20,2021,68,0
510,510,13026,"Zhang, Xinjun",2021-3,2021-02-06,2021,65,0
510,500,13026,"Zhang, Xinjun",2021-7,2021-02-20,2021,68,1
510,12,13026,"Zhang, Xinjun",2021-12,2021-04-17,2021,66,2
510,23,13026,"Zhang, Xinjun",2021-23,2021-06-05,2021,26,3
510,510,7293,"Walker, Jimmy",2021-3,2021-02-06,2021,67,0
510,500,7293,"Walker, Jimmy",2021-7,2021-02-20,2021,68,1
510,14,7293,"Walker, Jimmy",2021-536,2021-04-10,2021,55,2
510,23,7293,"Walker, Jimmy",2021-23,2021-06-05,2021,6,3
510,510,7293,"Walker, Jimmy",2022-3,2022-02-12,2022,68,4
510,510,7293,"Walker, Jimmy",2023-3,2023-02-11,2023,67,5
510,12,7293,"Walker, Jimmy",2023-12,2023-04-15,2023,25,6
510,500,6892,"Howell III, Charles",2021-7,2021-02-20,2021,68,0
510,12,6892,"Howell III, Charles",2021-12,2021-04-17,2021,18,1
510,23,6892,"Howell III, Charles",2021-23,2021-06-05,2021,69,2
510,510,6892,"Howell III, Charles",2022-3,2022-02-12,2022,68,3
510,12,6892,"Howell III, Charles",2022-12,2022-04-16,2022,71,4
510,23,6892,"Howell III, Charles",2022-23,2022-06-04,2022,18,5
510,510,5716,"Harrington, Padraig",2021-3,2021-02-06,2021,67,0
510,500,5716,"Harrington, Padraig",2021-7,2021-02-20,2021,68,1
510,23,5716,"Harrington, Padraig",2021-23,2021-06-05,2021,69,2
510,14,5716,"Harrington, Padraig",2022-14,2022-04-09,2022,53,3
510,500,26982,"Flanagan, Angus",2021-7,2021-02-20,2021,68,0
510,14,20730,"Perez, Victor",2021-536,2021-04-10,2021,55,0
510,23,20730,"Perez, Victor",2021-23,2021-06-05,2021,69,1
510,510,20730,"Perez, Victor",2024-3,2024-02-10,2024,74,2
510,23,20730,"Perez, Victor",2024-23,2024-06-08,2024,12,3
510,510,20730,"Perez, Victor",2025-3,2025-02-08,2025,78,4
510,23,32319,"Koivun, Jackson",2024-23,2024-06-08,2024,52,0
510,14,1547,"Mickelson, Phil",2021-536,2021-04-10,2021,21,0
510,14,1547,"Mickelson, Phil",2023-14,2023-04-08,2023,2,1
510,14,1547,"Mickelson, Phil",2024-14,2024-04-13,2024,43,2
510,14,1547,"Mickelson, Phil",2025-14,2025-04-12,2025,53,3
510,14,3485,"Olazabal, Jose Maria",2021-536,2021-04-10,2021,50,0
510,14,3485,"Olazabal, Jose Maria",2022-14,2022-04-09,2022,53,1
510,14,3485,"Olazabal, Jose Maria",2023-14,2023-04-08,2023,54,2
510,14,3485,"Olazabal, Jose Maria",2024-14,2024-04-13,2024,45,3
510,14,3485,"Olazabal, Jose Maria",2025-14,2025-04-12,2025,53,4
510,14,653,"Singh, Vijay",2021-536,2021-04-10,2021,55,0
510,14,653,"Singh, Vijay",2022-14,2022-04-09,2022,53,1
510,14,653,"Singh, Vijay",2023-14,2023-04-08,2023,54,2
510,14,653,"Singh, Vijay",2024-14,2024-04-13,2024,58,3
510,14,5513,"Weir, Mike",2021-536,2021-04-10,2021,55,0
510,14,5513,"Weir, Mike",2022-14,2022-04-09,2022,53,1
510,14,5513,"Weir, Mike",2023-14,2023-04-08,2023,54,2
510,14,5513,"Weir, Mike",2024-14,2024-04-13,2024,61,3
510,14,5513,"Weir, Mike",2025-14,2025-04-12,2025,53,4
510,510,6986,"Johnson, Zach",2021-3,2021-02-06,2021,42,0
510,14,6986,"Johnson, Zach",2021-536,2021-04-10,2021,55,1
510,12,6986,"Johnson, Zach",2021-12,2021-04-17,2021,66,2
510,510,6986,"Johnson, Zach",2022-3,2022-02-12,2022,43,3
510,14,6986,"Johnson, Zach",2022-14,2022-04-09,2022,53,4
510,510,6986,"Johnson, Zach",2023-3,2023-02-11,2023,32,5
510,14,6986,"Johnson, Zach",2023-14,2023-04-08,2023,34,6
510,12,6986,"Johnson, Zach",2023-12,2023-04-15,2023,54,7
510,23,6986,"Johnson, Zach",2023-23,2023-06-03,2023,66,8
510,510,6986,"Johnson, Zach",2024-3,2024-02-10,2024,60,9
510,14,6986,"Johnson, Zach",2024-14,2024-04-13,2024,61,10
510,14,6986,"Johnson, Zach",2025-14,2025-04-12,2025,8,11
510,14,23113,"Hagestad, Stewart",2022-14,2022-04-09,2022,53,0
510,14,23113,"Hagestad, Stewart",2024-14,2024-04-13,2024,61,1
510,14,29195,"De la Fuente, Santiago",2024-14,2024-04-13,2024,61,0
510,14,44,"Couples, Fred",2021-536,2021-04-10,2021,55,0
510,14,44,"Couples, Fred",2022-14,2022-04-09,2022,53,1
510,14,44,"Couples, Fred",2023-14,2023-04-08,2023,50,2
510,14,44,"Couples, Fred",2024-14,2024-04-13,2024,61,3
510,14,44,"Couples, Fred",2025-14,2025-04-12,2025,53,4
510,14,25964,"Stubbs, Jasper",2024-14,2024-04-13,2024,61,0
510,510,14698,"Bramlett, Joseph",2022-3,2022-02-12,2022,53,0
510,12,14698,"Bramlett, Joseph",2022-12,2022-04-16,2022,48,1
510,23,14698,"Bramlett, Joseph",2023-23,2023-06-03,2023,16,2
510,510,14698,"Bramlett, Joseph",2024-3,2024-02-10,2024,74,3
510,14,28158,"Bennett, Sam",2023-14,2023-04-08,2023,16,0
510,23,28158,"Bennett, Sam",2023-23,2023-06-03,2023,63,1
510,14,15756,"Higa, Kazuki",2023-14,2023-04-08,2023,54,0
510,23,15756,"Higa, Kazuki",2023-23,2023-06-03,2023,66,1
510,510,26660,"Gordon, Will",2021-3,2021-02-06,2021,67,0
510,12,26660,"Gordon, Will",2021-12,2021-04-17,2021,66,1
510,23,26660,"Gordon, Will",2023-23,2023-06-03,2023,66,2
510,510,26660,"Gordon, Will",2024-3,2024-02-10,2024,74,3
510,510,26660,"Gordon, Will",2025-3,2025-02-08,2025,69,4
510,23,17068,"Daffue, MJ",2023-23,2023-06-03,2023,66,0
510,510,12477,"McGirt, William",2021-3,2021-02-06,2021,67,0
510,12,12477,"McGirt, William",2021-12,2021-04-17,2021,66,1
510,23,12477,"McGirt, William",2021-23,2021-06-05,2021,69,2
510,510,12477,"McGirt, William",2022-3,2022-02-12,2022,68,3
510,12,12477,"McGirt, William",2022-12,2022-04-16,2022,71,4
510,23,12477,"McGirt, William",2022-23,2022-06-04,2022,71,5
510,23,12477,"McGirt, William",2023-23,2023-06-03,2023,66,6
510,23,14815,"Lingmerth, David",2021-23,2021-06-05,2021,69,0
510,23,14815,"Lingmerth, David",2022-23,2022-06-04,2022,48,1
510,23,14815,"Lingmerth, David",2023-23,2023-06-03,2023,66,2
510,510,7301,"Dufner, Jason",2021-3,2021-02-06,2021,67,0
510,12,7301,"Dufner, Jason",2021-12,2021-04-17,2021,66,1
510,23,7301,"Dufner, Jason",2021-23,2021-06-05,2021,37,2
510,510,7301,"Dufner, Jason",2022-3,2022-02-12,2022,68,3
510,23,7301,"Dufner, Jason",2022-23,2022-06-04,2022,71,4
510,510,7301,"Dufner, Jason",2023-3,2023-02-11,2023,32,5
510,12,7301,"Dufner, Jason",2023-12,2023-04-15,2023,74,6
510,23,7301,"Dufner, Jason",2023-23,2023-06-03,2023,66,7
510,23,18105,"Lawrence, Thriston",2023-23,2023-06-03,2023,66,0
510,510,18105,"Lawrence, Thriston",2025-3,2025-02-08,2025,78,1
510,14,18105,"Lawrence, Thriston",2025-14,2025-04-12,2025,53,2
510,23,19224,"Micheluzzi, David",2023-23,2023-06-03,2023,66,0
510,12,1804,"Choi, K.J.",2021-12,2021-04-17,2021,66,0
510,23,1804,"Choi, K.J.",2021-23,2021-06-05,2021,69,1
510,23,1804,"Choi, K.J.",2023-23,2023-06-03,2023,66,2
510,14,30732,"Carr, Ben",2023-14,2023-04-08,2023,54,0
510,14,290,"Langer, Bernhard",2021-536,2021-04-10,2021,55,0
510,14,290,"Langer, Bernhard",2022-14,2022-04-09,2022,53,1
510,14,290,"Langer, Bernhard",2023-14,2023-04-08,2023,54,2
510,14,290,"Langer, Bernhard",2025-14,2025-04-12,2025,53,3
510,14,26990,"Mcclean, Matthew",2023-14,2023-04-08,2023,54,0
510,14,24294,"Fernandez de oliveira, Mateo",2023-14,2023-04-08,2023,54,0
510,14,24280,"Crowe, Harrison",2023-14,2023-04-08,2023,54,0
510,14,30814,"Sargent, Gordon",2023-14,2023-04-08,2023,54,0
510,14,139,"Mize, Larry",2021-536,2021-04-10,2021,55,0
510,14,139,"Mize, Larry",2022-14,2022-04-09,2022,53,1
510,14,139,"Mize, Larry",2023-14,2023-04-08,2023,54,2
510,14,294,"Lyle, Sandy",2021-536,2021-04-10,2021,55,0
510,14,294,"Lyle, Sandy",2022-14,2022-04-09,2022,53,1
510,14,294,"Lyle, Sandy",2023-14,2023-04-08,2023,54,2
510,23,15004,"Kim, Chan",2022-23,2022-06-04,2022,67,0
510,510,15004,"Kim, Chan",2025-3,2025-02-08,2025,78,1
510,510,7489,"Moore, Ryan",2021-3,2021-02-06,2021,67,0
510,12,7489,"Moore, Ryan",2021-12,2021-04-17,2021,52,1
510,510,7489,"Moore, Ryan",2022-3,2022-02-12,2022,49,2
510,23,7489,"Moore, Ryan",2022-23,2022-06-04,2022,70,3
510,510,7489,"Moore, Ryan",2023-3,2023-02-11,2023,67,4
510,12,7489,"Moore, Ryan",2023-12,2023-04-15,2023,74,5
510,510,7489,"Moore, Ryan",2024-3,2024-02-10,2024,74,6
510,23,7457,"Cabrera Bello, Rafa",2021-23,2021-06-05,2021,37,0
510,23,7457,"Cabrera Bello, Rafa",2022-23,2022-06-04,2022,71,1
510,23,16842,"Luck, Curtis",2022-23,2022-06-04,2022,71,0
510,510,14706,"Swafford, Hudson",2021-3,2021-02-06,2021,67,0
510,14,14706,"Swafford, Hudson",2021-536,2021-04-10,2021,55,1
510,12,14706,"Swafford, Hudson",2021-12,2021-04-17,2021,66,2
510,23,14706,"Swafford, Hudson",2021-23,2021-06-05,2021,62,3
510,510,14706,"Swafford, Hudson",2022-3,2022-02-12,2022,60,4
510,14,14706,"Swafford, Hudson",2022-14,2022-04-09,2022,30,5
510,12,14706,"Swafford, Hudson",2022-12,2022-04-16,2022,35,6
510,23,14706,"Swafford, Hudson",2022-23,2022-06-04,2022,71,7
510,14,29230,"Piot, James",2022-14,2022-04-09,2022,53,0
510,12,29230,"Piot, James",2022-12,2022-04-16,2022,71,1
510,23,29230,"Piot, James",2022-23,2022-06-04,2022,71,2
510,23,27820,"Pak, John",2022-23,2022-06-04,2022,71,0
510,23,22738,"Morgan, Jediah",2022-23,2022-06-04,2022,71,0
510,12,29767,"Gerard, Ryan",2025-12,2025-04-19,2025,27,0
510,23,29767,"Gerard, Ryan",2025-23,2025-05-31,2025,23,1
510,14,31960,"Hastings, Justin",2025-14,2025-04-12,2025,53,0
510,14,25384,"Tai, Hiroshi",2025-14,2025-04-12,2025,53,0
510,14,22025,"Beck, Evan",2025-14,2025-04-12,2025,53,0
510,510,28473,"Ballester Barrio, Jose Luis",2025-3,2025-02-08,2025,78,0
510,14,28473,"Ballester Barrio, Jose Luis",2025-14,2025-04-12,2025,53,1
510,14,14795,"Canter, Laurie",2025-14,2025-04-12,2025,53,0
510,14,5717,"Cabrera, Angel",2025-14,2025-04-12,2025,53,0
510,14,33354,"Kent, Noah",2025-14,2025-04-12,2025,53,0
510,14,4052,"Westwood, Lee",2021-536,2021-04-10,2021,55,0
510,12,4052,"Westwood, Lee",2021-12,2021-04-17,2021,63,1
510,14,4052,"Westwood, Lee",2022-14,2022-04-09,2022,14,2
510,14,29327,"Greaser, Austin",2022-14,2022-04-09,2022,53,0
510,14,17357,"Migliozzi, Guido",2022-14,2022-04-09,2022,53,0
510,14,29328,"Jarvis, Aaron",2022-14,2022-04-09,2022,53,0
510,14,28617,"Shepherd, Laird",2022-14,2022-04-09,2022,53,0
510,23,18770,"Rozner, Antoine",2021-23,2021-06-05,2021,18,0
510,510,7672,"Oosthuizen, Louis",2021-3,2021-02-06,2021,11,0
510,14,7672,"Oosthuizen, Louis",2021-536,2021-04-10,2021,26,1
510,23,7672,"Oosthuizen, Louis",2021-23,2021-06-05,2021,18,2
510,510,7672,"Oosthuizen, Louis",2022-3,2022-02-12,2022,14,3
510,14,24450,"Strafaci, Tyler",2021-536,2021-04-10,2021,55,0
510,23,24450,"Strafaci, Tyler",2021-23,2021-06-05,2021,57,1
510,14,27984,"Long, Joe",2021-536,2021-04-10,2021,55,0
510,23,27984,"Long, Joe",2021-23,2021-06-05,2021,69,1
510,510,11382,"Lovemark, Jamie",2021-3,2021-02-06,2021,67,0
510,23,11382,"Lovemark, Jamie",2021-23,2021-06-05,2021,69,1
510,14,1435,"Poulter, Ian",2021-536,2021-04-10,2021,26,0
510,12,1435,"Poulter, Ian",2021-12,2021-04-17,2021,48,1
510,12,1435,"Poulter, Ian",2022-12,2022-04-16,2022,42,2
510,14,5994,"Stenson, Henrik",2021-536,2021-04-10,2021,38,0
510,12,5994,"Stenson, Henrik",2022-12,2022-04-16,2022,54,1
510,14,9531,"Wiesberger, Bernd",2021-536,2021-04-10,2021,40,0
510,14,26912,"Osborne, Charles",2021-536,2021-04-10,2021,55,0
510,14,334,"Woosnam, Ian",2021-536,2021-04-10,2021,55,0
510,12,14799,"Barnes, Erik",2024-12,2024-04-20,2024,58,0
510,12,23656,"Young, Carson",2023-12,2023-04-15,2023,19,0
510,510,23656,"Young, Carson",2024-3,2024-02-10,2024,41,1
510,510,23656,"Young, Carson",2025-3,2025-02-08,2025,57,2
510,12,14007,"Martin, Ben",2021-12,2021-04-17,2021,66,0
510,12,14007,"Martin, Ben",2022-12,2022-04-16,2022,59,1
510,12,14007,"Martin, Ben",2023-12,2023-04-15,2023,41,2
510,510,14007,"Martin, Ben",2024-3,2024-02-10,2024,74,3
510,510,14007,"Martin, Ben",2025-3,2025-02-08,2025,78,4
510,12,874,"Els, Ernie",2023-12,2023-04-15,2023,56,0
510,510,13531,"Kodaira, Satoshi",2021-3,2021-02-06,2021,63,0
510,12,13531,"Kodaira, Satoshi",2021-12,2021-04-17,2021,66,1
510,12,13531,"Kodaira, Satoshi",2022-12,2022-04-16,2022,71,2
510,12,13531,"Kodaira, Satoshi",2023-12,2023-04-15,2023,74,3
510,12,28167,"Gibson, Tommy",2021-12,2021-04-17,2021,66,0
510,12,28167,"Gibson, Tommy",2023-12,2023-04-15,2023,74,1
510,12,3464,"Love III, Davis",2021-12,2021-04-17,2021,66,0
510,12,3464,"Love III, Davis",2022-12,2022-04-16,2022,71,1
510,12,3464,"Love III, Davis",2023-12,2023-04-15,2023,74,2
510,12,7548,"McDowell, Graeme",2021-12,2021-04-17,2021,66,0
510,510,7548,"McDowell, Graeme",2022-3,2022-02-12,2022,68,1
510,12,7548,"McDowell, Graeme",2022-12,2022-04-16,2022,21,2
510,12,7900,"Haas, Bill",2021-12,2021-04-17,2021,66,0
510,510,7900,"Haas, Bill",2022-3,2022-02-12,2022,68,1
510,12,7900,"Haas, Bill",2022-12,2022-04-16,2022,59,2
510,510,6931,"Byrd, Jonathan",2022-3,2022-02-12,2022,68,0
510,12,6931,"Byrd, Jonathan",2022-12,2022-04-16,2022,70,1
510,12,14082,"Hoffmann, Morgan",2022-12,2022-04-16,2022,71,0
510,510,11330,"Brown, Scott",2021-3,2021-02-06,2021,67,0
510,12,11330,"Brown, Scott",2021-12,2021-04-17,2021,66,1
510,12,11330,"Brown, Scott",2022-12,2022-04-16,2022,71,2
510,12,28075,"Deneen, Morgan",2022-12,2022-04-16,2022,71,0
510,12,26013,"Nimmer, Bryson",2021-12,2021-04-17,2021,66,0
510,12,26013,"Nimmer, Bryson",2022-12,2022-04-16,2022,71,1
510,12,13404,"Gligic, Michael",2021-12,2021-04-17,2021,66,0
510,12,13404,"Gligic, Michael",2022-12,2022-04-16,2022,71,1
510,510,15634,"Trainer, Martin",2021-3,2021-02-06,2021,67,0
510,12,15634,"Trainer, Martin",2021-12,2021-04-17,2021,66,1
510,510,15634,"Trainer, Martin",2022-3,2022-02-12,2022,43,2
510,12,15634,"Trainer, Martin",2022-12,2022-04-16,2022,71,3
510,510,15164,"Lewis, Tom",2021-3,2021-02-06,2021,67,0
510,12,15164,"Lewis, Tom",2021-12,2021-04-17,2021,25,1
510,12,17509,"Seiffert, Chase",2021-12,2021-04-17,2021,42,0
510,510,6283,"Sabbatini, Rory",2021-3,2021-02-06,2021,67,0
510,12,6283,"Sabbatini, Rory",2021-12,2021-04-17,2021,51,1
510,510,6283,"Sabbatini, Rory",2022-3,2022-02-12,2022,33,2
510,510,6283,"Sabbatini, Rory",2023-3,2023-02-11,2023,67,3
510,510,7636,"Mahan, Hunter",2021-3,2021-02-06,2021,67,0
510,12,7636,"Mahan, Hunter",2021-12,2021-04-17,2021,66,1
510,510,8769,"Potter, Jr., Ted",2021-3,2021-02-06,2021,64,0
510,12,8769,"Potter, Jr., Ted",2021-12,2021-04-17,2021,66,1
510,510,6457,"Van Pelt, Bo",2021-3,2021-02-06,2021,30,0
510,12,6457,"Van Pelt, Bo",2021-12,2021-04-17,2021,66,1
510,510,31212,"Chandler, Will",2025-3,2025-02-08,2025,6,0
510,510,17381,"Silverman, Ben",2022-3,2022-02-12,2022,68,0
510,510,17381,"Silverman, Ben",2025-3,2025-02-08,2025,16,1
510,510,10873,"Skinns, David",2025-3,2025-02-08,2025,49,0
510,510,15651,"Ventura, Kris",2025-3,2025-02-08,2025,49,0
510,510,26850,"Svensson, Jesper",2025-3,2025-02-08,2025,63,0
510,510,22535,"Norrman, Vincent",2024-3,2024-02-10,2024,74,0
510,510,22535,"Norrman, Vincent",2025-3,2025-02-08,2025,71,1
510,510,32330,"Clanton, Luke",2025-3,2025-02-08,2025,78,0
510,510,16395,"Kohles, Ben",2024-3,2024-02-10,2024,74,0
510,510,16395,"Kohles, Ben",2025-3,2025-02-08,2025,78,1
510,510,25094,"Fishburn, Patrick",2025-3,2025-02-08,2025,78,0
510,510,12426,"Waring, Paul",2025-3,2025-02-08,2025,78,0
510,510,26657,"Fisk, Steven",2025-3,2025-02-08,2025,78,0
510,510,21995,"Springer, Hayden",2025-3,2025-02-08,2025,78,0
510,510,21412,"Capan III, Frankie",2025-3,2025-02-08,2025,78,0
510,510,10622,"Mueller, Jesse",2021-3,2021-02-06,2021,67,0
510,510,10622,"Mueller, Jesse",2024-3,2024-02-10,2024,66,1
510,510,10622,"Mueller, Jesse",2025-3,2025-02-08,2025,78,2
510,510,6252,"Baddeley, Aaron",2024-3,2024-02-10,2024,28,0
510,510,16382,"Knous, Jim",2024-3,2024-02-10,2024,28,0
510,510,13305,"Chappell, Kevin",2022-3,2022-02-12,2022,43,0
510,510,13305,"Chappell, Kevin",2024-3,2024-02-10,2024,49,1
510,510,17639,"Blair, Zac",2024-3,2024-02-10,2024,49,0
510,510,14002,"Alexander, Tyson",2024-3,2024-02-10,2024,53,0
510,510,24490,"Galletti, Nicolo",2024-3,2024-02-10,2024,73,0
510,510,25002,"Wu, Dylan",2024-3,2024-02-10,2024,74,0
510,510,14775,"Bjork, Alexander",2024-3,2024-02-10,2024,74,0
510,510,7602,"Stadler, Kevin",2021-3,2021-02-06,2021,67,0
510,510,7602,"Stadler, Kevin",2024-3,2024-02-10,2024,74,1
510,510,6846,"Barnes, Ricky",2023-3,2023-02-11,2023,67,0
510,510,20547,"Ward, Dalton",2023-3,2023-02-11,2023,67,0
510,510,22461,"White, Brett",2023-3,2023-02-11,2023,67,0
510,510,16289,"Metzger, Andre",2023-3,2023-02-11,2023,67,0
510,510,19359,"Hopper, Michael",2023-3,2023-02-11,2023,67,0
510,510,25567,"Papineau, Etienne",2022-3,2022-02-12,2022,68,0
510,510,11117,"Noh, Seung-Yul",2022-3,2022-02-12,2022,68,0
510,510,15428,"Hocknull, Craig",2022-3,2022-02-12,2022,68,0
510,510,26746,"Summerhays, Preston",2022-3,2022-02-12,2022,68,0
510,510,4818,"Stricker, Steve",2021-3,2021-02-06,2021,4,0
510,510,5151,"Kelly, Jerry",2021-3,2021-02-06,2021,67,0
510,510,19029,"Anguiano, Mark",2021-3,2021-02-06,2021,67,0
510,510,14606,"Huh, John",2021-3,2021-02-06,2021,67,0
4,4,6093,"Rose, Justin",2022-4,2022-01-28,2022,6,0
4,4,6093,"Rose, Justin",2023-4,2023-01-27,2023,18,1
4,4,6093,"Rose, Justin",2024-4,2024-01-26,2024,56,2
4,4,6093,"Rose, Justin",2025-4,2025-01-24,2025,71,3
4,4,6093,"Rose, Justin",2026-4,2026-01-31,2026,1,4
4,4,28309,"Coody, Pierceson",2026-4,2026-01-31,2026,2,0
4,4,14609,"Kim, Si Woo",2021-4,2021-01-30,2021,80,0
4,4,14609,"Kim, Si Woo",2022-4,2022-01-28,2022,11,1
4,4,14609,"Kim, Si Woo",2023-4,2023-01-27,2023,25,2
4,4,14609,"Kim, Si Woo",2025-4,2025-01-24,2025,71,3
4,4,14609,"Kim, Si Woo",2026-4,2026-01-31,2026,2,4
4,4,22760,"Hisatsune, Ryo",2024-4,2024-01-26,2024,33,0
4,4,22760,"Hisatsune, Ryo",2026-4,2026-01-31,2026,2,1
4,4,16394,"Jaeger, Stephan",2022-4,2022-01-28,2022,80,0
4,4,16394,"Jaeger, Stephan",2023-4,2023-01-27,2023,53,1
4,4,16394,"Jaeger, Stephan",2024-4,2024-01-26,2024,3,2
4,4,16394,"Jaeger, Stephan",2026-4,2026-01-31,2026,5,3
4,4,19396,"Knapp, Jake",2024-4,2024-01-26,2024,3,0
4,4,19396,"Knapp, Jake",2025-4,2025-01-24,2025,32,1
4,4,19396,"Knapp, Jake",2026-4,2026-01-31,2026,5,2
4,4,14509,"Dahmen, Joel",2025-4,2025-01-24,2025,9,0
4,4,14509,"Dahmen, Joel",2026-4,2026-01-31,2026,7,1
4,4,23475,"Novak, Andrew",2022-4,2022-01-28,2022,70,0
4,4,23475,"Novak, Andrew",2023-4,2023-01-27,2023,69,1
4,4,23475,"Novak, Andrew",2024-4,2024-01-26,2024,79,2
4,4,23475,"Novak, Andrew",2025-4,2025-01-24,2025,3,3
4,4,23475,"Novak, Andrew",2026-4,2026-01-31,2026,7,4
4,4,23014,"Theegala, Sahith",2022-4,2022-01-28,2022,25,0
4,4,23014,"Theegala, Sahith",2023-4,2023-01-27,2023,4,1
4,4,23014,"Theegala, Sahith",2024-4,2024-01-26,2024,64,2
4,4,23014,"Theegala, Sahith",2025-4,2025-01-24,2025,52,3
4,4,23014,"Theegala, Sahith",2026-4,2026-01-31,2026,7,4
4,4,18634,"McNealy, Maverick",2022-4,2022-01-28,2022,30,0
4,4,18634,"McNealy, Maverick",2023-4,2023-01-27,2023,31,1
4,4,18634,"McNealy, Maverick",2024-4,2024-01-26,2024,37,2
4,4,18634,"McNealy, Maverick",2025-4,2025-01-24,2025,52,3
4,4,18634,"McNealy, Maverick",2026-4,2026-01-31,2026,10,4
4,4,13562,"Matsuyama, Hideki",2021-4,2021-01-30,2021,53,0
4,4,13562,"Matsuyama, Hideki",2022-4,2022-01-28,2022,30,1
4,4,13562,"Matsuyama, Hideki",2023-4,2023-01-27,2023,9,2
4,4,13562,"Matsuyama, Hideki",2024-4,2024-01-26,2024,13,3
4,4,13562,"Matsuyama, Hideki",2025-4,2025-01-24,2025,32,4
4,4,13562,"Matsuyama, Hideki",2026-4,2026-01-31,2026,11,5
4,4,29767,"Gerard, Ryan",2025-4,2025-01-24,2025,15,0
4,4,29767,"Gerard, Ryan",2026-4,2026-01-31,2026,11,1
4,4,10104,"Power, Seamus",2026-4,2026-01-31,2026,11,0
4,4,19477,"Schenk, Adam",2022-4,2022-01-28,2022,56,0
4,4,19477,"Schenk, Adam",2023-4,2023-01-27,2023,20,1
4,4,19477,"Schenk, Adam",2024-4,2024-01-26,2024,25,2
4,4,19477,"Schenk, Adam",2025-4,2025-01-24,2025,25,3
4,4,19477,"Schenk, Adam",2026-4,2026-01-31,2026,11,4
4,4,17365,"Mitchell, Keith",2024-4,2024-01-26,2024,79,0
4,4,17365,"Mitchell, Keith",2026-4,2026-01-31,2026,11,1
4,4,11676,"Finau, Tony",2021-4,2021-01-30,2021,2,0
4,4,11676,"Finau, Tony",2022-4,2022-01-28,2022,80,1
4,4,11676,"Finau, Tony",2023-4,2023-01-27,2023,9,2
4,4,11676,"Finau, Tony",2024-4,2024-01-26,2024,6,3
4,4,11676,"Finau, Tony",2026-4,2026-01-31,2026,11,4
4,4,15310,"Li, Haotong",2026-4,2026-01-31,2026,11,0
4,4,28635,"McCarty, Matt",2026-4,2026-01-31,2026,18,0
4,4,15980,"Lipsky, David",2022-4,2022-01-28,2022,56,0
4,4,15980,"Lipsky, David",2026-4,2026-01-31,2026,18,1
4,4,27774,"Gotterup, Chris",2024-4,2024-01-26,2024,50,0
4,4,27774,"Gotterup, Chris",2025-4,2025-01-24,2025,25,1
4,4,27774,"Gotterup, Chris",2026-4,2026-01-31,2026,18,2
4,4,26649,"Thorbjornsen, Michael",2025-4,2025-01-24,2025,71,0
4,4,26649,"Thorbjornsen, Michael",2026-4,2026-01-31,2026,18,1
4,4,23602,"Hojgaard, Nicolai",2024-4,2024-01-26,2024,2,0
4,4,23602,"Hojgaard, Nicolai",2026-4,2026-01-31,2026,22,1
4,4,14577,"English, Harris",2024-4,2024-01-26,2024,64,0
4,4,14577,"English, Harris",2025-4,2025-01-24,2025,1,1
4,4,14577,"English, Harris",2026-4,2026-01-31,2026,22,2
4,4,26651,"Young, Cameron",2021-4,2021-01-30,2021,80,0
4,4,26651,"Young, Cameron",2022-4,2022-01-28,2022,20,1
4,4,26651,"Young, Cameron",2026-4,2026-01-31,2026,22,2
4,4,15651,"Ventura, Kristoffer",2021-4,2021-01-30,2021,80,0
4,4,15651,"Ventura, Kris",2025-4,2025-01-24,2025,4,1
4,4,15651,"Ventura, Kris",2026-4,2026-01-31,2026,22,2
4,4,19840,"Ramey, Chad",2022-4,2022-01-28,2022,39,0
4,4,19840,"Ramey, Chad",2024-4,2024-01-26,2024,78,1
4,4,19840,"Ramey, Chad",2025-4,2025-01-24,2025,48,2
4,4,19840,"Ramey, Chad",2026-4,2026-01-31,2026,22,3
4,4,18103,"Bezuidenhout, Christiaan",2022-4,2022-01-28,2022,46,0
4,4,18103,"Bezuidenhout, Christiaan",2026-4,2026-01-31,2026,27,1
4,4,21756,"Cole, Eric",2024-4,2024-01-26,2024,79,0
4,4,21756,"Cole, Eric",2025-4,2025-01-24,2025,68,1
4,4,21756,"Cole, Eric",2026-4,2026-01-31,2026,27,2
4,4,16283,"Rodgers, Patrick",2021-4,2021-01-30,2021,80,0
4,4,16283,"Rodgers, Patrick",2022-4,2022-01-28,2022,62,1
4,4,16283,"Rodgers, Patrick",2023-4,2023-01-27,2023,74,2
4,4,16283,"Rodgers, Patrick",2024-4,2024-01-26,2024,9,3
4,4,16283,"Rodgers, Patrick",2025-4,2025-01-24,2025,56,4
4,4,16283,"Rodgers, Patrick",2026-4,2026-01-31,2026,27,5
4,4,6430,"Scott, Adam",2021-4,2021-01-30,2021,10,0
4,4,6430,"Scott, Adam",2026-4,2026-01-31,2026,30,1
4,4,25569,"Stevens, Sam",2023-4,2023-01-27,2023,13,0
4,4,25569,"Stevens, Sam",2024-4,2024-01-26,2024,43,1
4,4,25569,"Stevens, Sam",2025-4,2025-01-24,2025,2,2
4,4,25569,"Stevens, Sam",2026-4,2026-01-31,2026,30,3
4,4,23505,"McGreevy, Max",2026-4,2026-01-31,2026,30,0
4,4,21407,"Reitan, Kristoffer",2026-4,2026-01-31,2026,30,0
4,4,27183,"Salinda, Isaiah",2025-4,2025-01-24,2025,42,0
4,4,27183,"Salinda, Isaiah",2026-4,2026-01-31,2026,30,1
4,4,20766,"Brown, Dan",2026-4,2026-01-31,2026,30,0
4,4,23838,"Hojgaard, Rasmus",2026-4,2026-01-31,2026,30,0
4,4,17723,"Lower, Justin",2024-4,2024-01-26,2024,43,0
4,4,17723,"Lower, Justin",2026-4,2026-01-31,2026,30,1
4,4,12808,"Grillo, Emiliano",2022-4,2022-01-28,2022,80,0
4,4,12808,"Grillo, Emiliano",2023-4,2023-01-27,2023,44,1
4,4,12808,"Grillo, Emiliano",2024-4,2024-01-26,2024,20,2
4,4,12808,"Grillo, Emiliano",2026-4,2026-01-31,2026,38,3
4,4,9771,"Day, Jason",2022-4,2022-01-28,2022,3,0
4,4,9771,"Day, Jason",2023-4,2023-01-27,2023,7,1
4,4,9771,"Day, Jason",2025-4,2025-01-24,2025,32,2
4,4,9771,"Day, Jason",2026-4,2026-01-31,2026,38,3
4,4,25003,"Walker, Danny",2025-4,2025-01-24,2025,42,0
4,4,25003,"Walker, Danny",2026-4,2026-01-31,2026,38,1
4,4,19960,"Pavon, Matthieu",2024-4,2024-01-26,2024,1,0
4,4,19960,"Pavon, Matthieu",2026-4,2026-01-31,2026,38,1
4,4,24304,"Vilips, Karl",2026-4,2026-01-31,2026,38,0
4,4,32457,"Keefer, Johnny",2026-4,2026-01-31,2026,43,0
4,4,27364,"Thompson, Davis",2023-4,2023-01-27,2023,69,0
4,4,27364,"Thompson, Davis",2026-4,2026-01-31,2026,43,1
4,4,13764,"Parry, John",2026-4,2026-01-31,2026,43,0
4,4,27819,"Castillo, Ricky",2025-4,2025-01-24,2025,15,0
4,4,27819,"Castillo, Ricky",2026-4,2026-01-31,2026,43,1
4,4,13872,"Bradley, Keegan",2022-4,2022-01-28,2022,65,0
4,4,13872,"Bradley, Keegan",2023-4,2023-01-27,2023,2,1
4,4,13872,"Bradley, Keegan",2024-4,2024-01-26,2024,43,2
4,4,13872,"Bradley, Keegan",2025-4,2025-01-24,2025,15,3
4,4,13872,"Bradley, Keegan",2026-4,2026-01-31,2026,43,4
4,4,25319,"VanDerLaan, John",2026-4,2026-01-31,2026,43,0
4,4,28159,"Meissner, Mac",2025-4,2025-01-24,2025,52,0
4,4,28159,"Meissner, Mac",2026-4,2026-01-31,2026,49,1
4,4,21883,"Ewart, A.J.",2026-4,2026-01-31,2026,49,0
4,4,16757,"Dou, Zecheng",2023-4,2023-01-27,2023,62,0
4,4,16757,"Dou, Zecheng",2026-4,2026-01-31,2026,49,1
4,4,26653,"Eckroat, Austin",2022-4,2022-01-28,2022,80,0
4,4,26653,"Eckroat, Austin",2024-4,2024-01-26,2024,37,1
4,4,26653,"Eckroat, Austin",2025-4,2025-01-24,2025,71,2
4,4,26653,"Eckroat, Austin",2026-4,2026-01-31,2026,49,3
4,4,23841,"Neergaard-Petersen, Rasmus",2026-4,2026-01-31,2026,49,0
4,4,21944,"Moore, Taylor",2023-4,2023-01-27,2023,11,0
4,4,21944,"Moore, Taylor",2024-4,2024-01-26,2024,70,1
4,4,21944,"Moore, Taylor",2025-4,2025-01-24,2025,56,2
4,4,21944,"Moore, Taylor",2026-4,2026-01-31,2026,49,3
4,4,19870,"McCarthy, Denny",2021-4,2021-01-30,2021,73,0
4,4,19870,"McCarthy, Denny",2026-4,2026-01-31,2026,49,1
4,4,16243,"Koepka, Brooks",2022-4,2022-01-28,2022,80,0
4,4,16243,"Koepka, Brooks",2026-4,2026-01-31,2026,56,1
4,4,29925,"Yellamaraju, Sudarshan",2026-4,2026-01-31,2026,56,0
4,4,20722,"Schmid, Matti",2023-4,2023-01-27,2023,74,0
4,4,20722,"Schmid, Matti",2025-4,2025-01-24,2025,25,1
4,4,20722,"Schmid, Matti",2026-4,2026-01-31,2026,56,2
4,4,16715,"Ryder, Sam",2021-4,2021-01-30,2021,10,0
4,4,16715,"Ryder, Sam",2023-4,2023-01-27,2023,4,1
4,4,16715,"Ryder, Sam",2024-4,2024-01-26,2024,79,2
4,4,16715,"Ryder, Sam",2025-4,2025-01-24,2025,25,3
4,4,16715,"Ryder, Sam",2026-4,2026-01-31,2026,59,4
4,4,24550,"Ghim, Doug",2021-4,2021-01-30,2021,37,0
4,4,24550,"Ghim, Doug",2022-4,2022-01-28,2022,34,1
4,4,24550,"Ghim, Doug",2024-4,2024-01-26,2024,13,2
4,4,24550,"Ghim, Doug",2026-4,2026-01-31,2026,59,3
4,4,19846,"Bauchou, Zach",2026-4,2026-01-31,2026,59,0
4,4,15556,"Hughes, Mackenzie",2021-4,2021-01-30,2021,80,0
4,4,15556,"Hughes, Mackenzie",2022-4,2022-01-28,2022,80,1
4,4,15556,"Hughes, Mackenzie",2024-4,2024-01-26,2024,64,2
4,4,15556,"Hughes, Mackenzie",2026-4,2026-01-31,2026,59,3
4,4,21688,"Kim, S.H.",2023-4,2023-01-27,2023,20,0
4,4,21688,"Kim, S.H.",2024-4,2024-01-26,2024,50,1
4,4,21688,"Kim, S.H.",2025-4,2025-01-24,2025,71,2
4,4,21688,"Kim, S.H.",2026-4,2026-01-31,2026,63,3
4,4,21074,"Nakajima, Keita",2023-4,2023-01-27,2023,74,0
4,4,21074,"Nakajima, Keita",2026-4,2026-01-31,2026,64,1
4,4,24766,"Kim, Tom",2026-4,2026-01-31,2026,65,0
4,4,16591,"Rozo, Marcelo",2026-4,2026-01-31,2026,65,0
4,4,28016,"Gonzalez, Emilio",2026-4,2026-01-31,2026,65,0
4,4,23604,"Clark, Wyndham",2021-4,2021-01-30,2021,32,0
4,4,23604,"Clark, Wyndham",2022-4,2022-01-28,2022,56,1
4,4,23604,"Clark, Wyndham",2023-4,2023-01-27,2023,37,2
4,4,23604,"Clark, Wyndham",2026-4,2026-01-31,2026,65,3
4,4,16333,"Hubbard, Mark",2022-4,2022-01-28,2022,80,0
4,4,16333,"Hubbard, Mark",2024-4,2024-01-26,2024,20,1
4,4,16333,"Hubbard, Mark",2025-4,2025-01-24,2025,68,2
4,4,16333,"Hubbard, Mark",2026-4,2026-01-31,2026,69,3
4,4,23504,"Hoey, Rico",2024-4,2024-01-26,2024,79,0
4,4,23504,"Hoey, Rico",2025-4,2025-01-24,2025,71,1
4,4,23504,"Hoey, Rico",2026-4,2026-01-31,2026,70,2
4,4,29279,"Suber, Jackson",2025-4,2025-01-24,2025,56,0
4,4,29279,"Suber, Jackson",2026-4,2026-01-31,2026,70,1
4,4,15575,"Hoge, Tom",2021-4,2021-01-30,2021,80,0
4,4,15575,"Hoge, Tom",2022-4,2022-01-28,2022,80,1
4,4,15575,"Hoge, Tom",2024-4,2024-01-26,2024,56,2
4,4,15575,"Hoge, Tom",2026-4,2026-01-31,2026,70,3
4,4,17786,"Davis, Cameron",2021-4,2021-01-30,2021,32,0
4,4,17786,"Davis, Cam",2022-4,2022-01-28,2022,56,1
4,4,17786,"Davis, Cam",2026-4,2026-01-31,2026,70,2
4,4,20954,"Hirata, Kensei",2026-4,2026-01-31,2026,74,0
4,4,23816,"Valimaki, Sami",2024-4,2024-01-26,2024,43,0
4,4,23816,"Valimaki, Sami",2025-4,2025-01-24,2025,15,1
4,4,23816,"Valimaki, Sami",2026-4,2026-01-31,2026,75,2
4,4,24343,"Lamprecht, Christo",2026-4,2026-01-31,2026,75,0
4,4,23465,"Greyserman, Max",2024-4,2024-01-26,2024,79,0
4,4,23465,"Greyserman, Max",2025-4,2025-01-24,2025,48,1
4,4,23465,"Greyserman, Max",2026-4,2026-01-31,2026,75,2
4,4,15470,"Hossler, Beau",2021-4,2021-01-30,2021,80,0
4,4,15470,"Hossler, Beau",2024-4,2024-01-26,2024,6,1
4,4,15470,"Hossler, Beau",2025-4,2025-01-24,2025,15,2
4,4,15470,"Hossler, Beau",2026-4,2026-01-31,2026,75,3
4,4,30814,"Sargent, Gordon",2026-4,2026-01-31,2026,75,0
4,4,22985,"Smotherman, Austin",2022-4,2022-01-28,2022,11,0
4,4,22985,"Smotherman, Austin",2026-4,2026-01-31,2026,75,1
4,4,19428,"Zalatoris, Will",2021-4,2021-01-30,2021,7,0
4,4,19428,"Zalatoris, Will",2022-4,2022-01-28,2022,2,1
4,4,19428,"Zalatoris, Will",2023-4,2023-01-27,2023,74,2
4,4,19428,"Zalatoris, Will",2024-4,2024-01-26,2024,13,3
4,4,19428,"Zalatoris, Will",2026-4,2026-01-31,2026,75,4
4,4,6169,"Kuchar, Matt",2026-4,2026-01-31,2026,75,0
4,4,11657,"Norlander, Henrik",2021-4,2021-01-30,2021,2,0
4,4,11657,"Norlander, Henrik",2023-4,2023-01-27,2023,74,1
4,4,11657,"Norlander, Henrik",2025-4,2025-01-24,2025,71,2
4,4,11657,"Norlander, Henrik",2026-4,2026-01-31,2026,75,3
4,4,8820,"Snedeker, Brandt",2021-4,2021-01-30,2021,32,0
4,4,8820,"Snedeker, Brandt",2022-4,2022-01-28,2022,80,1
4,4,8820,"Snedeker, Brandt",2024-4,2024-01-26,2024,78,2
4,4,8820,"Snedeker, Brandt",2025-4,2025-01-24,2025,32,3
4,4,8820,"Snedeker, Brandt",2026-4,2026-01-31,2026,75,4
4,4,25908,"Whaley, Vincent",2021-4,2021-01-30,2021,80,0
4,4,25908,"Whaley, Vince",2025-4,2025-01-24,2025,32,1
4,4,25908,"Whaley, Vince",2026-4,2026-01-31,2026,75,2
4,4,18424,"Roy, Kevin",2023-4,2023-01-27,2023,74,0
4,4,18424,"Roy, Kevin",2026-4,2026-01-31,2026,75,1
4,4,31343,"Ford, David",2026-4,2026-01-31,2026,75,0
4,4,13997,"Svensson, Adam",2022-4,2022-01-28,2022,79,0
4,4,13997,"Svensson, Adam",2023-4,2023-01-27,2023,74,1
4,4,13997,"Svensson, Adam",2026-4,2026-01-31,2026,75,2
4,4,18474,"Smalley, Alex",2022-4,2022-01-28,2022,56,0
4,4,18474,"Smalley, Alex",2023-4,2023-01-27,2023,37,1
4,4,18474,"Smalley, Alex",2025-4,2025-01-24,2025,71,2
4,4,18474,"Smalley, Alex",2026-4,2026-01-31,2026,75,3
4,4,5768,"Hoffman, Charley",2023-4,2023-01-27,2023,74,0
4,4,5768,"Hoffman, Charley",2024-4,2024-01-26,2024,56,1
4,4,5768,"Hoffman, Charley",2025-4,2025-01-24,2025,25,2
4,4,5768,"Hoffman, Charley",2026-4,2026-01-31,2026,75,3
4,4,7960,"List, Luke",2021-4,2021-01-30,2021,10,0
4,4,7960,"List, Luke",2022-4,2022-01-28,2022,1,1
4,4,7960,"List, Luke",2023-4,2023-01-27,2023,25,2
4,4,7960,"List, Luke",2024-4,2024-01-26,2024,50,3
4,4,7960,"List, Luke",2025-4,2025-01-24,2025,56,4
4,4,7960,"List, Luke",2026-4,2026-01-31,2026,75,5
4,4,21889,"Kang, Jeffrey",2026-4,2026-01-31,2026,75,0
4,4,22002,"Dumont de Chassart, Adrien",2024-4,2024-01-26,2024,75,0
4,4,22002,"Dumont de Chassart, Adrien",2026-4,2026-01-31,2026,75,1
4,4,25157,"Hodges, Lee",2024-4,2024-01-26,2024,79,0
4,4,25157,"Hodges, Lee",2025-4,2025-01-24,2025,9,1
4,4,25157,"Hodges, Lee",2026-4,2026-01-31,2026,75,2
4,4,17032,"Tosti, Alejandro",2024-4,2024-01-26,2024,43,0
4,4,17032,"Tosti, Alejandro",2025-4,2025-01-24,2025,71,1
4,4,17032,"Tosti, Alejandro",2026-4,2026-01-31,2026,75,2
4,4,24342,"Higgo, Garrick",2023-4,2023-01-27,2023,53,0
4,4,24342,"Higgo, Garrick",2025-4,2025-01-24,2025,42,1
4,4,24342,"Higgo, Garrick",2026-4,2026-01-31,2026,75,2
4,4,22736,"Rosenmueller, Thomas",2026-4,2026-01-31,2026,75,0
4,4,25094,"Fishburn, Patrick",2026-4,2026-01-31,2026,75,0
4,4,28469,"Highsmith, Joe",2024-4,2024-01-26,2024,33,0
4,4,28469,"Highsmith, Joe",2025-4,2025-01-24,2025,71,1
4,4,28469,"Highsmith, Joe",2026-4,2026-01-31,2026,75,2
4,4,11276,"Horschel, Billy",2022-4,2022-01-28,2022,11,0
4,4,11276,"Horschel, Billy",2024-4,2024-01-26,2024,79,1
4,4,11276,"Horschel, Billy",2026-4,2026-01-31,2026,75,2
4,4,21886,"Geddes, Mark",2026-4,2026-01-31,2026,75,0
4,4,9171,"Villegas, Camilo",2022-4,2022-01-28,2022,67,0
4,4,9171,"Villegas, Camilo",2026-4,2026-01-31,2026,75,1
4,4,21412,"Capan III, Frankie",2025-4,2025-01-24,2025,56,0
4,4,21412,"Capan III, Frankie",2026-4,2026-01-31,2026,75,1
4,4,16162,"Lee, S.T.",2026-4,2026-01-31,2026,75,0
4,4,17488,"Im, Sungjae",2021-4,2021-01-30,2021,32,0
4,4,17488,"Im, Sungjae",2022-4,2022-01-28,2022,6,1
4,4,17488,"Im, Sungjae",2023-4,2023-01-27,2023,4,2
4,4,17488,"Im, Sungjae",2025-4,2025-01-24,2025,4,3
4,4,21995,"Springer, Hayden",2024-4,2024-01-26,2024,33,0
4,4,21995,"Springer, Hayden",2025-4,2025-01-24,2025,6,1
4,4,17780,"Pendrith, Taylor",2022-4,2022-01-28,2022,16,0
4,4,17780,"Pendrith, Taylor",2023-4,2023-01-27,2023,60,1
4,4,17780,"Pendrith, Taylor",2024-4,2024-01-26,2024,9,2
4,4,17780,"Pendrith, Taylor",2025-4,2025-01-24,2025,7,3
4,4,26660,"Gordon, Will",2021-4,2021-01-30,2021,42,0
4,4,26660,"Gordon, Will",2023-4,2023-01-27,2023,74,1
4,4,26660,"Gordon, Will",2025-4,2025-01-24,2025,7,2
4,4,23482,"Sigg, Greyson",2022-4,2022-01-28,2022,34,0
4,4,23482,"Sigg, Greyson",2025-4,2025-01-24,2025,9,1
4,4,12920,"Willett, Danny",2025-4,2025-01-24,2025,9,0
4,4,15330,"Griffin, Lanto",2021-4,2021-01-30,2021,7,0
4,4,15330,"Griffin, Lanto",2022-4,2022-01-28,2022,30,1
4,4,15330,"Griffin, Lanto",2023-4,2023-01-27,2023,37,2
4,4,15330,"Griffin, Lanto",2024-4,2024-01-26,2024,64,3
4,4,15330,"Griffin, Lanto",2025-4,2025-01-24,2025,9,4
4,4,13497,"Lee, K.H.",2024-4,2024-01-26,2024,79,0
4,4,13497,"Lee, K.H.",2025-4,2025-01-24,2025,9,1
4,4,32330,"Clanton, Luke",2025-4,2025-01-24,2025,15,0
4,4,27900,"Potgieter, Aldrich",2025-4,2025-01-24,2025,15,0
4,4,8480,"Streelman, Kevin",2021-4,2021-01-30,2021,37,0
4,4,8480,"Streelman, Kevin",2022-4,2022-01-28,2022,39,1
4,4,8480,"Streelman, Kevin",2023-4,2023-01-27,2023,60,2
4,4,8480,"Streelman, Kevin",2025-4,2025-01-24,2025,15,3
4,4,17536,"Spaun, J.J.",2022-4,2022-01-28,2022,34,0
4,4,17536,"Spaun, J.J.",2023-4,2023-01-27,2023,74,1
4,4,17536,"Spaun, J.J.",2024-4,2024-01-26,2024,79,2
4,4,17536,"Spaun, J.J.",2025-4,2025-01-24,2025,15,3
4,4,14181,"Detry, Thomas",2023-4,2023-01-27,2023,37,0
4,4,14181,"Detry, Thomas",2024-4,2024-01-26,2024,20,1
4,4,14181,"Detry, Thomas",2025-4,2025-01-24,2025,15,2
4,4,21236,"Bryan, Wesley",2025-4,2025-01-24,2025,25,0
4,4,11460,"Manassero, Matteo",2025-4,2025-01-24,2025,25,0
4,4,6252,"Baddeley, Aaron",2023-4,2023-01-27,2023,74,0
4,4,6252,"Baddeley, Aaron",2024-4,2024-01-26,2024,37,1
4,4,6252,"Baddeley, Aaron",2025-4,2025-01-24,2025,32,2
4,4,14704,"Putnam, Andrew",2025-4,2025-01-24,2025,32,0
4,4,17639,"Blair, Zac",2023-4,2023-01-27,2023,74,0
4,4,17639,"Blair, Zac",2024-4,2024-01-26,2024,73,1
4,4,17639,"Blair, Zac",2025-4,2025-01-24,2025,32,2
4,4,22535,"Norrman, Vincent",2023-4,2023-01-27,2023,44,0
4,4,22535,"Norrman, Vincent",2024-4,2024-01-26,2024,56,1
4,4,22535,"Norrman, Vincent",2025-4,2025-01-24,2025,40,2
4,4,24354,"Xiong, Norman",2025-4,2025-01-24,2025,40,0
4,4,23950,"Aberg, Ludvig",2024-4,2024-01-26,2024,9,0
4,4,23950,"Aberg, Ludvig",2025-4,2025-01-24,2025,42,1
4,4,15004,"Kim, Chan",2025-4,2025-01-24,2025,42,0
4,4,13508,"Vegas, Jhonattan",2021-4,2021-01-30,2021,80,0
4,4,13508,"Vegas, Jhonattan",2022-4,2022-01-28,2022,39,1
4,4,13508,"Vegas, Jhonattan",2023-4,2023-01-27,2023,25,2
4,4,13508,"Vegas, Jhonattan",2025-4,2025-01-24,2025,42,3
4,4,18770,"Rozner, Antoine",2025-4,2025-01-24,2025,48,0
4,4,6986,"Johnson, Zach",2025-4,2025-01-24,2025,48,0
4,4,13127,"Tway, Kevin",2021-4,2021-01-30,2021,80,0
4,4,13127,"Tway, Kevin",2022-4,2022-01-28,2022,46,1
4,4,13127,"Tway, Kevin",2023-4,2023-01-27,2023,18,2
4,4,13127,"Tway, Kevin",2025-4,2025-01-24,2025,52,3
4,4,27820,"Pak, John",2025-4,2025-01-24,2025,56,0
4,4,32319,"Koivun, Jackson",2025-4,2025-01-24,2025,56,0
4,4,24837,"Goodwin, Noah",2025-4,2025-01-24,2025,63,0
4,4,14140,"Higgs, Harry",2021-4,2021-01-30,2021,65,0
4,4,14140,"Higgs, Harry",2023-4,2023-01-27,2023,44,1
4,4,14140,"Higgs, Harry",2025-4,2025-01-24,2025,63,2
4,4,26657,"Fisk, Steven",2025-4,2025-01-24,2025,63,0
4,4,29770,"Mouw, William",2025-4,2025-01-24,2025,66,0
4,4,17422,"Del Solar, Cristobal",2025-4,2025-01-24,2025,66,0
4,4,27164,"Phillips, Chandler",2024-4,2024-01-26,2024,76,0
4,4,27164,"Phillips, Chandler",2025-4,2025-01-24,2025,70,1
4,4,14926,"Malnati, Peter",2021-4,2021-01-30,2021,10,0
4,4,14926,"Malnati, Peter",2022-4,2022-01-28,2022,25,1
4,4,14926,"Malnati, Peter",2023-4,2023-01-27,2023,20,2
4,4,14926,"Malnati, Peter",2025-4,2025-01-24,2025,71,3
4,4,26850,"Svensson, Jesper",2025-4,2025-01-24,2025,71,0
4,4,19190,"Hoshino, Rikuya",2025-4,2025-01-24,2025,71,0
4,4,18554,"Rai, Aaron",2022-4,2022-01-28,2022,6,0
4,4,18554,"Rai, Aaron",2023-4,2023-01-27,2023,52,1
4,4,18554,"Rai, Aaron",2024-4,2024-01-26,2024,33,2
4,4,18554,"Rai, Aaron",2025-4,2025-01-24,2025,71,3
4,4,17550,"van Rooyen, Erik",2025-4,2025-01-24,2025,71,0
4,4,17881,"Yu, Kevin",2022-4,2022-01-28,2022,80,0
4,4,17881,"Yu, Kevin",2023-4,2023-01-27,2023,44,1
4,4,17881,"Yu, Kevin",2024-4,2024-01-26,2024,6,2
4,4,17881,"Yu, Kevin",2025-4,2025-01-24,2025,71,3
4,4,21235,"Albertson, Anders",2023-4,2023-01-27,2023,74,0
4,4,21235,"Albertson, Anders",2025-4,2025-01-24,2025,71,1
4,4,19872,"Riley, Davis",2022-4,2022-01-28,2022,80,0
4,4,19872,"Riley, Davis",2023-4,2023-01-27,2023,74,1
4,4,19872,"Riley, Davis",2025-4,2025-01-24,2025,71,2
4,4,18761,"Mullinax, Trey",2022-4,2022-01-28,2022,80,0
4,4,18761,"Mullinax, Trey",2023-4,2023-01-27,2023,31,1
4,4,18761,"Mullinax, Trey",2025-4,2025-01-24,2025,71,2
4,4,13367,"Merritt, Troy",2021-4,2021-01-30,2021,72,0
4,4,13367,"Merritt, Troy",2024-4,2024-01-26,2024,79,1
4,4,13367,"Merritt, Troy",2025-4,2025-01-24,2025,71,2
4,4,31212,"Chandler, Will",2025-4,2025-01-24,2025,71,0
4,4,24968,"Griffin, Ben",2023-4,2023-01-27,2023,31,0
4,4,24968,"Griffin, Ben",2025-4,2025-01-24,2025,71,1
4,4,16433,"NeSmith, Matthew",2021-4,2021-01-30,2021,48,0
4,4,16433,"NeSmith, Matthew",2022-4,2022-01-28,2022,34,1
4,4,16433,"NeSmith, Matt",2024-4,2024-01-26,2024,79,2
4,4,16433,"NeSmith, Matt",2025-4,2025-01-24,2025,71,3
4,4,26124,"Korte, Chris",2025-4,2025-01-24,2025,71,0
4,4,7820,"Palmer, Ryan",2021-4,2021-01-30,2021,2,0
4,4,7820,"Palmer, Ryan",2022-4,2022-01-28,2022,16,1
4,4,7820,"Palmer, Ryan",2023-4,2023-01-27,2023,62,2
4,4,7820,"Palmer, Ryan",2025-4,2025-01-24,2025,71,3
4,4,12909,"Campos, Rafael",2021-4,2021-01-30,2021,80,0
4,4,12909,"Campos, Rafael",2024-4,2024-01-26,2024,20,1
4,4,12909,"Campos, Rafael",2025-4,2025-01-24,2025,71,2
4,4,21880,"Cone, Trevor",2023-4,2023-01-27,2023,74,0
4,4,21880,"Cone, Trevor",2025-4,2025-01-24,2025,71,1
4,4,30892,"Riedel, Matthew",2025-4,2025-01-24,2025,71,0
4,4,6789,"Garrigus, Robert",2023-4,2023-01-27,2023,74,0
4,4,6789,"Garrigus, Robert",2025-4,2025-01-24,2025,71,1
4,4,16382,"Knous, Jim",2021-4,2021-01-30,2021,80,0
4,4,16382,"Knous, Jim",2022-4,2022-01-28,2022,80,1
4,4,16382,"Knous, Jim",2025-4,2025-01-24,2025,71,2
4,4,33141,"McCall, Cavin",2025-4,2025-01-24,2025,71,0
4,4,10943,"Lashley, Nate",2024-4,2024-01-26,2024,3,0
4,4,19895,"Schauffele, Xander",2021-4,2021-01-30,2021,2,0
4,4,19895,"Schauffele, Xander",2022-4,2022-01-28,2022,34,1
4,4,19895,"Schauffele, Xander",2023-4,2023-01-27,2023,13,2
4,4,19895,"Schauffele, Xander",2024-4,2024-01-26,2024,9,3
4,4,20353,"Whitney, Tom",2024-4,2024-01-26,2024,13,0
4,4,26096,"Bhatia, Akshay",2024-4,2024-01-26,2024,13,0
4,4,25442,"Montgomery, Taylor",2022-4,2022-01-28,2022,11,0
4,4,25442,"Montgomery, Taylor",2023-4,2023-01-27,2023,31,1
4,4,25442,"Montgomery, Taylor",2024-4,2024-01-26,2024,13,2
4,4,17538,"Homa, Max",2021-4,2021-01-30,2021,18,0
4,4,17538,"Homa, Max",2022-4,2022-01-28,2022,80,1
4,4,17538,"Homa, Max",2023-4,2023-01-27,2023,1,2
4,4,17538,"Homa, Max",2024-4,2024-01-26,2024,13,3
4,4,10423,"Brehm, Ryan",2024-4,2024-01-26,2024,20,0
4,4,27780,"Crowe, Trace",2024-4,2024-01-26,2024,25,0
4,4,13900,"Lowry, Shane",2024-4,2024-01-26,2024,25,0
4,4,18635,"Shelton, Robby",2021-4,2021-01-30,2021,16,0
4,4,18635,"Shelton, Robby",2023-4,2023-01-27,2023,67,1
4,4,18635,"Shelton, Robby",2024-4,2024-01-26,2024,25,2
4,4,27870,"Coody, Parker",2024-4,2024-01-26,2024,25,0
4,4,12359,"Stallings, Scott",2021-4,2021-01-30,2021,80,0
4,4,12359,"Stallings, Scott",2022-4,2022-01-28,2022,46,1
4,4,12359,"Stallings, Scott",2024-4,2024-01-26,2024,25,2
4,4,14698,"Bramlett, Joseph",2021-4,2021-01-30,2021,18,0
4,4,14698,"Bramlett, Joseph",2022-4,2022-01-28,2022,67,1
4,4,14698,"Bramlett, Joseph",2023-4,2023-01-27,2023,13,2
4,4,14698,"Bramlett, Joseph",2024-4,2024-01-26,2024,25,3
4,4,14967,"Hadley, Chesson",2022-4,2022-01-28,2022,80,0
4,4,14967,"Hadley, Chesson",2024-4,2024-01-26,2024,25,1
4,4,19865,"Hardy, Nick",2022-4,2022-01-28,2022,80,0
4,4,19865,"Hardy, Nick",2023-4,2023-01-27,2023,44,1
4,4,19865,"Hardy, Nick",2024-4,2024-01-26,2024,37,2
4,4,14007,"Martin, Ben",2023-4,2023-01-27,2023,74,0
4,4,14007,"Martin, Ben",2024-4,2024-01-26,2024,37,1
4,4,17543,"Kim, Michael",2021-4,2021-01-30,2021,53,0
4,4,17543,"Kim, Michael",2023-4,2023-01-27,2023,44,1
4,4,17543,"Kim, Michael",2024-4,2024-01-26,2024,37,2
4,4,16841,"Lee, Min Woo",2024-4,2024-01-26,2024,43,0
4,4,14799,"Barnes, Erik",2023-4,2023-01-27,2023,13,0
4,4,14799,"Barnes, Erik",2024-4,2024-01-26,2024,43,1
4,4,11082,"Burgoon, Bronson",2021-4,2021-01-30,2021,42,0
4,4,11082,"Burgoon, Bronson",2022-4,2022-01-28,2022,74,1
4,4,11082,"Burgoon, Bronson",2024-4,2024-01-26,2024,50,2
4,4,25002,"Wu, Dylan",2022-4,2022-01-28,2022,80,0
4,4,25002,"Wu, Dylan",2023-4,2023-01-27,2023,74,1
4,4,25002,"Wu, Dylan",2024-4,2024-01-26,2024,50,2
4,4,19738,"Dougherty, Kevin",2024-4,2024-01-26,2024,50,0
4,4,15466,"Cantlay, Patrick",2024-4,2024-01-26,2024,56,0
4,4,17381,"Silverman, Ben",2024-4,2024-01-26,2024,56,0
4,4,14002,"Alexander, Tyson",2023-4,2023-01-27,2023,74,0
4,4,14002,"Alexander, Tyson",2024-4,2024-01-26,2024,56,1
4,4,23656,"Young, Carson",2024-4,2024-01-26,2024,56,0
4,4,19681,"Semikawa, Taiga",2023-4,2023-01-27,2023,67,0
4,4,19681,"Semikawa, Taiga",2024-4,2024-01-26,2024,64,1
4,4,19948,"Taylor, Ben",2021-4,2021-01-30,2021,80,0
4,4,19948,"Taylor, Ben",2023-4,2023-01-27,2023,74,1
4,4,19948,"Taylor, Ben",2024-4,2024-01-26,2024,64,2
4,4,14775,"Bjork, Alexander",2024-4,2024-01-26,2024,70,0
4,4,29433,"Bridgeman, Jacob",2024-4,2024-01-26,2024,70,0
4,4,7655,"Molinari, Francesco",2021-4,2021-01-30,2021,10,0
4,4,7655,"Molinari, Francesco",2022-4,2022-01-28,2022,62,1
4,4,7655,"Molinari, Francesco",2024-4,2024-01-26,2024,73,2
4,4,22050,"Suh, Justin",2021-4,2021-01-30,2021,37,0
4,4,22050,"Suh, Justin",2023-4,2023-01-27,2023,20,1
4,4,22050,"Suh, Justin",2024-4,2024-01-26,2024,77,2
4,4,22085,"Morikawa, Collin",2023-4,2023-01-27,2023,3,0
4,4,22085,"Morikawa, Collin",2024-4,2024-01-26,2024,79,1
4,4,22833,"Echavarria, Nico",2023-4,2023-01-27,2023,74,0
4,4,22833,"Echavarria, Nico",2024-4,2024-01-26,2024,79,1
4,4,11889,"Fox, Ryan",2024-4,2024-01-26,2024,79,0
4,4,20730,"Perez, Victor",2024-4,2024-01-26,2024,79,0
4,4,29348,"Hale, Jr., Blaine",2024-4,2024-01-26,2024,79,0
4,4,12333,"Block, Michael",2022-4,2022-01-28,2022,80,0
4,4,12333,"Block, Michael",2023-4,2023-01-27,2023,74,1
4,4,12333,"Block, Michael",2024-4,2024-01-26,2024,79,2
4,4,7305,"Gutschewski, Scott",2022-4,2022-01-28,2022,80,0
4,4,7305,"Gutschewski, Scott",2024-4,2024-01-26,2024,79,1
4,4,7489,"Moore, Ryan",2021-4,2021-01-30,2021,80,0
4,4,7489,"Moore, Ryan",2024-4,2024-01-26,2024,79,1
4,4,17266,"Yuan, Carl",2024-4,2024-01-26,2024,79,0
4,4,25771,"Furr, Wilson",2024-4,2024-01-26,2024,79,0
4,4,29304,"Byrd, Marcus",2024-4,2024-01-26,2024,79,0
4,4,16566,"Barjon, Paul",2022-4,2022-01-28,2022,80,0
4,4,16566,"Barjon, Paul",2024-4,2024-01-26,2024,79,1
4,4,28216,"Hambright, Chad",2024-4,2024-01-26,2024,79,0
4,4,20519,"Tarren, Callum",2023-4,2023-01-27,2023,25,0
4,4,20519,"Tarren, Callum",2024-4,2024-01-26,2024,79,1
4,4,16713,"Lindheim, Nicholas",2024-4,2024-01-26,2024,79,0
4,4,19208,"Endycott, Harrison",2023-4,2023-01-27,2023,74,0
4,4,19208,"Endycott, Harrison",2024-4,2024-01-26,2024,79,1
4,4,7959,"Holmes, J.B.",2023-4,2023-01-27,2023,74,0
4,4,7959,"Holmes, J.B.",2024-4,2024-01-26,2024,79,1
4,4,19620,"Pereda, Raul",2024-4,2024-01-26,2024,79,0
4,4,17511,"Straka, Sepp",2021-4,2021-01-30,2021,32,0
4,4,17511,"Straka, Sepp",2022-4,2022-01-28,2022,16,1
4,4,17511,"Straka, Sepp",2024-4,2024-01-26,2024,79,2
4,4,23048,"Stanger, Jimmy",2024-4,2024-01-26,2024,79,0
4,4,16395,"Kohles, Ben",2022-4,2022-01-28,2022,80,0
4,4,16395,"Kohles, Ben",2024-4,2024-01-26,2024,79,1
4,4,29037,"Sisk, Cameron",2024-4,2024-01-26,2024,79,0
4,4,17606,"Berger, Daniel",2022-4,2022-01-28,2022,20,0
4,4,17606,"Berger, Daniel",2024-4,2024-01-26,2024,79,1
4,4,5665,"Cink, Stewart",2024-4,2024-01-26,2024,79,0
4,4,17345,"Naegel, Chris",2024-4,2024-01-26,2024,79,0
4,4,19195,"Rahm, Jon",2021-4,2021-01-30,2021,7,0
4,4,19195,"Rahm, Jon",2022-4,2022-01-28,2022,3,1
4,4,19195,"Rahm, Jon",2023-4,2023-01-27,2023,7,2
4,4,12965,"Fowler, Rickie",2021-4,2021-01-30,2021,53,0
4,4,12965,"Fowler, Rickie",2022-4,2022-01-28,2022,80,1
4,4,12965,"Fowler, Rickie",2023-4,2023-01-27,2023,11,2
4,4,7293,"Walker, Jimmy",2021-4,2021-01-30,2021,80,0
4,4,7293,"Walker, Jimmy",2022-4,2022-01-28,2022,46,1
4,4,7293,"Walker, Jimmy",2023-4,2023-01-27,2023,13,2
4,4,11019,"Steele, Brendan",2023-4,2023-01-27,2023,20,0
4,4,14139,"Thomas, Justin",2022-4,2022-01-28,2022,20,0
4,4,14139,"Thomas, Justin",2023-4,2023-01-27,2023,25,1
4,4,22914,"Grant, Brent",2022-4,2022-01-28,2022,80,0
4,4,22914,"Grant, Brent",2023-4,2023-01-27,2023,25,1
4,4,16796,"Nunez, Augusto",2023-4,2023-01-27,2023,31,0
4,4,7899,"Piercy, Scott",2022-4,2022-01-28,2022,76,0
4,4,7899,"Piercy, Scott",2023-4,2023-01-27,2023,31,1
4,4,12946,"Thompson, Michael",2022-4,2022-01-28,2022,11,0
4,4,12946,"Thompson, Michael",2023-4,2023-01-27,2023,37,1
4,4,14424,"Burmester, Dean",2023-4,2023-01-27,2023,37,0
4,4,11955,"Frittelli, Dylan",2021-4,2021-01-30,2021,53,0
4,4,11955,"Frittelli, Dylan",2022-4,2022-01-28,2022,80,1
4,4,11955,"Frittelli, Dylan",2023-4,2023-01-27,2023,37,2
4,4,13965,"Hadwin, Adam",2021-4,2021-01-30,2021,18,0
4,4,13965,"Hadwin, Adam",2022-4,2022-01-28,2022,80,1
4,4,13965,"Hadwin, Adam",2023-4,2023-01-27,2023,44,2
4,4,11117,"Noh, Seung-Yul",2021-4,2021-01-30,2021,80,0
4,4,11117,"Noh, Seung-Yul",2022-4,2022-01-28,2022,74,1
4,4,11117,"Noh, S.Y.",2023-4,2023-01-27,2023,44,2
4,4,13531,"Kodaira, Satoshi",2023-4,2023-01-27,2023,53,0
4,4,10877,"Goya, Tano",2023-4,2023-01-27,2023,53,0
4,4,28558,"Werbylo, Trevor",2023-4,2023-01-27,2023,53,0
4,4,23542,"Champ, Cameron",2021-4,2021-01-30,2021,80,0
4,4,23542,"Champ, Cameron",2022-4,2022-01-28,2022,46,1
4,4,23542,"Champ, Cameron",2023-4,2023-01-27,2023,53,2
4,4,18579,"Cook, Austin",2022-4,2022-01-28,2022,80,0
4,4,18579,"Cook, Austin",2023-4,2023-01-27,2023,53,1
4,4,12577,"Woodland, Gary",2021-4,2021-01-30,2021,48,0
4,4,12577,"Woodland, Gary",2022-4,2022-01-28,2022,39,1
4,4,12577,"Woodland, Gary",2023-4,2023-01-27,2023,62,2
4,4,16039,"Haley II, Paul",2023-4,2023-01-27,2023,62,0
4,4,14459,"An, Byeong Hun",2021-4,2021-01-30,2021,75,0
4,4,14459,"An, Byeong Hun",2023-4,2023-01-27,2023,62,1
4,4,8479,"Harrington, Scott",2023-4,2023-01-27,2023,69,0
4,4,11330,"Brown, Scott",2021-4,2021-01-30,2021,80,0
4,4,11330,"Brown, Scott",2023-4,2023-01-27,2023,72,1
4,4,15473,"Long, Adam",2022-4,2022-01-28,2022,65,0
4,4,15473,"Long, Adam",2023-4,2023-01-27,2023,73,1
4,4,14852,"Streb, Robert",2021-4,2021-01-30,2021,80,0
4,4,14852,"Streb, Robert",2022-4,2022-01-28,2022,56,1
4,4,14852,"Streb, Robert",2023-4,2023-01-27,2023,74,2
4,4,7626,"O'Hair, Sean",2023-4,2023-01-27,2023,74,0
4,4,25363,"Buckley, Hayden",2023-4,2023-01-27,2023,74,0
4,4,30622,"Herrera, Michael",2023-4,2023-01-27,2023,74,0
4,4,20770,"Munoz, Sebastian",2022-4,2022-01-28,2022,39,0
4,4,20770,"Munoz, Sebastian",2023-4,2023-01-27,2023,74,1
4,4,22981,"Matthews, Brandon",2023-4,2023-01-27,2023,74,0
4,4,7900,"Haas, Bill",2021-4,2021-01-30,2021,42,0
4,4,7900,"Haas, Bill",2022-4,2022-01-28,2022,39,1
4,4,7900,"Haas, Bill",2023-4,2023-01-27,2023,74,2
4,4,17508,"Gribble, Cody",2023-4,2023-01-27,2023,74,0
4,4,11374,"Hahn, James",2021-4,2021-01-30,2021,80,0
4,4,11374,"Hahn, James",2022-4,2022-01-28,2022,80,1
4,4,11374,"Hahn, James",2023-4,2023-01-27,2023,74,2
4,4,13022,"Stuard, Brian",2022-4,2022-01-28,2022,80,0
4,4,13022,"Stuard, Brian",2023-4,2023-01-27,2023,74,1
4,4,12477,"McGirt, William",2023-4,2023-01-27,2023,74,0
4,4,7955,"Watney, Nick",2021-4,2021-01-30,2021,80,0
4,4,7955,"Watney, Nick",2022-4,2022-01-28,2022,80,1
4,4,7955,"Watney, Nick",2023-4,2023-01-27,2023,74,2
4,4,29708,"Vrzich, Joey",2023-4,2023-01-27,2023,74,0
4,4,24481,"Redman, Doc",2022-4,2022-01-28,2022,25,0
4,4,24481,"Redman, Doc",2023-4,2023-01-27,2023,74,1
4,4,19364,"Werenski, Richy",2021-4,2021-01-30,2021,60,0
4,4,19364,"Werenski, Richy",2023-4,2023-01-27,2023,74,1
4,4,11451,"Garnett, Brice",2023-4,2023-01-27,2023,74,0
4,4,24562,"Knowles, Philip",2023-4,2023-01-27,2023,74,0
4,4,12846,"Herman, Jim",2023-4,2023-01-27,2023,74,0
4,4,30649,"Kingsley, Harrison",2023-4,2023-01-27,2023,74,0
4,4,12069,"Stanley, Kyle",2021-4,2021-01-30,2021,18,0
4,4,12069,"Stanley, Kyle",2023-4,2023-01-27,2023,74,1
4,4,17068,"Daffue, MJ",2023-4,2023-01-27,2023,74,0
4,4,14013,"Tringale, Cameron",2021-4,2021-01-30,2021,18,0
4,4,14013,"Tringale, Cameron",2022-4,2022-01-28,2022,3,1
4,4,18079,"Niemann, Joaquin",2022-4,2022-01-28,2022,6,0
4,4,6762,"Perez, Pat",2021-4,2021-01-30,2021,69,0
4,4,6762,"Perez, Pat",2022-4,2022-01-28,2022,6,1
4,4,7649,"Leishman, Marc",2021-4,2021-01-30,2021,18,0
4,4,7649,"Leishman, Marc",2022-4,2022-01-28,2022,16,1
4,4,18417,"Scheffler, Scottie",2021-4,2021-01-30,2021,80,0
4,4,18417,"Scheffler, Scottie",2022-4,2022-01-28,2022,20,1
4,4,18580,"Gooch, Talor",2021-4,2021-01-30,2021,48,0
4,4,18580,"Gooch, Talor",2022-4,2022-01-28,2022,20,1
4,4,12422,"Johnson, Dustin",2022-4,2022-01-28,2022,25,0
4,4,19455,"Pereira, Mito",2022-4,2022-01-28,2022,25,0
4,4,13126,"Taylor, Nick",2022-4,2022-01-28,2022,30,0
4,4,10419,"Noren, Alex",2021-4,2021-01-30,2021,37,0
4,4,10419,"Noren, Alex",2022-4,2022-01-28,2022,39,1
4,4,13305,"Chappell, Kevin",2022-4,2022-01-28,2022,46,0
4,4,12669,"Lahiri, Anirban",2021-4,2021-01-30,2021,80,0
4,4,12669,"Lahiri, Anirban",2022-4,2022-01-28,2022,46,1
4,4,21943,"Lebioda, Hank",2021-4,2021-01-30,2021,80,0
4,4,21943,"Lebioda, Hank",2022-4,2022-01-28,2022,46,1
4,4,9586,"Laird, Martin",2021-4,2021-01-30,2021,80,0
4,4,9586,"Laird, Martin",2022-4,2022-01-28,2022,46,1
4,4,14838,"Reed, Patrick",2021-4,2021-01-30,2021,1,0
4,4,14838,"Reed, Patrick",2022-4,2022-01-28,2022,46,1
4,4,25919,"Wolff, Matthew",2022-4,2022-01-28,2022,64,0
4,4,19395,"Thompson, Curtis",2022-4,2022-01-28,2022,67,0
4,4,14735,"Ortiz, Carlos",2021-4,2021-01-30,2021,29,0
4,4,14735,"Ortiz, Carlos",2022-4,2022-01-28,2022,70,1
4,4,6283,"Sabbatini, Rory",2021-4,2021-01-30,2021,10,0
4,4,6283,"Sabbatini, Rory",2022-4,2022-01-28,2022,70,1
4,4,7961,"Reavie, Chez",2022-4,2022-01-28,2022,70,0
4,4,13404,"Gligic, Michael",2022-4,2022-01-28,2022,77,0
4,4,15475,"Pan, C.T.",2022-4,2022-01-28,2022,78,0
4,4,18695,"Hagy, Brandon",2021-4,2021-01-30,2021,42,0
4,4,18695,"Hagy, Brandon",2022-4,2022-01-28,2022,80,1
4,4,13470,"Kizzire, Patton",2022-4,2022-01-28,2022,80,0
4,4,6931,"Byrd, Jonathan",2022-4,2022-01-28,2022,80,0
4,4,19841,"DeChambeau, Bryson",2022-4,2022-01-28,2022,80,0
4,4,22051,"Wise, Aaron",2022-4,2022-01-28,2022,80,0
4,4,11357,"Uihlein, Peter",2022-4,2022-01-28,2022,80,0
4,4,7301,"Dufner, Jason",2021-4,2021-01-30,2021,77,0
4,4,7301,"Dufner, Jason",2022-4,2022-01-28,2022,80,1
4,4,8182,"Blixt, Jonas",2022-4,2022-01-28,2022,80,0
4,4,19483,"Burns, Sam",2021-4,2021-01-30,2021,18,0
4,4,19483,"Burns, Sam",2022-4,2022-01-28,2022,80,1
4,4,8605,"Jones, Matt",2021-4,2021-01-30,2021,48,0
4,4,8605,"Jones, Matt",2022-4,2022-01-28,2022,80,1
4,4,15162,"Drewitt, Brett",2022-4,2022-01-28,2022,80,0
4,4,14706,"Swafford, Hudson",2022-4,2022-01-28,2022,80,0
4,4,19643,"Reeves, Seth",2022-4,2022-01-28,2022,80,0
4,4,25213,"Wu, Brandon",2022-4,2022-01-28,2022,80,0
4,4,9883,"van der Walt, Dawie",2022-4,2022-01-28,2022,80,0
4,4,14636,"Spieth, Jordan",2021-4,2021-01-30,2021,80,0
4,4,14636,"Spieth, Jordan",2022-4,2022-01-28,2022,80,1
4,4,28038,"Johnson, Kamaiu",2022-4,2022-01-28,2022,80,0
4,4,18841,"Hovland, Viktor",2021-4,2021-01-30,2021,2,0
4,4,10091,"McIlroy, Rory",2021-4,2021-01-30,2021,16,0
4,4,7398,"Schwartzel, Charl",2021-4,2021-01-30,2021,18,0
4,4,14081,"Hoag, Bo",2021-4,2021-01-30,2021,18,0
4,4,21554,"Poston, J.T.",2021-4,2021-01-30,2021,18,0
4,4,8769,"Potter, Jr., Ted",2021-4,2021-01-30,2021,18,0
4,4,7672,"Oosthuizen, Louis",2021-4,2021-01-30,2021,29,0
4,4,12337,"Kokrak, Jason",2021-4,2021-01-30,2021,29,0
4,4,17576,"Conners, Corey",2021-4,2021-01-30,2021,37,0
4,4,15164,"Lewis, Tom",2021-4,2021-01-30,2021,42,0
4,4,7399,"Glover, Lucas",2021-4,2021-01-30,2021,42,0
4,4,5874,"Percy, Cameron",2021-4,2021-01-30,2021,48,0
4,4,13342,"Gibson, Rhein",2021-4,2021-01-30,2021,53,0
4,4,14050,"Sloan, Roger",2021-4,2021-01-30,2021,53,0
4,4,1547,"Mickelson, Phil",2021-4,2021-01-30,2021,53,0
4,4,4818,"Stricker, Steve",2021-4,2021-01-30,2021,60,0
4,4,15852,"Kraft, Kelly",2021-4,2021-01-30,2021,60,0
4,4,17509,"Seiffert, Chase",2021-4,2021-01-30,2021,60,0
4,4,13026,"Zhang, Xinjun",2021-4,2021-01-30,2021,60,0
4,4,28039,"Mendoza, Kyle",2021-4,2021-01-30,2021,65,0
4,4,14606,"Huh, John",2021-4,2021-01-30,2021,65,0
4,4,11826,"Lee, Danny",2021-4,2021-01-30,2021,65,0
4,4,1804,"Choi, K.J.",2021-4,2021-01-30,2021,69,0
4,4,16598,"Lee, Tain",2021-4,2021-01-30,2021,69,0
4,4,7097,"Wilkinson, Tim",2021-4,2021-01-30,2021,73,0
4,4,17584,"McCumber, Tyler",2021-4,2021-01-30,2021,75,0
4,4,7602,"Stadler, Kevin",2021-4,2021-01-30,2021,77,0
4,4,14655,"Murray, Grayson",2021-4,2021-01-30,2021,79,0
4,4,13831,"Knox, Russell",2021-4,2021-01-30,2021,80,0
4,4,22086,"du Toit, Jared",2021-4,2021-01-30,2021,80,0
4,4,15856,"Smith, Cameron",2021-4,2021-01-30,2021,80,0
4,4,19909,"Gellerman, Michael",2021-4,2021-01-30,2021,80,0
4,4,7334,"Watson, Bubba",2021-4,2021-01-30,2021,80,0
4,4,13971,"Baker, Chris",2021-4,2021-01-30,2021,80,0
4,4,14776,"Cappelen, Sebastian",2021-4,2021-01-30,2021,80,0
4,4,27597,"Ogletree, Andy",2021-4,2021-01-30,2021,80,0
4,4,8002,"Oppenheim, Rob",2021-4,2021-01-30,2021,80,0
4,4,7340,"Hearn, David",2021-4,2021-01-30,2021,80,0
4,4,11640,"Gonzales, Andres",2021-4,2021-01-30,2021,80,0
4,4,5207,"Senden, John",2021-4,2021-01-30,2021,80,0
104,104,25002,"Wu, Dylan",2025-4,2025-01-24,2025,71,0
104,104,25002,"Wu, Dylan",2026-4,2026-01-31,2026,75,1
104,104,15466,"Cantlay, Patrick",2026-4,2026-01-31,2026,75,0
104,104,19895,"Schauffele, Xander",2026-4,2026-01-31,2026,75,0
104,104,17780,"Pendrith, Taylor",2026-4,2026-01-31,2026,75,0
104,104,26850,"Svensson, Jesper",2026-4,2026-01-31,2026,75,0
104,104,29770,"Mouw, William",2026-4,2026-01-31,2026,75,0
104,104,24956,"Blanchet, Chandler",2026-4,2026-01-31,2026,75,0
104,104,26657,"Fisk, Steven",2026-4,2026-01-31,2026,75,0
104,104,17881,"Yu, Kevin",2026-4,2026-01-31,2026,75,0
104,104,13412,"Olesen, Thorbjorn",2026-4,2026-01-31,2026,75,0
104,104,29304,"Byrd, Marcus",2026-4,2026-01-31,2026,75,0
104,104,31960,"Hastings, Justin",2026-4,2026-01-31,2026,75,0
104,104,12577,"Woodland, Gary",2024-4,2024-01-26,2024,79,0
104,104,12577,"Woodland, Gary",2026-4,2026-01-31,2026,75,1
104,104,27164,"Phillips, Chandler",2026-4,2026-01-31,2026,75,0
104,104,14926,"Malnati, Peter",2024-4,2024-01-26,2024,79,0
104,104,14926,"Malnati, Peter",2026-4,2026-01-31,2026,75,1
104,104,15330,"Griffin, Lanto",2026-4,2026-01-31,2026,75,0
104,104,17536,"Spaun, J.J.",2021-4,2021-01-30,2021,80,0
104,104,17536,"Spaun, J.J.",2026-4,2026-01-31,2026,75,1
104,104,31866,"Logan, Hunter",2026-4,2026-01-31,2026,75,0
104,104,10419,"Noren, Alex",2026-4,2026-01-31,2026,75,0
104,104,14792,"Saddier, Adrien",2026-4,2026-01-31,2026,75,0
104,104,19872,"Riley, Davis",2024-4,2024-01-26,2024,79,0
104,104,19872,"Riley, Davis",2026-4,2026-01-31,2026,75,1
104,104,22087,"Paul, Jeremy",2025-4,2025-01-24,2025,71,0
104,104,22087,"Paul, Jeremy",2026-4,2026-01-31,2026,75,1
104,104,18586,"Smith, Jordan",2026-4,2026-01-31,2026,75,0
104,104,25475,"Nyholm, Pontus",2026-4,2026-01-31,2026,75,0
104,104,22051,"Wise, Aaron",2026-4,2026-01-31,2026,75,0
104,104,17538,"Homa, Max",2026-4,2026-01-31,2026,75,0
104,104,26096,"Bhatia, Akshay",2026-4,2026-01-31,2026,75,0
104,104,32330,"Clanton, Luke",2026-4,2026-01-31,2026,75,0
104,104,27900,"Potgieter, Aldrich",2026-4,2026-01-31,2026,75,0
104,104,19729,"Kanaya, Takumi",2025-4,2025-01-24,2025,71,0
104,104,19729,"Kanaya, Takumi",2026-4,2026-01-31,2026,75,1
104,104,12909,"Campos, Rafael",2026-4,2026-01-31,2026,75,0
104,104,17550,"van Rooyen, Erik",2021-4,2021-01-30,2021,80,0
104,104,17550,"van Rooyen, Erik",2026-4,2026-01-31,2026,75,1
104,104,32055,"Shipley, Neal",2026-4,2026-01-31,2026,75,0
104,104,14704,"Putnam, Andrew",2026-4,2026-01-31,2026,75,0
104,104,21943,"Lebioda, Hank",2023-4,2023-01-27,2023,74,0
104,104,21943,"Lebioda, Hank",2026-4,2026-01-31,2026,75,1
104,104,30620,"Chatfield, Davis",2026-4,2026-01-31,2026,75,0
104,104,20706,"Wallace, Matt",2024-4,2024-01-26,2024,79,0
104,104,20706,"Wallace, Matt",2025-4,2025-01-24,2025,71,1
104,104,20706,"Wallace, Matt",2026-4,2026-01-31,2026,75,2
104,104,22465,"Penge, Marco",2026-4,2026-01-31,2026,75,0
104,104,11451,"Garnett, Brice",2022-4,2022-01-28,2022,80,0
104,104,11451,"Garnett, Brice",2026-4,2026-01-31,2026,75,1
104,104,8480,"Streelman, Kevin",2026-4,2026-01-31,2026,75,0
104,104,23950,"Aberg, Ludvig",2026-4,2026-01-31,2026,75,0
104,104,13508,"Vegas, Jhonattan",2024-4,2024-01-26,2024,79,0
104,104,13508,"Vegas, Jhonattan",2026-4,2026-01-31,2026,75,1
104,104,13997,"Svensson, Adam",2024-4,2024-01-26,2024,79,0
104,104,13997,"Svensson, Adam",2025-4,2025-01-24,2025,71,1
104,104,17381,"Silverman, Ben",2025-4,2025-01-24,2025,71,0
104,104,24550,"Ghim, Doug",2023-4,2023-01-27,2023,74,0
104,104,24550,"Ghim, Doug",2025-4,2025-01-24,2025,71,1
104,104,25094,"Fishburn, Patrick",2024-4,2024-01-26,2024,79,0
104,104,25094,"Fishburn, Patrick",2025-4,2025-01-24,2025,71,1
104,104,27996,"Cummins, Quade",2025-4,2025-01-24,2025,71,0
104,104,16394,"Jaeger, Stephan",2025-4,2025-01-24,2025,71,0
104,104,25263,"Onishi, Kaito",2025-4,2025-01-24,2025,71,0
104,104,24303,"Reiter, Charles",2025-4,2025-01-24,2025,71,0
104,104,28635,"McCarty, Matt",2025-4,2025-01-24,2025,71,0
104,104,14698,"Bramlett, Joseph",2025-4,2025-01-24,2025,71,0
104,104,29433,"Bridgeman, Jacob",2025-4,2025-01-24,2025,71,0
104,104,20730,"Perez, Victor",2025-4,2025-01-24,2025,71,0
104,104,13900,"Lowry, Shane",2025-4,2025-01-24,2025,71,0
104,104,15676,"Norgaard, Niklas",2025-4,2025-01-24,2025,71,0
104,104,17266,"Yuan, Carl",2023-4,2023-01-27,2023,74,0
104,104,17266,"Yuan, Carl",2025-4,2025-01-24,2025,71,1
104,104,23540,"Andersen, Mason",2025-4,2025-01-24,2025,71,0
104,104,11676,"Finau, Tony",2025-4,2025-01-24,2025,71,0
104,104,18628,"Campbell, Brian",2025-4,2025-01-24,2025,71,0
104,104,9171,"Villegas, Camilo",2023-4,2023-01-27,2023,74,0
104,104,9171,"Villegas, Camilo",2025-4,2025-01-24,2025,71,1
104,104,25442,"Montgomery, Taylor",2025-4,2025-01-24,2025,71,0
104,104,21891,"Kitayama, Kurt",2022-4,2022-01-28,2022,80,0
104,104,21891,"Kitayama, Kurt",2023-4,2023-01-27,2023,74,1
104,104,21891,"Kitayama, Kurt",2025-4,2025-01-24,2025,71,2
104,104,7655,"Molinari, Francesco",2025-4,2025-01-24,2025,71,0
104,104,28309,"Coody, Pierceson",2024-4,2024-01-26,2024,79,0
104,104,28309,"Coody, Pierceson",2025-4,2025-01-24,2025,71,1
104,104,17606,"Berger, Daniel",2025-4,2025-01-24,2025,71,0
104,104,7305,"Gutschewski, Scott",2025-4,2025-01-24,2025,71,0
104,104,18105,"Lawrence, Thriston",2025-4,2025-01-24,2025,71,0
104,104,19865,"Hardy, Nick",2025-4,2025-01-24,2025,71,0
104,104,17723,"Lower, Justin",2022-4,2022-01-28,2022,80,0
104,104,17723,"Lower, Justin",2023-4,2023-01-27,2023,74,1
104,104,17723,"Lower, Justin",2025-4,2025-01-24,2025,71,2
104,104,10873,"Skinns, David",2022-4,2022-01-28,2022,80,0
104,104,10873,"Skinns, David",2024-4,2024-01-26,2024,79,1
104,104,10873,"Skinns, David",2025-4,2025-01-24,2025,71,2
104,104,27420,"Dickson, Taylor",2025-4,2025-01-24,2025,71,0
104,104,21549,"Mack III, Willie",2021-4,2021-01-30,2021,80,0
104,104,21549,"Mack III, Willie",2025-4,2025-01-24,2025,71,1
104,104,21875,"Widing, Tim",2025-4,2025-01-24,2025,71,0
104,104,19960,"Pavon, Matthieu",2025-4,2025-01-24,2025,71,0
104,104,28630,"Hall, Ryan",2025-4,2025-01-24,2025,71,0
104,104,17543,"Kim, Michael",2025-4,2025-01-24,2025,71,0
104,104,22760,"Hisatsune, Ryo",2025-4,2025-01-24,2025,71,0
104,104,27762,"Velo, Kevin",2025-4,2025-01-24,2025,71,0
104,104,23656,"Young, Carson",2023-4,2023-01-27,2023,74,0
104,104,23656,"Young, Carson",2025-4,2025-01-24,2025,71,1
104,104,22736,"Rosenmueller, Thomas",2025-4,2025-01-24,2025,71,0
104,104,9586,"Laird, Martin",2023-4,2023-01-27,2023,74,0
104,104,9586,"Laird, Martin",2024-4,2024-01-26,2024,79,1
104,104,9586,"Laird, Martin",2025-4,2025-01-24,2025,71,2
104,104,24342,"Higgo, Garrick",2024-4,2024-01-26,2024,79,0
104,104,24354,"Xiong, Norman",2024-4,2024-01-26,2024,79,0
104,104,27364,"Thompson, Davis",2024-4,2024-01-26,2024,79,0
104,104,8085,"Teater, Josh",2024-4,2024-01-26,2024,79,0
104,104,15473,"Long, Adam",2024-4,2024-01-26,2024,79,0
104,104,18103,"Bezuidenhout, Christiaan",2024-4,2024-01-26,2024,79,0
104,104,15004,"Kim, Chan",2024-4,2024-01-26,2024,79,0
104,104,17488,"Im, Sungjae",2024-4,2024-01-26,2024,79,0
104,104,25908,"Whaley, Vince",2022-4,2022-01-28,2022,80,0
104,104,25908,"Whaley, Vince",2024-4,2024-01-26,2024,79,1
104,104,23542,"Champ, Cameron",2024-4,2024-01-26,2024,79,0
104,104,23482,"Sigg, Greyson",2024-4,2024-01-26,2024,79,0
104,104,18536,"McCormick, Ryan",2024-4,2024-01-26,2024,79,0
104,104,24968,"Griffin, Ben",2024-4,2024-01-26,2024,79,0
104,104,14050,"Sloan, Roger",2024-4,2024-01-26,2024,79,0
104,104,27194,"Hall, Harry",2023-4,2023-01-27,2023,74,0
104,104,27194,"Hall, Harry",2024-4,2024-01-26,2024,79,1
104,104,26660,"Gordon, Will",2024-4,2024-01-26,2024,79,0
104,104,10104,"Power, Seamus",2021-4,2021-01-30,2021,80,0
104,104,10104,"Power, Seamus",2024-4,2024-01-26,2024,79,1
104,104,15980,"Lipsky, David",2024-4,2024-01-26,2024,79,0
104,104,28159,"Meissner, Mac",2024-4,2024-01-26,2024,79,0
104,104,25363,"Buckley, Hayden",2022-4,2022-01-28,2022,80,0
104,104,25363,"Buckley, Hayden",2024-4,2024-01-26,2024,79,1
104,104,18187,"Duncan, Tyler",2021-4,2021-01-30,2021,80,0
104,104,18187,"Duncan, Tyler",2023-4,2023-01-27,2023,74,1
104,104,18187,"Duncan, Tyler",2024-4,2024-01-26,2024,79,2
104,104,7961,"Reavie, Chez",2024-4,2024-01-26,2024,79,0
104,104,20722,"Schmid, Matti",2024-4,2024-01-26,2024,79,0
104,104,14509,"Dahmen, Joel",2021-4,2021-01-30,2021,80,0
104,104,14509,"Dahmen, Joel",2022-4,2022-01-28,2022,80,1
104,104,14509,"Dahmen, Joel",2024-4,2024-01-26,2024,79,2
104,104,9771,"Day, Jason",2021-4,2021-01-30,2021,80,0
104,104,9771,"Day, Jason",2024-4,2024-01-26,2024,79,1
104,104,25285,"Chiarella, Alex",2024-4,2024-01-26,2024,79,0
104,104,23323,"MacIntyre, Robert",2024-4,2024-01-26,2024,79,0
104,104,18474,"Smalley, Alex",2024-4,2024-01-26,2024,79,0
104,104,7955,"Watney, Nick",2024-4,2024-01-26,2024,79,0
104,104,6931,"Byrd, Jonathan",2023-4,2023-01-27,2023,74,0
104,104,12359,"Stallings, Scott",2023-4,2023-01-27,2023,74,0
104,104,13470,"Kizzire, Patton",2023-4,2023-01-27,2023,74,0
104,104,22985,"Smotherman, Austin",2023-4,2023-01-27,2023,74,0
104,104,16433,"NeSmith, Matthew",2023-4,2023-01-27,2023,74,0
104,104,23599,"Westmoreland, Kyle",2023-4,2023-01-27,2023,74,0
104,104,21756,"Cole, Eric",2023-4,2023-01-27,2023,74,0
104,104,15470,"Hossler, Beau",2022-4,2022-01-28,2022,80,0
104,104,15470,"Hossler, Beau",2023-4,2023-01-27,2023,74,1
104,104,25157,"Hodges, Lee",2022-4,2022-01-28,2022,80,0
104,104,25157,"Hodges, Lee",2023-4,2023-01-27,2023,74,1
104,104,26653,"Eckroat, Austin",2023-4,2023-01-27,2023,74,0
104,104,5874,"Percy, Cameron",2023-4,2023-01-27,2023,74,0
104,104,11826,"Lee, Danny",2022-4,2022-01-28,2022,80,0
104,104,11826,"Lee, Danny",2023-4,2023-01-27,2023,74,1
104,104,19864,"Hammer, Cole",2023-4,2023-01-27,2023,74,0
104,104,15634,"Trainer, Martin",2022-4,2022-01-28,2022,80,0
104,104,15634,"Trainer, Martin",2023-4,2023-01-27,2023,74,1
104,104,30429,"Welch, Patrick",2023-4,2023-01-27,2023,74,0
104,104,7301,"Dufner, Jason",2023-4,2023-01-27,2023,74,0
104,104,8469,"Armour, Ryan",2023-4,2023-01-27,2023,74,0
104,104,30463,"Surratt, Caleb",2023-4,2023-01-27,2023,74,0
104,104,13404,"Gligic, Michael",2021-4,2021-01-30,2021,80,0
104,104,13404,"Gligic, Michael",2023-4,2023-01-27,2023,74,1
104,104,14577,"English, Harris",2021-4,2021-01-30,2021,80,0
104,104,14577,"English, Harris",2023-4,2023-01-27,2023,74,1
104,104,6283,"Sabbatini, Rory",2023-4,2023-01-27,2023,74,0
104,104,10423,"Brehm, Ryan",2021-4,2021-01-30,2021,80,0
104,104,10423,"Brehm, Ryan",2023-4,2023-01-27,2023,74,1
104,104,17786,"Davis, Cam",2023-4,2023-01-27,2023,74,0
104,104,6674,"Crane, Ben",2023-4,2023-01-27,2023,74,0
104,104,14815,"Lingmerth, David",2023-4,2023-01-27,2023,74,0
104,104,15852,"Kraft, Kelly",2023-4,2023-01-27,2023,74,0
104,104,8199,"Levin, Spencer",2023-4,2023-01-27,2023,74,0
104,104,5701,"Atwal, Arjun",2023-4,2023-01-27,2023,74,0
104,104,12846,"Herman, Jim",2022-4,2022-01-28,2022,80,0
104,104,21944,"Moore, Taylor",2022-4,2022-01-28,2022,80,0
104,104,11657,"Norlander, Henrik",2022-4,2022-01-28,2022,80,0
104,104,17576,"Conners, Corey",2022-4,2022-01-28,2022,80,0
104,104,18164,"Wolfe, Jared",2022-4,2022-01-28,2022,80,0
104,104,17365,"Mitchell, Keith",2021-4,2021-01-30,2021,80,0
104,104,17365,"Mitchell, Keith",2022-4,2022-01-28,2022,80,1
104,104,7881,"Kang, Sung",2022-4,2022-01-28,2022,80,0
104,104,21554,"Poston, J.T.",2022-4,2022-01-28,2022,80,0
104,104,12069,"Stanley, Kyle",2022-4,2022-01-28,2022,80,0
104,104,1547,"Mickelson, Phil",2022-4,2022-01-28,2022,80,0
104,104,17584,"McCumber, Tyler",2022-4,2022-01-28,2022,80,0
104,104,20519,"Tarren, Callum",2022-4,2022-01-28,2022,80,0
104,104,16715,"Ryder, Sam",2022-4,2022-01-28,2022,80,0
104,104,26872,"Sear, Maxwell",2022-4,2022-01-28,2022,80,0
104,104,19364,"Werenski, Richy",2022-4,2022-01-28,2022,80,0
104,104,14140,"Higgs, Harry",2022-4,2022-01-28,2022,80,0
104,104,23505,"McGreevy, Max",2022-4,2022-01-28,2022,80,0
104,104,22086,"du Toit, Jared",2022-4,2022-01-28,2022,80,0
104,104,29152,"Alford, Ryan",2022-4,2022-01-28,2022,80,0
104,104,17570,"Creel, Joshua",2022-4,2022-01-28,2022,80,0
104,104,24481,"Redman, Doc",2021-4,2021-01-30,2021,80,0
104,104,13022,"Stuard, Brian",2021-4,2021-01-30,2021,80,0
104,104,13531,"Kodaira, Satoshi",2021-4,2021-01-30,2021,80,0
104,104,14967,"Hadley, Chesson",2021-4,2021-01-30,2021,80,0
104,104,11276,"Horschel, Billy",2021-4,2021-01-30,2021,80,0
104,104,10185,"Every, Matt",2021-4,2021-01-30,2021,80,0
104,104,21237,"Hickok, Kramer",2021-4,2021-01-30,2021,80,0
104,104,19477,"Schenk, Adam",2021-4,2021-01-30,2021,80,0
104,104,7959,"Holmes, J.B.",2021-4,2021-01-30,2021,80,0
104,104,13497,"Lee, Kyoung-Hoon",2021-4,2021-01-30,2021,80,0
104,104,7636,"Mahan, Hunter",2021-4,2021-01-30,2021,80,0
104,104,12808,"Grillo, Emiliano",2021-4,2021-01-30,2021,80,0
104,104,6892,"Howell III, Charles",2021-4,2021-01-30,2021,80,0
104,104,6252,"Baddeley, Aaron",2021-4,2021-01-30,2021,80,0
104,104,8479,"Harrington, Scott",2021-4,2021-01-30,2021,80,0
104,104,16243,"Koepka, Brooks",2021-4,2021-01-30,2021,80,0
104,104,18634,"McNealy, Maverick",2021-4,2021-01-30,2021,80,0
104,104,12131,"Anderson, Mark",2021-4,2021-01-30,2021,80,0
104,104,11382,"Lovemark, Jamie",2021-4,2021-01-30,2021,80,0
104,104,15239,"Ledesma, Nelson",2021-4,2021-01-30,2021,80,0
104,104,16602,"Varner III, Harold",2021-4,2021-01-30,2021,80,0
104,104,24450,"Strafaci, Tyler",2021-4,2021-01-30,2021,80,0
704,704,18417,"Scheffler, Scottie",2026-2,2026-01-24,2026,1,0
704,704,9771,"Day, Jason",2026-2,2026-01-24,2026,2,0
704,704,14704,"Putnam, Andrew",2026-2,2026-01-24,2026,2,0
704,704,29767,"Gerard, Ryan",2026-2,2026-01-24,2026,2,0
704,704,28635,"McCarty, Matt",2026-2,2026-01-24,2026,2,0
704,704,25569,"Stevens, Sam",2026-2,2026-01-24,2026,6,0
704,704,14609,"Kim, Si Woo",2026-2,2026-01-24,2026,6,0
704,704,23014,"Theegala, Sahith",2026-2,2026-01-24,2026,8,0
704,704,15575,"Hoge, Tom",2026-2,2026-01-24,2026,8,0
704,704,22985,"Smotherman, Austin",2026-2,2026-01-24,2026,8,0
704,704,14578,"Henley, Russell",2026-2,2026-01-24,2026,8,0
704,704,15310,"Li, Haotong",2026-2,2026-01-24,2026,8,0
704,704,15466,"Cantlay, Patrick",2026-2,2026-01-24,2026,13,0
704,704,31343,"Ford, David",2026-2,2026-01-24,2026,13,0
704,704,19846,"Bauchou, Zach",2026-2,2026-01-24,2026,13,0
704,704,23604,"Clark, Wyndham",2026-2,2026-01-24,2026,13,0
704,704,29433,"Bridgeman, Jacob",2026-2,2026-01-24,2026,13,0
704,704,32152,"Brown, Blades",2026-2,2026-01-24,2026,18,0
704,704,19428,"Zalatoris, Will",2026-2,2026-01-24,2026,18,0
704,704,21688,"Kim, S.H.",2026-2,2026-01-24,2026,18,0
704,704,28309,"Coody, Pierceson",2026-2,2026-01-24,2026,18,0
704,704,12965,"Fowler, Rickie",2026-2,2026-01-24,2026,18,0
704,704,24304,"Vilips, Karl",2026-2,2026-01-24,2026,18,0
704,704,27194,"Hall, Harry",2026-2,2026-01-24,2026,24,0
704,704,6430,"Scott, Adam",2026-2,2026-01-24,2026,24,0
704,704,24968,"Griffin, Ben",2026-2,2026-01-24,2026,24,0
704,704,16715,"Ryder, Sam",2026-2,2026-01-24,2026,27,0
704,704,21756,"Cole, Eric",2026-2,2026-01-24,2026,27,0
704,704,32457,"Keefer, Johnny",2026-2,2026-01-24,2026,27,0
704,704,14577,"English, Harris",2026-2,2026-01-24,2026,27,0
704,704,11276,"Horschel, Billy",2026-2,2026-01-24,2026,27,0
704,704,17538,"Homa, Max",2026-2,2026-01-24,2026,27,0
704,704,18586,"Smith, Jordan",2026-2,2026-01-24,2026,27,0
704,704,19483,"Burns, Sam",2026-2,2026-01-24,2026,27,0
704,704,19960,"Pavon, Matthieu",2026-2,2026-01-24,2026,27,0
704,704,23505,"McGreevy, Max",2026-2,2026-01-24,2026,27,0
704,704,13126,"Taylor, Nick",2026-2,2026-01-24,2026,27,0
704,704,24766,"Kim, Tom",2026-2,2026-01-24,2026,38,0
704,704,16841,"Lee, Min Woo",2026-2,2026-01-24,2026,38,0
704,704,14509,"Dahmen, Joel",2026-2,2026-01-24,2026,38,0
704,704,21554,"Poston, J.T.",2026-2,2026-01-24,2026,38,0
704,704,18103,"Bezuidenhout, Christiaan",2026-2,2026-01-24,2026,38,0
704,704,23323,"MacIntyre, Robert",2026-2,2026-01-24,2026,38,0
704,704,25002,"Wu, Dylan",2026-2,2026-01-24,2026,44,0
704,704,12909,"Campos, Rafael",2026-2,2026-01-24,2026,44,0
704,704,17365,"Mitchell, Keith",2026-2,2026-01-24,2026,44,0
704,704,21883,"Ewart, A.J.",2026-2,2026-01-24,2026,44,0
704,704,23656,"Young, Carson",2026-2,2026-01-24,2026,44,0
704,704,16283,"Rodgers, Patrick",2026-2,2026-01-24,2026,44,0
704,704,15980,"Lipsky, David",2026-2,2026-01-24,2026,44,0
704,704,27819,"Castillo, Ricky",2026-2,2026-01-24,2026,44,0
704,704,23838,"Hojgaard, Rasmus",2026-2,2026-01-24,2026,44,0
704,704,6169,"Kuchar, Matt",2026-2,2026-01-24,2026,44,0
704,704,18474,"Smalley, Alex",2026-2,2026-01-24,2026,44,0
704,704,22760,"Hisatsune, Ryo",2026-2,2026-01-24,2026,44,0
704,704,29197,"Brennan, Michael",2026-2,2026-01-24,2026,56,0
704,704,19870,"McCarthy, Denny",2026-2,2026-01-24,2026,56,0
704,704,23465,"Greyserman, Max",2026-2,2026-01-24,2026,56,0
704,704,21944,"Moore, Taylor",2026-2,2026-01-24,2026,56,0
704,704,13764,"Parry, John",2026-2,2026-01-24,2026,56,0
704,704,19872,"Riley, Davis",2026-2,2026-01-24,2026,56,0
704,704,17606,"Berger, Daniel",2026-2,2026-01-24,2026,56,0
704,704,30620,"Chatfield, Davis",2026-2,2026-01-24,2026,63,0
704,704,27164,"Phillips, Chandler",2026-2,2026-01-24,2026,63,0
704,704,28159,"Meissner, Mac",2026-2,2026-01-24,2026,63,0
704,704,19840,"Ramey, Chad",2026-2,2026-01-24,2026,63,0
704,704,10104,"Power, Seamus",2026-2,2026-01-24,2026,63,0
704,704,17646,"Fitzpatrick, Matt",2026-2,2026-01-24,2026,63,0
704,704,22002,"Dumont de Chassart, Adrien",2026-2,2026-01-24,2026,69,0
704,704,6986,"Johnson, Zach",2026-2,2026-01-24,2026,70,0
704,704,14792,"Saddier, Adrien",2026-2,2026-01-24,2026,70,0
704,704,12577,"Woodland, Gary",2026-2,2026-01-24,2026,72,0
704,704,16757,"Dou, Zecheng",2026-2,2026-01-24,2026,73,0
704,704,17780,"Pendrith, Taylor",2026-2,2026-01-24,2026,74,0
704,704,11451,"Garnett, Brice",2026-2,2026-01-24,2026,74,0
704,704,14502,"Cauley, Bud",2026-2,2026-01-24,2026,74,0
704,704,21074,"Nakajima, Keita",2026-2,2026-01-24,2026,74,0
704,704,9171,"Villegas, Camilo",2026-2,2026-01-24,2026,74,0
704,704,23475,"Novak, Andrew",2026-2,2026-01-24,2026,74,0
704,704,8480,"Streelman, Kevin",2026-2,2026-01-24,2026,74,0
704,704,11676,"Finau, Tony",2026-2,2026-01-24,2026,74,0
704,704,6093,"Rose, Justin",2026-2,2026-01-24,2026,74,0
704,704,14926,"Malnati, Peter",2026-2,2026-01-24,2026,74,0
704,704,15330,"Griffin, Lanto",2026-2,2026-01-24,2026,74,0
704,704,17550,"van Rooyen, Erik",2026-2,2026-01-24,2026,74,0
704,704,26649,"Thorbjornsen, Michael",2026-2,2026-01-24,2026,74,0
704,704,17881,"Yu, Kevin",2026-2,2026-01-24,2026,74,0
704,704,21412,"Capan III, Frankie",2026-2,2026-01-24,2026,74,0
704,704,16162,"Lee, S.T.",2026-2,2026-01-24,2026,74,0
704,704,29770,"Mouw, William",2026-2,2026-01-24,2026,74,0
704,704,30814,"Sargent, Gordon",2026-2,2026-01-24,2026,74,0
704,704,22833,"Echavarria, Nico",2026-2,2026-01-24,2026,74,0
704,704,24956,"Blanchet, Chandler",2026-2,2026-01-24,2026,74,0
704,704,25094,"Fishburn, Patrick",2026-2,2026-01-24,2026,74,0
704,704,29279,"Suber, Jackson",2026-2,2026-01-24,2026,74,0
704,704,17511,"Straka, Sepp",2026-2,2026-01-24,2026,74,0
704,704,26096,"Bhatia, Akshay",2026-2,2026-01-24,2026,74,0
704,704,15473,"Long, Adam",2026-2,2026-01-24,2026,74,0
704,704,17786,"Davis, Cam",2026-2,2026-01-24,2026,74,0
704,704,24343,"Lamprecht, Christo",2026-2,2026-01-24,2026,74,0
202,202,29925,"Yellamaraju, Sudarshan",2026-2,2026-01-24,2026,74,0
202,202,26653,"Eckroat, Austin",2026-2,2026-01-24,2026,74,0
202,202,24550,"Ghim, Doug",2026-2,2026-01-24,2026,74,0
202,202,19729,"Kanaya, Takumi",2026-2,2026-01-24,2026,74,0
202,202,21943,"Lebioda, Hank",2026-2,2026-01-24,2026,74,0
202,202,14140,"Higgs, Harry",2026-2,2026-01-24,2026,74,0
202,202,12423,"Kirk, Chris",2026-2,2026-01-24,2026,74,0
202,202,20706,"Wallace, Matt",2026-2,2026-01-24,2026,74,0
202,202,26850,"Svensson, Jesper",2026-2,2026-01-24,2026,74,0
202,202,28016,"Gonzalez, Emilio",2026-2,2026-01-24,2026,74,0
202,202,26657,"Fisk, Steven",2026-2,2026-01-24,2026,74,0
202,202,12808,"Grillo, Emiliano",2026-2,2026-01-24,2026,74,0
202,202,20766,"Brown, Dan",2026-2,2026-01-24,2026,74,0
202,202,23816,"Valimaki, Sami",2026-2,2026-01-24,2026,74,0
202,202,25908,"Whaley, Vince",2026-2,2026-01-24,2026,74,0
202,202,20954,"Hirata, Kensei",2026-2,2026-01-24,2026,74,0
202,202,15556,"Hughes, Mackenzie",2026-2,2026-01-24,2026,74,0
202,202,13508,"Vegas, Jhonattan",2026-2,2026-01-24,2026,74,0
202,202,27183,"Salinda, Isaiah",2026-2,2026-01-24,2026,74,0
202,202,20722,"Schmid, Matti",2026-2,2026-01-24,2026,74,0
202,202,16333,"Hubbard, Mark",2026-2,2026-01-24,2026,74,0
202,202,17723,"Lower, Justin",2026-2,2026-01-24,2026,74,0
202,202,19477,"Schenk, Adam",2026-2,2026-01-24,2026,74,0
202,202,14000,"Landry, Andrew",2026-2,2026-01-24,2026,74,0
233,233,21891,"Kitayama, Kurt",2026-2,2026-01-24,2026,74,0
233,233,15651,"Ventura, Kris",2026-2,2026-01-24,2026,74,0
233,233,8820,"Snedeker, Brandt",2026-2,2026-01-24,2026,74,0
233,233,27364,"Thompson, Davis",2026-2,2026-01-24,2026,74,0
233,233,16394,"Jaeger, Stephan",2026-2,2026-01-24,2026,74,0
233,233,7301,"Dufner, Jason",2026-2,2026-01-24,2026,74,0
233,233,13997,"Svensson, Adam",2026-2,2026-01-24,2026,74,0
233,233,17543,"Kim, Michael",2026-2,2026-01-24,2026,74,0
233,233,18424,"Roy, Kevin",2026-2,2026-01-24,2026,74,0
233,233,15470,"Hossler, Beau",2026-2,2026-01-24,2026,74,0
233,233,25157,"Hodges, Lee",2026-2,2026-01-24,2026,74,0
233,233,10419,"Noren, Alex",2026-2,2026-01-24,2026,74,0
233,233,25003,"Walker, Danny",2026-2,2026-01-24,2026,74,0
233,233,8825,"Harman, Brian",2026-2,2026-01-24,2026,74,0
233,233,21889,"Kang, Jeffrey",2026-2,2026-01-24,2026,74,0
233,233,13470,"Kizzire, Patton",2026-2,2026-01-24,2026,74,0
233,233,15004,"Kim, Chan",2026-2,2026-01-24,2026,74,0
233,233,25319,"VanDerLaan, John",2026-2,2026-01-24,2026,74,0
233,233,27900,"Potgieter, Aldrich",2026-2,2026-01-24,2026,74,0
233,233,16591,"Rozo, Marcelo",2026-2,2026-01-24,2026,74,0
233,233,32055,"Shipley, Neal",2026-2,2026-01-24,2026,74,0
233,233,28469,"Highsmith, Joe",2026-2,2026-01-24,2026,74,0
233,233,12333,"Block, Michael",2026-2,2026-01-24,2026,74,0
233,233,18628,"Campbell, Brian",2026-2,2026-01-24,2026,74,0
233,233,5768,"Hoffman, Charley",2026-2,2026-01-24,2026,74,0
233,233,23048,"Stanger, Jimmy",2026-2,2026-01-24,2026,74,0
233,233,17032,"Tosti, Alejandro",2026-2,2026-01-24,2026,74,0
233,233,25475,"Nyholm, Pontus",2026-2,2026-01-24,2026,74,0
5,776,27774,"Gotterup, Chris",2022-493,2022-11-19,2022,35,0
5,6,27774,"Gotterup, Chris",2025-6,2025-01-11,2025,77,1
5,6,27774,"Gotterup, Chris",2026-6,2026-01-17,2026,1,2
5,5,27774,"Gotterup, Chris",2026-5,2026-02-14,2026,37,3
5,765,29767,"Gerard, Ryan",2023-548,2023-11-11,2023,69,0
5,6,29767,"Gerard, Ryan",2025-6,2025-01-11,2025,37,1
5,12,29767,"Gerard, Ryan",2025-12,2025-04-19,2025,27,2
5,6,29767,"Gerard, Ryan",2026-6,2026-01-17,2026,2,3
5,5,29767,"Gerard, Ryan",2026-5,2026-02-14,2026,45,4
5,5,16283,"Rodgers, Patrick",2021-5,2021-02-13,2021,68,0
5,12,16283,"Rodgers, Patrick",2021-12,2021-04-17,2021,66,1
5,765,16283,"Rodgers, Patrick",2021-528,2021-10-30,2021,4,2
5,776,16283,"Rodgers, Patrick",2021-493,2021-11-20,2021,57,3
5,765,16283,"Rodgers, Patrick",2022-528,2022-10-29,2022,3,4
5,776,16283,"Rodgers, Patrick",2022-493,2022-11-19,2022,10,5
5,12,16283,"Rodgers, Patrick",2023-12,2023-04-15,2023,19,6
5,6,16283,"Rodgers, Patrick",2024-6,2024-01-13,2024,24,7
5,5,16283,"Rodgers, Patrick",2024-5,2024-02-03,2024,79,8
5,12,16283,"Rodgers, Patrick",2024-12,2024-04-20,2024,5,9
5,765,16283,"Rodgers, Patrick",2024-528,2024-11-16,2024,9,10
5,776,16283,"Rodgers, Patrick",2024-493,2024-11-23,2024,17,11
5,6,16283,"Rodgers, Patrick",2025-6,2025-01-11,2025,77,12
5,5,16283,"Rodgers, Patrick",2025-5,2025-02-01,2025,22,13
5,12,16283,"Rodgers, Patrick",2025-12,2025-04-19,2025,42,14
5,765,16283,"Rodgers, Patrick",2025-528,2025-11-15,2025,71,15
5,776,16283,"Rodgers, Patrick",2025-493,2025-11-22,2025,7,16
5,6,16283,"Rodgers, Patrick",2026-6,2026-01-17,2026,3,17
5,5,16283,"Rodgers, Patrick",2026-5,2026-02-14,2026,52,18
5,776,29433,"Bridgeman, Jacob",2022-493,2022-11-19,2022,54,0
5,6,29433,"Bridgeman, Jacob",2024-6,2024-01-13,2024,81,1
5,765,29433,"Bridgeman, Jacob",2024-528,2024-11-16,2024,12,2
5,776,29433,"Bridgeman, Jacob",2024-493,2024-11-23,2024,69,3
5,6,29433,"Bridgeman, Jacob",2025-6,2025-01-11,2025,77,4
5,12,29433,"Bridgeman, Jacob",2025-12,2025-04-19,2025,61,5
5,776,29433,"Bridgeman, Jacob",2025-493,2025-11-22,2025,73,6
5,6,29433,"Bridgeman, Jacob",2026-6,2026-01-17,2026,4,7
5,5,29433,"Bridgeman, Jacob",2026-5,2026-02-14,2026,8,8
5,12,23323,"MacIntyre, Robert",2021-12,2021-04-17,2021,59,0
5,6,23323,"MacIntyre, Robert",2024-6,2024-01-13,2024,52,1
5,6,23323,"MacIntyre, Robert",2025-6,2025-01-11,2025,53,2
5,5,23323,"MacIntyre, Robert",2025-5,2025-02-01,2025,40,3
5,12,23323,"MacIntyre, Robert",2025-12,2025-04-19,2025,66,4
5,6,23323,"MacIntyre, Robert",2026-6,2026-01-17,2026,4,5
5,5,23323,"MacIntyre, Robert",2026-5,2026-02-14,2026,37,6
5,765,25157,"Hodges, Lee",2021-528,2021-10-30,2021,71,0
5,776,25157,"Hodges, Lee",2021-493,2021-11-20,2021,57,1
5,6,25157,"Hodges, Lee",2022-6,2022-01-15,2022,66,2
5,5,25157,"Hodges, Lee",2022-5,2022-02-05,2022,64,3
5,776,25157,"Hodges, Lee",2022-493,2022-11-19,2022,70,4
5,12,25157,"Hodges, Lee",2023-12,2023-04-15,2023,41,5
5,5,25157,"Hodges, Lee",2024-5,2024-02-03,2024,58,6
5,12,25157,"Hodges, Lee",2024-12,2024-04-20,2024,58,7
5,776,25157,"Hodges, Lee",2024-493,2024-11-23,2024,5,8
5,6,25157,"Hodges, Lee",2025-6,2025-01-11,2025,10,9
5,5,25157,"Hodges, Lee",2025-5,2025-02-01,2025,33,10
5,765,25157,"Hodges, Lee",2025-528,2025-11-15,2025,61,11
5,776,25157,"Hodges, Lee",2025-493,2025-11-22,2025,4,12
5,6,25157,"Hodges, Lee",2026-6,2026-01-17,2026,6,13
5,5,19872,"Riley, Davis",2021-5,2021-02-13,2021,68,0
5,765,19872,"Riley, Davis",2021-528,2021-10-30,2021,7,1
5,6,19872,"Riley, Davis",2022-6,2022-01-15,2022,20,2
5,5,19872,"Riley, Davis",2022-5,2022-02-05,2022,49,3
5,12,19872,"Riley, Davis",2022-12,2022-04-16,2022,71,4
5,776,19872,"Riley, Davis",2022-493,2022-11-19,2022,46,5
5,12,19872,"Riley, Davis",2023-12,2023-04-15,2023,74,6
5,765,19872,"Riley, Davis",2023-548,2023-11-11,2023,45,7
5,6,19872,"Riley, Davis",2024-6,2024-01-13,2024,81,8
5,5,19872,"Riley, Davis",2024-5,2024-02-03,2024,78,9
5,776,19872,"Riley, Davis",2025-493,2025-11-22,2025,67,10
5,6,19872,"Riley, Davis",2026-6,2026-01-17,2026,6,11
5,6,17606,"Berger, Daniel",2021-6,2021-01-16,2021,7,0
5,5,17606,"Berger, Daniel",2021-5,2021-02-13,2021,1,1
5,12,17606,"Berger, Daniel",2021-12,2021-04-17,2021,13,2
5,12,17606,"Berger, Daniel",2022-12,2022-04-16,2022,21,3
5,765,17606,"Berger, Daniel",2024-528,2024-11-16,2024,62,4
5,776,17606,"Berger, Daniel",2024-493,2024-11-23,2024,2,5
5,6,17606,"Berger, Daniel",2025-6,2025-01-11,2025,77,6
5,12,17606,"Berger, Daniel",2025-12,2025-04-19,2025,3,7
5,776,17606,"Berger, Daniel",2025-493,2025-11-22,2025,51,8
5,6,17606,"Berger, Daniel",2026-6,2026-01-17,2026,6,9
5,5,17606,"Berger, Daniel",2026-5,2026-02-14,2026,75,10
5,765,27194,"Hall, Harry",2021-528,2021-10-30,2021,76,0
5,765,27194,"Hall, Harry",2022-528,2022-10-29,2022,63,1
5,6,27194,"Hall, Harry",2023-6,2023-01-14,2023,28,2
5,5,27194,"Hall, Harry",2023-5,2023-02-04,2023,34,3
5,765,27194,"Hall, Harry",2023-548,2023-11-11,2023,82,4
5,6,27194,"Hall, Harry",2024-6,2024-01-13,2024,42,5
5,6,27194,"Hall, Harry",2025-6,2025-01-11,2025,10,6
5,5,27194,"Hall, Harry",2025-5,2025-02-01,2025,58,7
5,6,27194,"Hall, Harry",2026-6,2026-01-17,2026,6,8
5,5,27194,"Hall, Harry",2026-5,2026-02-14,2026,24,9
5,765,17780,"Pendrith, Taylor",2021-528,2021-10-30,2021,5,0
5,776,17780,"Pendrith, Taylor",2021-493,2021-11-20,2021,26,1
5,6,17780,"Pendrith, Taylor",2022-6,2022-01-15,2022,66,2
5,5,17780,"Pendrith, Taylor",2022-5,2022-02-05,2022,49,3
5,776,17780,"Pendrith, Taylor",2022-493,2022-11-19,2022,15,4
5,5,17780,"Pendrith, Taylor",2023-5,2023-02-04,2023,7,5
5,12,17780,"Pendrith, Taylor",2023-12,2023-04-15,2023,74,6
5,765,17780,"Pendrith, Taylor",2023-548,2023-11-11,2023,8,7
5,6,17780,"Pendrith, Taylor",2024-6,2024-01-13,2024,10,8
5,6,17780,"Pendrith, Taylor",2025-6,2025-01-11,2025,45,9
5,5,17780,"Pendrith, Taylor",2025-5,2025-02-01,2025,9,10
5,12,17780,"Pendrith, Taylor",2025-12,2025-04-19,2025,42,11
5,6,17780,"Pendrith, Taylor",2026-6,2026-01-17,2026,6,12
5,5,17780,"Pendrith, Taylor",2026-5,2026-02-14,2026,34,13
5,6,19396,"Knapp, Jake",2024-6,2024-01-13,2024,70,0
5,12,19396,"Knapp, Jake",2024-12,2024-04-20,2024,62,1
5,776,19396,"Knapp, Jake",2024-493,2024-11-23,2024,68,2
5,5,19396,"Knapp, Jake",2025-5,2025-02-01,2025,33,3
5,6,19396,"Knapp, Jake",2026-6,2026-01-17,2026,11,4
5,5,19396,"Knapp, Jake",2026-5,2026-02-14,2026,8,5
5,6,14609,"Kim, Si Woo",2021-6,2021-01-16,2021,25,0
5,12,14609,"Kim, Si Woo",2021-12,2021-04-17,2021,33,1
5,6,14609,"Kim, Si Woo",2022-6,2022-01-15,2022,55,2
5,12,14609,"Kim, Si Woo",2022-12,2022-04-16,2022,42,3
5,6,14609,"Kim, Si Woo",2023-6,2023-01-14,2023,1,4
5,12,14609,"Kim, Si Woo",2023-12,2023-04-15,2023,74,5
5,776,14609,"Kim, Si Woo",2023-549,2023-11-18,2023,71,6
5,6,14609,"Kim, Si Woo",2024-6,2024-01-13,2024,42,7
5,5,14609,"Kim, Si Woo",2024-5,2024-02-03,2024,14,8
5,12,14609,"Kim, Si Woo",2024-12,2024-04-20,2024,18,9
5,6,14609,"Kim, Si Woo",2025-6,2025-01-11,2025,77,10
5,5,14609,"Kim, Si Woo",2025-5,2025-02-01,2025,12,11
5,12,14609,"Kim, Si Woo",2025-12,2025-04-19,2025,8,12
5,776,14609,"Kim, Si Woo",2025-493,2025-11-22,2025,4,13
5,6,14609,"Kim, Si Woo",2026-6,2026-01-17,2026,11,14
5,5,14609,"Kim, Si Woo",2026-5,2026-02-14,2026,45,15
5,6,28309,"Coody, Pierceson",2024-6,2024-01-13,2024,81,0
5,765,28309,"Coody, Pierceson",2024-528,2024-11-16,2024,12,1
5,776,28309,"Coody, Pierceson",2024-493,2024-11-23,2024,69,2
5,765,28309,"Coody, Pierceson",2025-528,2025-11-15,2025,22,3
5,776,28309,"Coody, Pierceson",2025-493,2025-11-22,2025,51,4
5,6,28309,"Coody, Pierceson",2026-6,2026-01-17,2026,13,5
5,5,28309,"Coody, Pierceson",2026-5,2026-02-14,2026,48,6
5,765,21688,"Kim, S.H.",2022-528,2022-10-29,2022,68,0
5,776,21688,"Kim, S.H.",2022-493,2022-11-19,2022,70,1
5,6,21688,"Kim, S.H.",2023-6,2023-01-14,2023,12,2
5,5,21688,"Kim, S.H.",2023-5,2023-02-04,2023,41,3
5,6,21688,"Kim, S.H.",2024-6,2024-01-13,2024,30,4
5,5,21688,"Kim, S.H.",2024-5,2024-02-03,2024,31,5
5,765,21688,"Kim, S.H.",2024-528,2024-11-16,2024,42,6
5,776,21688,"Kim, S.H.",2024-493,2024-11-23,2024,42,7
5,6,21688,"Kim, S.H.",2026-6,2026-01-17,2026,13,8
5,6,13562,"Matsuyama, Hideki",2021-6,2021-01-16,2021,19,0
5,6,13562,"Matsuyama, Hideki",2022-6,2022-01-15,2022,1,1
5,6,13562,"Matsuyama, Hideki",2023-6,2023-01-14,2023,48,2
5,6,13562,"Matsuyama, Hideki",2024-6,2024-01-13,2024,30,3
5,5,13562,"Matsuyama, Hideki",2024-5,2024-02-03,2024,71,4
5,6,13562,"Matsuyama, Hideki",2025-6,2025-01-11,2025,16,5
5,5,13562,"Matsuyama, Hideki",2025-5,2025-02-01,2025,48,6
5,6,13562,"Matsuyama, Hideki",2026-6,2026-01-17,2026,13,7
5,5,13562,"Matsuyama, Hideki",2026-5,2026-02-14,2026,8,8
5,6,13126,"Taylor, Nick",2021-6,2021-01-16,2021,11,0
5,5,13126,"Taylor, Nick",2021-5,2021-02-13,2021,39,1
5,12,13126,"Taylor, Nick",2021-12,2021-04-17,2021,66,2
5,765,13126,"Taylor, Nick",2021-528,2021-10-30,2021,76,3
5,5,13126,"Taylor, Nick",2022-5,2022-02-05,2022,14,4
5,12,13126,"Taylor, Nick",2022-12,2022-04-16,2022,71,5
5,765,13126,"Taylor, Nick",2022-528,2022-10-29,2022,23,6
5,6,13126,"Taylor, Nick",2023-6,2023-01-14,2023,7,7
5,5,13126,"Taylor, Nick",2023-5,2023-02-04,2023,20,8
5,12,13126,"Taylor, Nick",2023-12,2023-04-15,2023,41,9
5,6,13126,"Taylor, Nick",2024-6,2024-01-13,2024,7,10
5,5,13126,"Taylor, Nick",2024-5,2024-02-03,2024,71,11
5,12,13126,"Taylor, Nick",2024-12,2024-04-20,2024,49,12
5,765,13126,"Taylor, Nick",2024-528,2024-11-16,2024,76,13
5,6,13126,"Taylor, Nick",2025-6,2025-01-11,2025,1,14
5,5,13126,"Taylor, Nick",2025-5,2025-02-01,2025,33,15
5,12,13126,"Taylor, Nick",2025-12,2025-04-19,2025,49,16
5,6,13126,"Taylor, Nick",2026-6,2026-01-17,2026,13,17
5,5,13126,"Taylor, Nick",2026-5,2026-02-14,2026,24,18
5,765,18424,"Roy, Kevin",2022-528,2022-10-29,2022,68,0
5,776,18424,"Roy, Kevin",2022-493,2022-11-19,2022,46,1
5,6,18424,"Roy, Kevin",2023-6,2023-01-14,2023,77,2
5,5,18424,"Roy, Kevin",2023-5,2023-02-04,2023,76,3
5,765,18424,"Roy, Kevin",2023-548,2023-11-11,2023,8,4
5,6,18424,"Roy, Kevin",2025-6,2025-01-11,2025,45,5
5,765,18424,"Roy, Kevin",2025-528,2025-11-15,2025,34,6
5,776,18424,"Roy, Kevin",2025-493,2025-11-22,2025,73,7
5,6,18424,"Roy, Kevin",2026-6,2026-01-17,2026,13,8
5,6,29925,"Yellamaraju, Sudarshan",2026-6,2026-01-17,2026,13,0
5,765,24968,"Griffin, Ben",2022-528,2022-10-29,2022,3,0
5,776,24968,"Griffin, Ben",2022-493,2022-11-19,2022,29,1
5,6,24968,"Griffin, Ben",2023-6,2023-01-14,2023,12,2
5,12,24968,"Griffin, Ben",2023-12,2023-04-15,2023,31,3
5,765,24968,"Griffin, Ben",2023-548,2023-11-11,2023,37,4
5,776,24968,"Griffin, Ben",2023-549,2023-11-18,2023,8,5
5,6,24968,"Griffin, Ben",2024-6,2024-01-13,2024,30,6
5,5,24968,"Griffin, Ben",2024-5,2024-02-03,2024,58,7
5,765,24968,"Griffin, Ben",2024-528,2024-11-16,2024,8,8
5,776,24968,"Griffin, Ben",2024-493,2024-11-23,2024,15,9
5,6,24968,"Griffin, Ben",2025-6,2025-01-11,2025,45,10
5,5,24968,"Griffin, Ben",2025-5,2025-02-01,2025,69,11
5,6,24968,"Griffin, Ben",2026-6,2026-01-17,2026,19,12
5,5,24968,"Griffin, Ben",2026-5,2026-02-14,2026,37,13
5,6,20766,"Brown, Dan",2026-6,2026-01-17,2026,19,0
5,6,13764,"Parry, John",2026-6,2026-01-17,2026,19,0
5,6,27164,"Phillips, Chandler",2024-6,2024-01-13,2024,57,0
5,12,27164,"Phillips, Chandler",2024-12,2024-04-20,2024,55,1
5,776,27164,"Phillips, Chandler",2024-493,2024-11-23,2024,11,2
5,6,27164,"Phillips, Chandler",2025-6,2025-01-11,2025,77,3
5,765,27164,"Phillips, Chandler",2025-528,2025-11-15,2025,2,4
5,6,27164,"Phillips, Chandler",2026-6,2026-01-17,2026,19,5
5,6,14578,"Henley, Russell",2021-6,2021-01-16,2021,11,0
5,12,14578,"Henley, Russell",2021-12,2021-04-17,2021,9,1
5,776,14578,"Henley, Russell",2021-493,2021-11-20,2021,22,2
5,6,14578,"Henley, Russell",2022-6,2022-01-15,2022,2,3
5,12,14578,"Henley, Russell",2022-12,2022-04-16,2022,71,4
5,6,14578,"Henley, Russell",2023-6,2023-01-14,2023,32,5
5,12,14578,"Henley, Russell",2023-12,2023-04-15,2023,19,6
5,776,14578,"Henley, Russell",2023-549,2023-11-18,2023,13,7
5,6,14578,"Henley, Russell",2024-6,2024-01-13,2024,4,8
5,5,14578,"Henley, Russell",2024-5,2024-02-03,2024,58,9
5,12,14578,"Henley, Russell",2024-12,2024-04-20,2024,12,10
5,6,14578,"Henley, Russell",2025-6,2025-01-11,2025,10,11
5,5,14578,"Henley, Russell",2025-5,2025-02-01,2025,5,12
5,12,14578,"Henley, Russell",2025-12,2025-04-19,2025,8,13
5,6,14578,"Henley, Russell",2026-6,2026-01-17,2026,19,14
5,5,14578,"Henley, Russell",2026-5,2026-02-14,2026,19,15
5,5,14636,"Spieth, Jordan",2021-5,2021-02-13,2021,3,0
5,5,14636,"Spieth, Jordan",2022-5,2022-02-05,2022,2,1
5,12,14636,"Spieth, Jordan",2022-12,2022-04-16,2022,1,2
5,6,14636,"Spieth, Jordan",2023-6,2023-01-14,2023,77,3
5,5,14636,"Spieth, Jordan",2023-5,2023-02-04,2023,63,4
5,12,14636,"Spieth, Jordan",2023-12,2023-04-15,2023,2,5
5,5,14636,"Spieth, Jordan",2024-5,2024-02-03,2024,39,6
5,12,14636,"Spieth, Jordan",2024-12,2024-04-20,2024,39,7
5,5,14636,"Spieth, Jordan",2025-5,2025-02-01,2025,69,8
5,12,14636,"Spieth, Jordan",2025-12,2025-04-19,2025,18,9
5,6,14636,"Spieth, Jordan",2026-6,2026-01-17,2026,24,10
5,5,14636,"Spieth, Jordan",2026-5,2026-02-14,2026,29,11
5,5,18634,"McNealy, Maverick",2021-5,2021-02-13,2021,2,0
5,12,18634,"McNealy, Maverick",2021-12,2021-04-17,2021,4,1
5,6,18634,"McNealy, Maverick",2022-6,2022-01-15,2022,27,2
5,5,18634,"McNealy, Maverick",2022-5,2022-02-05,2022,33,3
5,12,18634,"McNealy, Maverick",2022-12,2022-04-16,2022,26,4
5,6,18634,"McNealy, Maverick",2023-6,2023-01-14,2023,7,5
5,12,18634,"McNealy, Maverick",2023-12,2023-04-15,2023,74,6
5,776,18634,"McNealy, Maverick",2023-549,2023-11-18,2023,58,7
5,6,18634,"McNealy, Maverick",2024-6,2024-01-13,2024,57,8
5,5,18634,"McNealy, Maverick",2024-5,2024-02-03,2024,39,9
5,765,18634,"McNealy, Maverick",2024-528,2024-11-16,2024,17,10
5,776,18634,"McNealy, Maverick",2024-493,2024-11-23,2024,1,11
5,6,18634,"McNealy, Maverick",2025-6,2025-01-11,2025,45,12
5,5,18634,"McNealy, Maverick",2025-5,2025-02-01,2025,40,13
5,12,18634,"McNealy, Maverick",2025-12,2025-04-19,2025,3,14
5,6,18634,"McNealy, Maverick",2026-6,2026-01-17,2026,24,15
5,5,18634,"McNealy, Maverick",2026-5,2026-02-14,2026,29,16
5,776,14502,"Cauley, Bud",2024-493,2024-11-23,2024,25,0
5,6,14502,"Cauley, Bud",2025-6,2025-01-11,2025,30,1
5,12,14502,"Cauley, Bud",2025-12,2025-04-19,2025,32,2
5,776,14502,"Cauley, Bud",2025-493,2025-11-22,2025,73,3
5,6,14502,"Cauley, Bud",2026-6,2026-01-17,2026,24,4
5,5,14502,"Cauley, Bud",2026-5,2026-02-14,2026,37,5
5,6,20954,"Hirata, Kensei",2024-6,2024-01-13,2024,81,0
5,6,20954,"Hirata, Kensei",2025-6,2025-01-11,2025,21,1
5,6,20954,"Hirata, Kensei",2026-6,2026-01-17,2026,24,2
5,12,17576,"Conners, Corey",2021-12,2021-04-17,2021,4,0
5,776,17576,"Conners, Corey",2021-493,2021-11-20,2021,22,1
5,6,17576,"Conners, Corey",2022-6,2022-01-15,2022,11,2
5,12,17576,"Conners, Corey",2022-12,2022-04-16,2022,12,3
5,6,17576,"Conners, Corey",2023-6,2023-01-14,2023,12,4
5,12,17576,"Conners, Corey",2023-12,2023-04-15,2023,31,5
5,776,17576,"Conners, Corey",2023-549,2023-11-18,2023,44,6
5,6,17576,"Conners, Corey",2024-6,2024-01-13,2024,57,7
5,5,17576,"Conners, Corey",2024-5,2024-02-03,2024,31,8
5,12,17576,"Conners, Corey",2024-12,2024-04-20,2024,44,9
5,6,17576,"Conners, Corey",2025-6,2025-01-11,2025,77,10
5,5,17576,"Conners, Corey",2025-5,2025-02-01,2025,65,11
5,12,17576,"Conners, Corey",2025-12,2025-04-19,2025,49,12
5,6,17576,"Conners, Corey",2026-6,2026-01-17,2026,24,13
5,5,17576,"Conners, Corey",2026-5,2026-02-14,2026,70,14
5,6,22002,"Dumont de Chassart, Adrien",2024-6,2024-01-13,2024,81,0
5,765,22002,"Dumont de Chassart, Adrien",2024-528,2024-11-16,2024,3,1
5,776,22002,"Dumont de Chassart, Adrien",2024-493,2024-11-23,2024,25,2
5,776,22002,"Dumont de Chassart, Adrien",2025-493,2025-11-22,2025,73,3
5,6,22002,"Dumont de Chassart, Adrien",2026-6,2026-01-17,2026,24,4
5,6,13470,"Kizzire, Patton",2021-6,2021-01-16,2021,7,0
5,5,13470,"Kizzire, Patton",2021-5,2021-02-13,2021,39,1
5,12,13470,"Kizzire, Patton",2021-12,2021-04-17,2021,66,2
5,776,13470,"Kizzire, Patton",2021-493,2021-11-20,2021,71,3
5,6,13470,"Kizzire, Patton",2022-6,2022-01-15,2022,42,4
5,12,13470,"Kizzire, Patton",2022-12,2022-04-16,2022,26,5
5,776,13470,"Kizzire, Patton",2022-493,2022-11-19,2022,35,6
5,6,13470,"Kizzire, Patton",2023-6,2023-01-14,2023,76,7
5,12,13470,"Kizzire, Patton",2023-12,2023-04-15,2023,31,8
5,765,13470,"Kizzire, Patton",2023-548,2023-11-11,2023,37,9
5,776,13470,"Kizzire, Patton",2023-549,2023-11-18,2023,44,10
5,6,13470,"Kizzire, Patton",2024-6,2024-01-13,2024,13,11
5,776,13470,"Kizzire, Patton",2024-493,2024-11-23,2024,66,12
5,6,13470,"Kizzire, Patton",2025-6,2025-01-11,2025,77,13
5,776,13470,"Kizzire, Patton",2025-493,2025-11-22,2025,34,14
5,6,13470,"Kizzire, Patton",2026-6,2026-01-17,2026,24,15
5,765,25569,"Stevens, Sam",2022-528,2022-10-29,2022,68,0
5,776,25569,"Stevens, Sam",2022-493,2022-11-19,2022,70,1
5,6,25569,"Stevens, Sam",2023-6,2023-01-14,2023,77,2
5,5,25569,"Stevens, Sam",2023-5,2023-02-04,2023,34,3
5,12,25569,"Stevens, Sam",2023-12,2023-04-15,2023,74,4
5,776,25569,"Stevens, Sam",2023-549,2023-11-18,2023,79,5
5,6,25569,"Stevens, Sam",2024-6,2024-01-13,2024,24,6
5,765,25569,"Stevens, Sam",2024-528,2024-11-16,2024,67,7
5,776,25569,"Stevens, Sam",2024-493,2024-11-23,2024,42,8
5,6,25569,"Stevens, Sam",2025-6,2025-01-11,2025,59,9
5,5,25569,"Stevens, Sam",2025-5,2025-02-01,2025,17,10
5,12,25569,"Stevens, Sam",2025-12,2025-04-19,2025,54,11
5,765,25569,"Stevens, Sam",2025-528,2025-11-15,2025,71,12
5,776,25569,"Stevens, Sam",2025-493,2025-11-22,2025,7,13
5,6,25569,"Stevens, Sam",2026-6,2026-01-17,2026,31,14
5,5,25569,"Stevens, Sam",2026-5,2026-02-14,2026,55,15
5,6,17543,"Kim, Michael",2021-6,2021-01-16,2021,65,0
5,765,17543,"Kim, Michael",2021-528,2021-10-30,2021,76,1
5,765,17543,"Kim, Michael",2022-528,2022-10-29,2022,68,2
5,776,17543,"Kim, Michael",2022-493,2022-11-19,2022,35,3
5,6,17543,"Kim, Michael",2023-6,2023-01-14,2023,77,4
5,5,17543,"Kim, Michael",2023-5,2023-02-04,2023,11,5
5,6,17543,"Kim, Michael",2024-6,2024-01-13,2024,42,6
5,765,17543,"Kim, Michael",2024-528,2024-11-16,2024,12,7
5,776,17543,"Kim, Michael",2024-493,2024-11-23,2024,11,8
5,6,17543,"Kim, Michael",2025-6,2025-01-11,2025,77,9
5,12,17543,"Kim, Michael",2025-12,2025-04-19,2025,54,10
5,6,17543,"Kim, Michael",2026-6,2026-01-17,2026,31,11
5,5,17543,"Kim, Michael",2026-5,2026-02-14,2026,72,12
5,765,25002,"Wu, Dylan",2021-528,2021-10-30,2021,46,0
5,776,25002,"Wu, Dylan",2021-493,2021-11-20,2021,51,1
5,6,25002,"Wu, Dylan",2022-6,2022-01-15,2022,20,2
5,5,25002,"Wu, Dylan",2022-5,2022-02-05,2022,59,3
5,765,25002,"Wu, Dylan",2022-528,2022-10-29,2022,49,4
5,776,25002,"Wu, Dylan",2022-493,2022-11-19,2022,46,5
5,6,25002,"Wu, Dylan",2023-6,2023-01-14,2023,77,6
5,5,25002,"Wu, Dylan",2023-5,2023-02-04,2023,29,7
5,765,25002,"Wu, Dylan",2023-548,2023-11-11,2023,30,8
5,6,25002,"Wu, Dylan",2024-6,2024-01-13,2024,42,9
5,765,25002,"Wu, Dylan",2024-528,2024-11-16,2024,47,10
5,776,25002,"Wu, Dylan",2024-493,2024-11-23,2024,69,11
5,765,25002,"Wu, Dylan",2025-528,2025-11-15,2025,18,12
5,6,25002,"Wu, Dylan",2026-6,2026-01-17,2026,31,13
5,6,10104,"Power, Seamus",2021-6,2021-01-16,2021,74,0
5,5,10104,"Power, Seamus",2021-5,2021-02-13,2021,68,1
5,765,10104,"Power, Seamus",2021-528,2021-10-30,2021,12,2
5,776,10104,"Power, Seamus",2021-493,2021-11-20,2021,4,3
5,6,10104,"Power, Seamus",2022-6,2022-01-15,2022,3,4
5,5,10104,"Power, Seamus",2022-5,2022-02-05,2022,9,5
5,765,10104,"Power, Seamus",2022-528,2022-10-29,2022,1,6
5,776,10104,"Power, Seamus",2022-493,2022-11-19,2022,5,7
5,5,10104,"Power, Seamus",2023-5,2023-02-04,2023,15,8
5,12,10104,"Power, Seamus",2023-12,2023-04-15,2023,74,9
5,6,10104,"Power, Seamus",2024-6,2024-01-13,2024,74,10
5,5,10104,"Power, Seamus",2024-5,2024-02-03,2024,31,11
5,12,10104,"Power, Seamus",2024-12,2024-04-20,2024,12,12
5,765,10104,"Power, Seamus",2024-528,2024-11-16,2024,23,13
5,6,10104,"Power, Seamus",2025-6,2025-01-11,2025,77,14
5,5,10104,"Power, Seamus",2025-5,2025-02-01,2025,17,15
5,765,10104,"Power, Seamus",2025-528,2025-11-15,2025,11,16
5,776,10104,"Power, Seamus",2025-493,2025-11-22,2025,7,17
5,6,10104,"Power, Seamus",2026-6,2026-01-17,2026,31,18
5,6,19729,"Kanaya, Takumi",2021-6,2021-01-16,2021,74,0
5,6,19729,"Kanaya, Takumi",2022-6,2022-01-15,2022,66,1
5,12,19729,"Kanaya, Takumi",2022-12,2022-04-16,2022,71,2
5,6,19729,"Kanaya, Takumi",2024-6,2024-01-13,2024,81,3
5,6,19729,"Kanaya, Takumi",2025-6,2025-01-11,2025,77,4
5,765,19729,"Kanaya, Takumi",2025-528,2025-11-15,2025,3,5
5,6,19729,"Kanaya, Takumi",2026-6,2026-01-17,2026,31,6
5,6,11451,"Garnett, Brice",2021-6,2021-01-16,2021,32,0
5,12,11451,"Garnett, Brice",2021-12,2021-04-17,2021,52,1
5,12,11451,"Garnett, Brice",2022-12,2022-04-16,2022,71,2
5,765,11451,"Garnett, Brice",2022-528,2022-10-29,2022,68,3
5,776,11451,"Garnett, Brice",2022-493,2022-11-19,2022,46,4
5,6,11451,"Garnett, Brice",2023-6,2023-01-14,2023,21,5
5,765,11451,"Garnett, Brice",2023-548,2023-11-11,2023,30,6
5,776,11451,"Garnett, Brice",2023-549,2023-11-18,2023,79,7
5,12,11451,"Garnett, Brice",2024-12,2024-04-20,2024,18,8
5,776,11451,"Garnett, Brice",2024-493,2024-11-23,2024,69,9
5,6,11451,"Garnett, Brice",2025-6,2025-01-11,2025,30,10
5,776,11451,"Garnett, Brice",2025-493,2025-11-22,2025,41,11
5,6,11451,"Garnett, Brice",2026-6,2026-01-17,2026,31,12
5,6,25739,"Yonezawa, Ren",2026-6,2026-01-17,2026,31,0
5,6,27819,"Castillo, Ricky",2025-6,2025-01-11,2025,77,0
5,765,27819,"Castillo, Ricky",2025-528,2025-11-15,2025,71,1
5,776,27819,"Castillo, Ricky",2025-493,2025-11-22,2025,3,2
5,6,27819,"Castillo, Ricky",2026-6,2026-01-17,2026,31,3
5,765,23014,"Theegala, Sahith",2021-528,2021-10-30,2021,74,0
5,776,23014,"Theegala, Sahith",2021-493,2021-11-20,2021,71,1
5,6,23014,"Theegala, Sahith",2022-6,2022-01-15,2022,48,2
5,5,23014,"Theegala, Sahith",2022-5,2022-02-05,2022,64,3
5,12,23014,"Theegala, Sahith",2022-12,2022-04-16,2022,70,4
5,776,23014,"Theegala, Sahith",2022-493,2022-11-19,2022,2,5
5,12,23014,"Theegala, Sahith",2023-12,2023-04-15,2023,5,6
5,6,23014,"Theegala, Sahith",2024-6,2024-01-13,2024,81,7
5,5,23014,"Theegala, Sahith",2024-5,2024-02-03,2024,20,8
5,12,23014,"Theegala, Sahith",2024-12,2024-04-20,2024,2,9
5,6,23014,"Theegala, Sahith",2025-6,2025-01-11,2025,37,10
5,5,23014,"Theegala, Sahith",2025-5,2025-02-01,2025,53,11
5,12,23014,"Theegala, Sahith",2025-12,2025-04-19,2025,69,12
5,765,23014,"Theegala, Sahith",2025-528,2025-11-15,2025,42,13
5,6,23014,"Theegala, Sahith",2026-6,2026-01-17,2026,31,14
5,5,23014,"Theegala, Sahith",2026-5,2026-02-14,2026,60,15
5,765,13997,"Svensson, Adam",2021-528,2021-10-30,2021,22,0
5,776,13997,"Svensson, Adam",2021-493,2021-11-20,2021,71,1
5,6,13997,"Svensson, Adam",2022-6,2022-01-15,2022,7,2
5,5,13997,"Svensson, Adam",2022-5,2022-02-05,2022,49,3
5,12,13997,"Svensson, Adam",2022-12,2022-04-16,2022,26,4
5,776,13997,"Svensson, Adam",2022-493,2022-11-19,2022,1,5
5,6,13997,"Svensson, Adam",2023-6,2023-01-14,2023,41,6
5,12,13997,"Svensson, Adam",2023-12,2023-04-15,2023,41,7
5,776,13997,"Svensson, Adam",2023-549,2023-11-18,2023,5,8
5,6,13997,"Svensson, Adam",2024-6,2024-01-13,2024,30,9
5,5,13997,"Svensson, Adam",2024-5,2024-02-03,2024,47,10
5,12,13997,"Svensson, Adam",2024-12,2024-04-20,2024,44,11
5,776,13997,"Svensson, Adam",2024-493,2024-11-23,2024,53,12
5,6,13997,"Svensson, Adam",2025-6,2025-01-11,2025,30,13
5,765,13997,"Svensson, Adam",2025-528,2025-11-15,2025,71,14
5,776,13997,"Svensson, Adam",2025-493,2025-11-22,2025,73,15
5,6,13997,"Svensson, Adam",2026-6,2026-01-17,2026,40,16
5,6,28159,"Meissner, Mac",2025-6,2025-01-11,2025,21,0
5,776,28159,"Meissner, Mac",2025-493,2025-11-22,2025,18,1
5,6,28159,"Meissner, Mac",2026-6,2026-01-17,2026,40,2
5,6,653,"Singh, Vijay",2021-6,2021-01-16,2021,74,0
5,6,653,"Singh, Vijay",2026-6,2026-01-17,2026,40,1
5,5,19870,"McCarthy, Denny",2021-5,2021-02-13,2021,68,0
5,12,19870,"McCarthy, Denny",2021-12,2021-04-17,2021,13,1
5,765,19870,"McCarthy, Denny",2021-528,2021-10-30,2021,39,2
5,776,19870,"McCarthy, Denny",2021-493,2021-11-20,2021,10,3
5,6,19870,"McCarthy, Denny",2022-6,2022-01-15,2022,48,4
5,5,19870,"McCarthy, Denny",2022-5,2022-02-05,2022,12,5
5,12,19870,"McCarthy, Denny",2022-12,2022-04-16,2022,56,6
5,765,19870,"McCarthy, Denny",2022-528,2022-10-29,2022,6,7
5,776,19870,"McCarthy, Denny",2022-493,2022-11-19,2022,46,8
5,6,19870,"McCarthy, Denny",2023-6,2023-01-14,2023,32,9
5,5,19870,"McCarthy, Denny",2023-5,2023-02-04,2023,4,10
5,12,19870,"McCarthy, Denny",2023-12,2023-04-15,2023,25,11
5,776,19870,"McCarthy, Denny",2023-549,2023-11-18,2023,5,12
5,6,19870,"McCarthy, Denny",2024-6,2024-01-13,2024,24,13
5,5,19870,"McCarthy, Denny",2024-5,2024-02-03,2024,26,14
5,12,19870,"McCarthy, Denny",2024-12,2024-04-20,2024,28,15
5,776,19870,"McCarthy, Denny",2024-493,2024-11-23,2024,25,16
5,6,19870,"McCarthy, Denny",2025-6,2025-01-11,2025,16,17
5,5,19870,"McCarthy, Denny",2025-5,2025-02-01,2025,58,18
5,12,19870,"McCarthy, Denny",2025-12,2025-04-19,2025,49,19
5,776,19870,"McCarthy, Denny",2025-493,2025-11-22,2025,51,20
5,6,19870,"McCarthy, Denny",2026-6,2026-01-17,2026,40,21
5,5,19870,"McCarthy, Denny",2026-5,2026-02-14,2026,55,22
5,765,21891,"Kitayama, Kurt",2021-528,2021-10-30,2021,65,0
5,776,21891,"Kitayama, Kurt",2021-493,2021-11-20,2021,71,1
5,6,21891,"Kitayama, Kurt",2022-6,2022-01-15,2022,66,2
5,6,21891,"Kitayama, Kurt",2023-6,2023-01-14,2023,73,3
5,5,21891,"Kitayama, Kurt",2023-5,2023-02-04,2023,29,4
5,12,21891,"Kitayama, Kurt",2023-12,2023-04-15,2023,74,5
5,6,21891,"Kitayama, Kurt",2024-6,2024-01-13,2024,24,6
5,5,21891,"Kitayama, Kurt",2024-5,2024-02-03,2024,39,7
5,12,21891,"Kitayama, Kurt",2024-12,2024-04-20,2024,33,8
5,6,21891,"Kitayama, Kurt",2025-6,2025-01-11,2025,37,9
5,6,21891,"Kitayama, Kurt",2026-6,2026-01-17,2026,40,10
5,5,21891,"Kitayama, Kurt",2026-5,2026-02-14,2026,48,11
5,6,17536,"Spaun, J.J.",2021-6,2021-01-16,2021,74,0
5,5,17536,"Spaun, J.J.",2021-5,2021-02-13,2021,68,1
5,765,17536,"Spaun, J.J.",2021-528,2021-10-30,2021,7,2
5,776,17536,"Spaun, J.J.",2021-493,2021-11-20,2021,16,3
5,6,17536,"Spaun, J.J.",2022-6,2022-01-15,2022,66,4
5,5,17536,"Spaun, J.J.",2022-5,2022-02-05,2022,16,5
5,12,17536,"Spaun, J.J.",2022-12,2022-04-16,2022,71,6
5,776,17536,"Spaun, J.J.",2022-493,2022-11-19,2022,15,7
5,6,17536,"Spaun, J.J.",2023-6,2023-01-14,2023,12,8
5,12,17536,"Spaun, J.J.",2023-12,2023-04-15,2023,74,9
5,776,17536,"Spaun, J.J.",2023-549,2023-11-18,2023,13,10
5,6,17536,"Spaun, J.J.",2024-6,2024-01-13,2024,81,11
5,5,17536,"Spaun, J.J.",2024-5,2024-02-03,2024,54,12
5,776,17536,"Spaun, J.J.",2024-493,2024-11-23,2024,69,13
5,6,17536,"Spaun, J.J.",2025-6,2025-01-11,2025,3,14
5,5,17536,"Spaun, J.J.",2025-5,2025-02-01,2025,33,15
5,12,17536,"Spaun, J.J.",2025-12,2025-04-19,2025,42,16
5,6,17536,"Spaun, J.J.",2026-6,2026-01-17,2026,40,17
5,5,17536,"Spaun, J.J.",2026-5,2026-02-14,2026,45,18
5,765,18474,"Smalley, Alex",2021-528,2021-10-30,2021,12,0
5,6,18474,"Smalley, Alex",2022-6,2022-01-15,2022,66,1
5,5,18474,"Smalley, Alex",2022-5,2022-02-05,2022,64,2
5,12,18474,"Smalley, Alex",2022-12,2022-04-16,2022,71,3
5,765,18474,"Smalley, Alex",2022-528,2022-10-29,2022,11,4
5,776,18474,"Smalley, Alex",2022-493,2022-11-19,2022,5,5
5,6,18474,"Smalley, Alex",2023-6,2023-01-14,2023,77,6
5,5,18474,"Smalley, Alex",2023-5,2023-02-04,2023,65,7
5,12,18474,"Smalley, Alex",2023-12,2023-04-15,2023,74,8
5,765,18474,"Smalley, Alex",2023-548,2023-11-11,2023,30,9
5,776,18474,"Smalley, Alex",2023-549,2023-11-18,2023,44,10
5,6,18474,"Smalley, Alex",2024-6,2024-01-13,2024,81,11
5,5,18474,"Smalley, Alex",2024-5,2024-02-03,2024,75,12
5,765,18474,"Smalley, Alex",2024-528,2024-11-16,2024,29,13
5,776,18474,"Smalley, Alex",2024-493,2024-11-23,2024,69,14
5,6,18474,"Smalley, Alex",2025-6,2025-01-11,2025,16,15
5,765,18474,"Smalley, Alex",2025-528,2025-11-15,2025,3,16
5,776,18474,"Smalley, Alex",2025-493,2025-11-22,2025,62,17
5,6,18474,"Smalley, Alex",2026-6,2026-01-17,2026,40,18
5,5,18474,"Smalley, Alex",2026-5,2026-02-14,2026,19,19
5,5,25908,"Whaley, Vincent",2021-5,2021-02-13,2021,50,0
5,765,25908,"Whaley, Vincent",2021-528,2021-10-30,2021,7,1
5,776,25908,"Whaley, Vince",2021-493,2021-11-20,2021,63,2
5,6,25908,"Whaley, Vince",2022-6,2022-01-15,2022,17,3
5,765,25908,"Whaley, Vince",2023-548,2023-11-11,2023,8,4
5,776,25908,"Whaley, Vince",2023-549,2023-11-18,2023,13,5
5,6,25908,"Whaley, Vince",2024-6,2024-01-13,2024,81,6
5,765,25908,"Whaley, Vince",2024-528,2024-11-16,2024,5,7
5,776,25908,"Whaley, Vince",2024-493,2024-11-23,2024,8,8
5,6,25908,"Whaley, Vince",2025-6,2025-01-11,2025,72,9
5,765,25908,"Whaley, Vince",2025-528,2025-11-15,2025,3,10
5,776,25908,"Whaley, Vince",2025-493,2025-11-22,2025,34,11
5,6,25908,"Whaley, Vince",2026-6,2026-01-17,2026,40,12
5,6,6430,"Scott, Adam",2021-6,2021-01-16,2021,41,0
5,776,6430,"Scott, Adam",2021-493,2021-11-20,2021,37,1
5,6,6430,"Scott, Adam",2023-6,2023-01-14,2023,21,2
5,12,6430,"Scott, Adam",2023-12,2023-04-15,2023,31,3
5,765,6430,"Scott, Adam",2023-548,2023-11-11,2023,5,4
5,5,6430,"Scott, Adam",2024-5,2024-02-03,2024,20,5
5,5,6430,"Scott, Adam",2025-5,2025-02-01,2025,22,6
5,12,6430,"Scott, Adam",2025-12,2025-04-19,2025,49,7
5,6,6430,"Scott, Adam",2026-6,2026-01-17,2026,40,8
5,6,15575,"Hoge, Tom",2021-6,2021-01-16,2021,74,0
5,5,15575,"Hoge, Tom",2021-5,2021-02-13,2021,12,1
5,12,15575,"Hoge, Tom",2021-12,2021-04-17,2021,25,2
5,776,15575,"Hoge, Tom",2021-493,2021-11-20,2021,4,3
5,6,15575,"Hoge, Tom",2022-6,2022-01-15,2022,66,4
5,5,15575,"Hoge, Tom",2022-5,2022-02-05,2022,1,5
5,12,15575,"Hoge, Tom",2022-12,2022-04-16,2022,71,6
5,6,15575,"Hoge, Tom",2023-6,2023-01-14,2023,41,7
5,5,15575,"Hoge, Tom",2023-5,2023-02-04,2023,48,8
5,12,15575,"Hoge, Tom",2023-12,2023-04-15,2023,74,9
5,6,15575,"Hoge, Tom",2024-6,2024-01-13,2024,81,10
5,5,15575,"Hoge, Tom",2024-5,2024-02-03,2024,6,11
5,12,15575,"Hoge, Tom",2024-12,2024-04-20,2024,18,12
5,6,15575,"Hoge, Tom",2025-6,2025-01-11,2025,45,13
5,5,15575,"Hoge, Tom",2025-5,2025-02-01,2025,17,14
5,12,15575,"Hoge, Tom",2025-12,2025-04-19,2025,18,15
5,6,15575,"Hoge, Tom",2026-6,2026-01-17,2026,40,16
5,5,15575,"Hoge, Tom",2026-5,2026-02-14,2026,14,17
5,765,18554,"Rai, Aaron",2021-528,2021-10-30,2021,62,0
5,776,18554,"Rai, Aaron",2021-493,2021-11-20,2021,16,1
5,6,18554,"Rai, Aaron",2022-6,2022-01-15,2022,66,2
5,5,18554,"Rai, Aaron",2022-5,2022-02-05,2022,64,3
5,765,18554,"Rai, Aaron",2022-528,2022-10-29,2022,54,4
5,6,18554,"Rai, Aaron",2023-6,2023-01-14,2023,61,5
5,12,18554,"Rai, Aaron",2023-12,2023-04-15,2023,48,6
5,6,18554,"Rai, Aaron",2024-6,2024-01-13,2024,57,7
5,5,18554,"Rai, Aaron",2025-5,2025-02-01,2025,40,8
5,12,18554,"Rai, Aaron",2025-12,2025-04-19,2025,38,9
5,6,18554,"Rai, Aaron",2026-6,2026-01-17,2026,50,10
5,5,18554,"Rai, Aaron",2026-5,2026-02-14,2026,73,11
5,776,31343,"Ford, David",2023-549,2023-11-18,2023,79,0
5,765,31343,"Ford, David",2025-528,2025-11-15,2025,71,1
5,776,31343,"Ford, David",2025-493,2025-11-22,2025,73,2
5,6,31343,"Ford, David",2026-6,2026-01-17,2026,50,3
5,6,28016,"Gonzalez, Emilio",2026-6,2026-01-17,2026,50,0
5,776,17639,"Blair, Zac",2022-493,2022-11-19,2022,29,0
5,6,17639,"Blair, Zac",2023-6,2023-01-14,2023,48,1
5,5,17639,"Blair, Zac",2023-5,2023-02-04,2023,76,2
5,776,17639,"Blair, Zac",2023-549,2023-11-18,2023,79,3
5,6,17639,"Blair, Zac",2024-6,2024-01-13,2024,30,4
5,765,17639,"Blair, Zac",2024-528,2024-11-16,2024,76,5
5,776,17639,"Blair, Zac",2024-493,2024-11-23,2024,69,6
5,765,17639,"Blair, Zac",2025-528,2025-11-15,2025,9,7
5,776,17639,"Blair, Zac",2025-493,2025-11-22,2025,7,8
5,6,17639,"Blair, Zac",2026-6,2026-01-17,2026,50,9
5,6,23504,"Hoey, Rico",2024-6,2024-01-13,2024,81,0
5,765,23504,"Hoey, Rico",2024-528,2024-11-16,2024,17,1
5,6,23504,"Hoey, Rico",2025-6,2025-01-11,2025,59,2
5,765,23504,"Hoey, Rico",2025-528,2025-11-15,2025,22,3
5,776,23504,"Hoey, Rico",2025-493,2025-11-22,2025,7,4
5,6,23504,"Hoey, Rico",2026-6,2026-01-17,2026,50,5
5,5,23504,"Hoey, Rico",2026-5,2026-02-14,2026,67,6
5,6,15310,"Li, Haotong",2022-6,2022-01-15,2022,12,0
5,6,15310,"Li, Haotong",2026-6,2026-01-17,2026,55,1
5,6,11049,"Simpson, Webb",2021-6,2021-01-16,2021,4,0
5,12,11049,"Simpson, Webb",2021-12,2021-04-17,2021,9,1
5,776,11049,"Simpson, Webb",2021-493,2021-11-20,2021,8,2
5,6,11049,"Simpson, Webb",2022-6,2022-01-15,2022,61,3
5,12,11049,"Simpson, Webb",2022-12,2022-04-16,2022,59,4
5,776,11049,"Simpson, Webb",2022-493,2022-11-19,2022,70,5
5,6,11049,"Simpson, Webb",2023-6,2023-01-14,2023,77,6
5,12,11049,"Simpson, Webb",2023-12,2023-04-15,2023,74,7
5,776,11049,"Simpson, Webb",2023-549,2023-11-18,2023,79,8
5,6,11049,"Simpson, Webb",2024-6,2024-01-13,2024,66,9
5,5,11049,"Simpson, Webb",2024-5,2024-02-03,2024,39,10
5,12,11049,"Simpson, Webb",2024-12,2024-04-20,2024,42,11
5,6,11049,"Simpson, Webb",2025-6,2025-01-11,2025,16,12
5,776,11049,"Simpson, Webb",2025-493,2025-11-22,2025,25,13
5,6,11049,"Simpson, Webb",2026-6,2026-01-17,2026,55,14
5,6,24550,"Ghim, Doug",2021-6,2021-01-16,2021,74,0
5,5,24550,"Ghim, Doug",2021-5,2021-02-13,2021,21,1
5,12,24550,"Ghim, Doug",2021-12,2021-04-17,2021,33,2
5,776,24550,"Ghim, Doug",2021-493,2021-11-20,2021,40,3
5,12,24550,"Ghim, Doug",2022-12,2022-04-16,2022,35,4
5,765,24550,"Ghim, Doug",2022-528,2022-10-29,2022,68,5
5,12,24550,"Ghim, Doug",2023-12,2023-04-15,2023,54,6
5,765,24550,"Ghim, Doug",2023-548,2023-11-11,2023,82,7
5,776,24550,"Ghim, Doug",2023-549,2023-11-18,2023,79,8
5,6,24550,"Ghim, Doug",2024-6,2024-01-13,2024,81,9
5,765,24550,"Ghim, Doug",2024-528,2024-11-16,2024,76,10
5,776,24550,"Ghim, Doug",2024-493,2024-11-23,2024,42,11
5,6,24550,"Ghim, Doug",2025-6,2025-01-11,2025,72,12
5,5,24550,"Ghim, Doug",2025-5,2025-02-01,2025,68,13
5,765,24550,"Ghim, Doug",2025-528,2025-11-15,2025,13,14
5,776,24550,"Ghim, Doug",2025-493,2025-11-22,2025,7,15
5,6,24550,"Ghim, Doug",2026-6,2026-01-17,2026,55,16
5,6,28635,"McCarty, Matt",2025-6,2025-01-11,2025,65,0
5,6,28635,"McCarty, Matt",2026-6,2026-01-17,2026,55,1
5,5,28635,"McCarty, Matt",2026-5,2026-02-14,2026,67,2
5,765,16757,"Dou, Zecheng",2022-528,2022-10-29,2022,17,0
5,776,16757,"Dou, Zecheng",2022-493,2022-11-19,2022,67,1
5,6,16757,"Dou, Zecheng",2023-6,2023-01-14,2023,77,2
5,765,16757,"Dou, Zecheng",2023-548,2023-11-11,2023,65,3
5,776,16757,"Dou, Zecheng",2024-493,2024-11-23,2024,69,4
5,6,16757,"Dou, Zecheng",2026-6,2026-01-17,2026,55,5
5,6,19960,"Pavon, Matthieu",2024-6,2024-01-13,2024,7,0
5,5,19960,"Pavon, Matthieu",2024-5,2024-02-03,2024,3,1
5,12,19960,"Pavon, Matthieu",2024-12,2024-04-20,2024,49,2
5,5,19960,"Pavon, Matthieu",2025-5,2025-02-01,2025,73,3
5,12,19960,"Pavon, Matthieu",2025-12,2025-04-19,2025,42,4
5,765,19960,"Pavon, Matthieu",2025-528,2025-11-15,2025,71,5
5,776,19960,"Pavon, Matthieu",2025-493,2025-11-22,2025,67,6
5,6,19960,"Pavon, Matthieu",2026-6,2026-01-17,2026,55,7
5,6,24766,"Kim, Tom",2023-6,2023-01-14,2023,77,0
5,12,24766,"Kim, Tom",2023-12,2023-04-15,2023,74,1
5,5,24766,"Kim, Tom",2024-5,2024-02-03,2024,31,2
5,12,24766,"Kim, Tom",2024-12,2024-04-20,2024,18,3
5,6,24766,"Kim, Tom",2025-6,2025-01-11,2025,65,4
5,5,24766,"Kim, Tom",2025-5,2025-02-01,2025,7,5
5,6,24766,"Kim, Tom",2026-6,2026-01-17,2026,61,6
5,776,32457,"Keefer, Johnny",2025-493,2025-11-22,2025,7,0
5,6,32457,"Keefer, Johnny",2026-6,2026-01-17,2026,61,1
5,765,28270,"Dunlap, Nick",2023-548,2023-11-11,2023,82,0
5,5,28270,"Dunlap, Nick",2024-5,2024-02-03,2024,80,1
5,12,28270,"Dunlap, Nick",2024-12,2024-04-20,2024,69,2
5,6,28270,"Dunlap, Nick",2025-6,2025-01-11,2025,10,3
5,5,28270,"Dunlap, Nick",2025-5,2025-02-01,2025,58,4
5,12,28270,"Dunlap, Nick",2025-12,2025-04-19,2025,71,5
5,6,28270,"Dunlap, Nick",2026-6,2026-01-17,2026,61,6
5,6,6986,"Johnson, Zach",2021-6,2021-01-16,2021,62,0
5,12,6986,"Johnson, Zach",2021-12,2021-04-17,2021,66,1
5,776,6986,"Johnson, Zach",2021-493,2021-11-20,2021,16,2
5,6,6986,"Johnson, Zach",2022-6,2022-01-15,2022,66,3
5,776,6986,"Johnson, Zach",2022-493,2022-11-19,2022,70,4
5,6,6986,"Johnson, Zach",2023-6,2023-01-14,2023,75,5
5,12,6986,"Johnson, Zach",2023-12,2023-04-15,2023,54,6
5,6,6986,"Johnson, Zach",2024-6,2024-01-13,2024,81,7
5,776,6986,"Johnson, Zach",2024-493,2024-11-23,2024,69,8
5,6,6986,"Johnson, Zach",2025-6,2025-01-11,2025,21,9
5,776,6986,"Johnson, Zach",2025-493,2025-11-22,2025,73,10
5,6,6986,"Johnson, Zach",2026-6,2026-01-17,2026,61,11
5,6,8825,"Harman, Brian",2021-6,2021-01-16,2021,56,0
5,5,8825,"Harman, Brian",2021-5,2021-02-13,2021,39,1
5,12,8825,"Harman, Brian",2021-12,2021-04-17,2021,13,2
5,776,8825,"Harman, Brian",2021-493,2021-11-20,2021,61,3
5,6,8825,"Harman, Brian",2022-6,2022-01-15,2022,48,4
5,12,8825,"Harman, Brian",2022-12,2022-04-16,2022,35,5
5,776,8825,"Harman, Brian",2022-493,2022-11-19,2022,2,6
5,6,8825,"Harman, Brian",2023-6,2023-01-14,2023,32,7
5,12,8825,"Harman, Brian",2023-12,2023-04-15,2023,7,8
5,776,8825,"Harman, Brian",2023-549,2023-11-18,2023,44,9
5,6,8825,"Harman, Brian",2024-6,2024-01-13,2024,18,10
5,5,8825,"Harman, Brian",2024-5,2024-02-03,2024,54,11
5,12,8825,"Harman, Brian",2024-12,2024-04-20,2024,12,12
5,776,8825,"Harman, Brian",2024-493,2024-11-23,2024,25,13
5,6,8825,"Harman, Brian",2025-6,2025-01-11,2025,21,14
5,5,8825,"Harman, Brian",2025-5,2025-02-01,2025,53,15
5,12,8825,"Harman, Brian",2025-12,2025-04-19,2025,3,16
5,6,8825,"Harman, Brian",2026-6,2026-01-17,2026,61,17
5,5,8825,"Harman, Brian",2026-5,2026-02-14,2026,19,18
5,6,28469,"Highsmith, Joe",2024-6,2024-01-13,2024,81,0
5,776,28469,"Highsmith, Joe",2024-493,2024-11-23,2024,11,1
5,6,28469,"Highsmith, Joe",2025-6,2025-01-11,2025,77,2
5,12,28469,"Highsmith, Joe",2025-12,2025-04-19,2025,72,3
5,776,28469,"Highsmith, Joe",2025-493,2025-11-22,2025,73,4
5,6,28469,"Highsmith, Joe",2026-6,2026-01-17,2026,66,5
5,5,28469,"Highsmith, Joe",2026-5,2026-02-14,2026,75,6
5,6,17365,"Mitchell, Keith",2021-6,2021-01-16,2021,14,0
5,776,17365,"Mitchell, Keith",2021-493,2021-11-20,2021,12,1
5,6,17365,"Mitchell, Keith",2022-6,2022-01-15,2022,7,2
5,5,17365,"Mitchell, Keith",2022-5,2022-02-05,2022,12,3
5,776,17365,"Mitchell, Keith",2022-493,2022-11-19,2022,39,4
5,6,17365,"Mitchell, Keith",2023-6,2023-01-14,2023,77,5
5,5,17365,"Mitchell, Keith",2023-5,2023-02-04,2023,4,6
5,12,17365,"Mitchell, Keith",2023-12,2023-04-15,2023,74,7
5,776,17365,"Mitchell, Keith",2023-549,2023-11-18,2023,79,8
5,6,17365,"Mitchell, Keith",2024-6,2024-01-13,2024,30,9
5,5,17365,"Mitchell, Keith",2024-5,2024-02-03,2024,54,10
5,776,17365,"Mitchell, Keith",2024-493,2024-11-23,2024,69,11
5,6,17365,"Mitchell, Keith",2025-6,2025-01-11,2025,30,12
5,5,17365,"Mitchell, Keith",2025-5,2025-02-01,2025,33,13
5,776,17365,"Mitchell, Keith",2025-493,2025-11-22,2025,18,14
5,6,17365,"Mitchell, Keith",2026-6,2026-01-17,2026,66,15
5,5,17365,"Mitchell, Keith",2026-5,2026-02-14,2026,52,16
5,6,16333,"Hubbard, Mark",2021-6,2021-01-16,2021,32,0
5,5,16333,"Hubbard, Mark",2021-5,2021-02-13,2021,55,1
5,12,16333,"Hubbard, Mark",2021-12,2021-04-17,2021,66,2
5,765,16333,"Hubbard, Mark",2021-528,2021-10-30,2021,22,3
5,6,16333,"Hubbard, Mark",2022-6,2022-01-15,2022,66,4
5,5,16333,"Hubbard, Mark",2022-5,2022-02-05,2022,33,5
5,765,16333,"Hubbard, Mark",2022-528,2022-10-29,2022,68,6
5,6,16333,"Hubbard, Mark",2023-6,2023-01-14,2023,77,7
5,5,16333,"Hubbard, Mark",2023-5,2023-02-04,2023,20,8
5,12,16333,"Hubbard, Mark",2023-12,2023-04-15,2023,11,9
5,765,16333,"Hubbard, Mark",2023-548,2023-11-11,2023,20,10
5,776,16333,"Hubbard, Mark",2023-549,2023-11-18,2023,79,11
5,6,16333,"Hubbard, Mark",2024-6,2024-01-13,2024,57,12
5,5,16333,"Hubbard, Mark",2024-5,2024-02-03,2024,4,13
5,765,16333,"Hubbard, Mark",2024-528,2024-11-16,2024,3,14
5,776,16333,"Hubbard, Mark",2024-493,2024-11-23,2024,35,15
5,6,16333,"Hubbard, Mark",2025-6,2025-01-11,2025,21,16
5,5,16333,"Hubbard, Mark",2025-5,2025-02-01,2025,73,17
5,765,16333,"Hubbard, Mark",2025-528,2025-11-15,2025,71,18
5,776,16333,"Hubbard, Mark",2025-493,2025-11-22,2025,34,19
5,6,16333,"Hubbard, Mark",2026-6,2026-01-17,2026,66,20
5,6,18586,"Smith, Jordan",2026-6,2026-01-17,2026,66,0
5,6,19846,"Bauchou, Zach",2026-6,2026-01-17,2026,70,0
5,765,19840,"Ramey, Chad",2021-528,2021-10-30,2021,17,0
5,776,19840,"Ramey, Chad",2021-493,2021-11-20,2021,71,1
5,6,19840,"Ramey, Chad",2022-6,2022-01-15,2022,66,2
5,5,19840,"Ramey, Chad",2022-5,2022-02-05,2022,64,3
5,12,19840,"Ramey, Chad",2022-12,2022-04-16,2022,59,4
5,765,19840,"Ramey, Chad",2022-528,2022-10-29,2022,68,5
5,6,19840,"Ramey, Chad",2023-6,2023-01-14,2023,54,6
5,5,19840,"Ramey, Chad",2023-5,2023-02-04,2023,70,7
5,12,19840,"Ramey, Chad",2023-12,2023-04-15,2023,74,8
5,6,19840,"Ramey, Chad",2024-6,2024-01-13,2024,81,9
5,765,19840,"Ramey, Chad",2024-528,2024-11-16,2024,29,10
5,6,19840,"Ramey, Chad",2025-6,2025-01-11,2025,77,11
5,765,19840,"Ramey, Chad",2025-528,2025-11-15,2025,71,12
5,776,19840,"Ramey, Chad",2025-493,2025-11-22,2025,62,13
5,6,19840,"Ramey, Chad",2026-6,2026-01-17,2026,71,14
5,6,29770,"Mouw, William",2025-6,2025-01-11,2025,77,0
5,776,29770,"Mouw, William",2025-493,2025-11-22,2025,21,1
5,6,29770,"Mouw, William",2026-6,2026-01-17,2026,71,2
5,6,28268,"Kaneko, Kota",2026-6,2026-01-17,2026,73,0
5,6,11276,"Horschel, Billy",2021-6,2021-01-16,2021,7,0
5,12,11276,"Horschel, Billy",2021-12,2021-04-17,2021,25,1
5,6,11276,"Horschel, Billy",2022-6,2022-01-15,2022,36,2
5,12,11276,"Horschel, Billy",2022-12,2022-04-16,2022,21,3
5,6,11276,"Horschel, Billy",2023-6,2023-01-14,2023,77,4
5,12,11276,"Horschel, Billy",2023-12,2023-04-15,2023,74,5
5,6,11276,"Horschel, Billy",2024-6,2024-01-13,2024,18,6
5,6,11276,"Horschel, Billy",2025-6,2025-01-11,2025,77,7
5,5,11276,"Horschel, Billy",2025-5,2025-02-01,2025,9,8
5,12,11276,"Horschel, Billy",2025-12,2025-04-19,2025,27,9
5,6,11276,"Horschel, Billy",2026-6,2026-01-17,2026,74,10
5,5,11276,"Horschel, Billy",2026-5,2026-02-14,2026,48,11
5,765,22985,"Smotherman, Austin",2021-528,2021-10-30,2021,76,0
5,776,22985,"Smotherman, Austin",2021-493,2021-11-20,2021,40,1
5,6,22985,"Smotherman, Austin",2022-6,2022-01-15,2022,66,2
5,5,22985,"Smotherman, Austin",2022-5,2022-02-05,2022,33,3
5,765,22985,"Smotherman, Austin",2022-528,2022-10-29,2022,23,4
5,776,22985,"Smotherman, Austin",2022-493,2022-11-19,2022,70,5
5,6,22985,"Smotherman, Austin",2023-6,2023-01-14,2023,67,6
5,12,22985,"Smotherman, Austin",2023-12,2023-04-15,2023,67,7
5,765,22985,"Smotherman, Austin",2023-548,2023-11-11,2023,59,8
5,776,22985,"Smotherman, Austin",2023-549,2023-11-18,2023,53,9
5,765,22985,"Smotherman, Austin",2024-528,2024-11-16,2024,55,10
5,776,22985,"Smotherman, Austin",2024-493,2024-11-23,2024,42,11
5,6,22985,"Smotherman, Austin",2026-6,2026-01-17,2026,75,12
5,6,22760,"Hisatsune, Ryo",2024-6,2024-01-13,2024,30,0
5,765,22760,"Hisatsune, Ryo",2024-528,2024-11-16,2024,29,1
5,776,22760,"Hisatsune, Ryo",2024-493,2024-11-23,2024,17,2
5,6,22760,"Hisatsune, Ryo",2025-6,2025-01-11,2025,65,3
5,12,22760,"Hisatsune, Ryo",2025-12,2025-04-19,2025,18,4
5,765,22760,"Hisatsune, Ryo",2025-528,2025-11-15,2025,52,5
5,776,22760,"Hisatsune, Ryo",2025-493,2025-11-22,2025,73,6
5,6,22760,"Hisatsune, Ryo",2026-6,2026-01-17,2026,75,7
5,5,22760,"Hisatsune, Ryo",2026-5,2026-02-14,2026,8,8
5,6,13872,"Bradley, Keegan",2021-6,2021-01-16,2021,74,0
5,6,13872,"Bradley, Keegan",2022-6,2022-01-15,2022,12,1
5,6,13872,"Bradley, Keegan",2023-6,2023-01-14,2023,77,2
5,12,13872,"Bradley, Keegan",2023-12,2023-04-15,2023,48,3
5,6,13872,"Bradley, Keegan",2024-6,2024-01-13,2024,2,4
5,5,13872,"Bradley, Keegan",2024-5,2024-02-03,2024,11,5
5,12,13872,"Bradley, Keegan",2024-12,2024-04-20,2024,55,6
5,6,13872,"Bradley, Keegan",2025-6,2025-01-11,2025,6,7
5,5,13872,"Bradley, Keegan",2025-5,2025-02-01,2025,65,8
5,12,13872,"Bradley, Keegan",2025-12,2025-04-19,2025,18,9
5,6,13872,"Bradley, Keegan",2026-6,2026-01-17,2026,75,10
5,5,13872,"Bradley, Keegan",2026-5,2026-02-14,2026,29,11
5,776,26657,"Fisk, Steven",2024-493,2024-11-23,2024,49,0
5,6,26657,"Fisk, Steven",2025-6,2025-01-11,2025,77,1
5,765,26657,"Fisk, Steven",2025-528,2025-11-15,2025,29,2
5,6,26657,"Fisk, Steven",2026-6,2026-01-17,2026,75,3
5,5,26657,"Fisk, Steven",2026-5,2026-02-14,2026,60,4
5,765,26653,"Eckroat, Austin",2021-528,2021-10-30,2021,22,0
5,5,26653,"Eckroat, Austin",2022-5,2022-02-05,2022,64,1
5,765,26653,"Eckroat, Austin",2022-528,2022-10-29,2022,68,2
5,6,26653,"Eckroat, Austin",2023-6,2023-01-14,2023,12,3
5,776,26653,"Eckroat, Austin",2023-549,2023-11-18,2023,8,4
5,6,26653,"Eckroat, Austin",2024-6,2024-01-13,2024,42,5
5,12,26653,"Eckroat, Austin",2024-12,2024-04-20,2024,17,6
5,776,26653,"Eckroat, Austin",2024-493,2024-11-23,2024,17,7
5,6,26653,"Eckroat, Austin",2025-6,2025-01-11,2025,77,8
5,5,26653,"Eckroat, Austin",2025-5,2025-02-01,2025,13,9
5,12,26653,"Eckroat, Austin",2025-12,2025-04-19,2025,32,10
5,776,26653,"Eckroat, Austin",2025-493,2025-11-22,2025,41,11
5,6,26653,"Eckroat, Austin",2026-6,2026-01-17,2026,75,12
5,6,22085,"Morikawa, Collin",2021-6,2021-01-16,2021,7,0
5,12,22085,"Morikawa, Collin",2021-12,2021-04-17,2021,7,1
5,12,22085,"Morikawa, Collin",2022-12,2022-04-16,2022,26,2
5,12,22085,"Morikawa, Collin",2023-12,2023-04-15,2023,31,3
5,5,22085,"Morikawa, Collin",2024-5,2024-02-03,2024,14,4
5,12,22085,"Morikawa, Collin",2024-12,2024-04-20,2024,9,5
5,5,22085,"Morikawa, Collin",2025-5,2025-02-01,2025,17,6
5,12,22085,"Morikawa, Collin",2025-12,2025-04-19,2025,54,7
5,6,22085,"Morikawa, Collin",2026-6,2026-01-17,2026,75,8
5,5,22085,"Morikawa, Collin",2026-5,2026-02-14,2026,1,9
5,5,15470,"Hossler, Beau",2021-5,2021-02-13,2021,47,0
5,12,15470,"Hossler, Beau",2021-12,2021-04-17,2021,66,1
5,765,15470,"Hossler, Beau",2021-528,2021-10-30,2021,76,2
5,6,15470,"Hossler, Beau",2022-6,2022-01-15,2022,66,3
5,5,15470,"Hossler, Beau",2022-5,2022-02-05,2022,3,4
5,12,15470,"Hossler, Beau",2022-12,2022-04-16,2022,71,5
5,776,15470,"Hossler, Beau",2022-493,2022-11-19,2022,21,6
5,5,15470,"Hossler, Beau",2023-5,2023-02-04,2023,11,7
5,12,15470,"Hossler, Beau",2023-12,2023-04-15,2023,31,8
5,5,15470,"Hossler, Beau",2024-5,2024-02-03,2024,14,9
5,5,15470,"Hossler, Beau",2025-5,2025-02-01,2025,69,10
5,765,15470,"Hossler, Beau",2025-528,2025-11-15,2025,71,11
5,776,15470,"Hossler, Beau",2025-493,2025-11-22,2025,64,12
5,6,15470,"Hossler, Beau",2026-6,2026-01-17,2026,75,13
5,765,21756,"Cole, Eric",2022-528,2022-10-29,2022,68,0
5,776,21756,"Cole, Eric",2022-493,2022-11-19,2022,39,1
5,6,21756,"Cole, Eric",2023-6,2023-01-14,2023,61,2
5,5,21756,"Cole, Eric",2023-5,2023-02-04,2023,15,3
5,776,21756,"Cole, Eric",2023-549,2023-11-18,2023,3,4
5,6,21756,"Cole, Eric",2024-6,2024-01-13,2024,13,5
5,5,21756,"Cole, Eric",2024-5,2024-02-03,2024,14,6
5,12,21756,"Cole, Eric",2024-12,2024-04-20,2024,33,7
5,776,21756,"Cole, Eric",2024-493,2024-11-23,2024,15,8
5,6,21756,"Cole, Eric",2025-6,2025-01-11,2025,5,9
5,5,21756,"Cole, Eric",2025-5,2025-02-01,2025,22,10
5,12,21756,"Cole, Eric",2025-12,2025-04-19,2025,18,11
5,765,21756,"Cole, Eric",2025-528,2025-11-15,2025,71,12
5,776,21756,"Cole, Eric",2025-493,2025-11-22,2025,21,13
5,6,21756,"Cole, Eric",2026-6,2026-01-17,2026,75,14
5,6,17550,"van Rooyen, Erik",2021-6,2021-01-16,2021,74,0
5,6,17550,"van Rooyen, Erik",2022-6,2022-01-15,2022,20,1
5,12,17550,"van Rooyen, Erik",2022-12,2022-04-16,2022,10,2
5,765,17550,"van Rooyen, Erik",2022-528,2022-10-29,2022,35,3
5,5,17550,"van Rooyen, Erik",2023-5,2023-02-04,2023,76,4
5,12,17550,"van Rooyen, Erik",2023-12,2023-04-15,2023,74,5
5,6,17550,"van Rooyen, Erik",2024-6,2024-01-13,2024,52,6
5,5,17550,"van Rooyen, Erik",2024-5,2024-02-03,2024,20,7
5,12,17550,"van Rooyen, Erik",2024-12,2024-04-20,2024,33,8
5,6,17550,"van Rooyen, Erik",2025-6,2025-01-11,2025,30,9
5,5,17550,"van Rooyen, Erik",2025-5,2025-02-01,2025,40,10
5,6,17550,"van Rooyen, Erik",2026-6,2026-01-17,2026,75,11
5,6,30620,"Chatfield, Davis",2026-6,2026-01-17,2026,75,0
5,765,25319,"VanDerLaan, John",2022-528,2022-10-29,2022,35,0
5,6,25319,"VanDerLaan, John",2026-6,2026-01-17,2026,75,1
5,12,18628,"Campbell, Brian",2025-12,2025-04-19,2025,32,0
5,6,18628,"Campbell, Brian",2026-6,2026-01-17,2026,75,1
5,5,18628,"Campbell, Brian",2026-5,2026-02-14,2026,78,2
5,776,32330,"Clanton, Luke",2024-493,2024-11-23,2024,2,0
5,6,32330,"Clanton, Luke",2025-6,2025-01-11,2025,77,1
5,765,32330,"Clanton, Luke",2025-528,2025-11-15,2025,71,2
5,6,32330,"Clanton, Luke",2026-6,2026-01-17,2026,75,3
5,6,12423,"Kirk, Chris",2021-6,2021-01-16,2021,2,0
5,5,12423,"Kirk, Chris",2021-5,2021-02-13,2021,16,1
5,12,12423,"Kirk, Chris",2021-12,2021-04-17,2021,7,2
5,6,12423,"Kirk, Chris",2022-6,2022-01-15,2022,27,3
5,12,12423,"Kirk, Chris",2022-12,2022-04-16,2022,71,4
5,776,12423,"Kirk, Chris",2022-493,2022-11-19,2022,70,5
5,6,12423,"Kirk, Chris",2023-6,2023-01-14,2023,3,6
5,12,12423,"Kirk, Chris",2023-12,2023-04-15,2023,41,7
5,776,12423,"Kirk, Chris",2023-549,2023-11-18,2023,28,8
5,6,12423,"Kirk, Chris",2024-6,2024-01-13,2024,18,9
5,5,12423,"Kirk, Chris",2024-5,2024-02-03,2024,26,10
5,12,12423,"Kirk, Chris",2024-12,2024-04-20,2024,10,11
5,776,12423,"Kirk, Chris",2024-493,2024-11-23,2024,69,12
5,6,12423,"Kirk, Chris",2025-6,2025-01-11,2025,77,13
5,5,12423,"Kirk, Chris",2025-5,2025-02-01,2025,62,14
5,12,12423,"Kirk, Chris",2025-12,2025-04-19,2025,18,15
5,776,12423,"Kirk, Chris",2025-493,2025-11-22,2025,41,16
5,6,12423,"Kirk, Chris",2026-6,2026-01-17,2026,75,17
5,5,12423,"Kirk, Chris",2026-5,2026-02-14,2026,52,18
5,765,23505,"McGreevy, Max",2021-528,2021-10-30,2021,62,0
5,776,23505,"McGreevy, Max",2021-493,2021-11-20,2021,16,1
5,6,23505,"McGreevy, Max",2022-6,2022-01-15,2022,66,2
5,765,23505,"McGreevy, Max",2022-528,2022-10-29,2022,8,3
5,776,23505,"McGreevy, Max",2022-493,2022-11-19,2022,70,4
5,6,23505,"McGreevy, Max",2023-6,2023-01-14,2023,77,5
5,12,23505,"McGreevy, Max",2023-12,2023-04-15,2023,63,6
5,765,23505,"McGreevy, Max",2023-548,2023-11-11,2023,53,7
5,6,23505,"McGreevy, Max",2025-6,2025-01-11,2025,77,8
5,765,23505,"McGreevy, Max",2025-528,2025-11-15,2025,3,9
5,776,23505,"McGreevy, Max",2025-493,2025-11-22,2025,2,10
5,6,23505,"McGreevy, Max",2026-6,2026-01-17,2026,75,11
5,5,23505,"McGreevy, Max",2026-5,2026-02-14,2026,29,12
5,765,20722,"Schmid, Matti",2022-528,2022-10-29,2022,61,0
5,776,20722,"Schmid, Matti",2022-493,2022-11-19,2022,70,1
5,6,20722,"Schmid, Matti",2023-6,2023-01-14,2023,77,2
5,765,20722,"Schmid, Matti",2023-548,2023-11-11,2023,3,3
5,776,20722,"Schmid, Matti",2023-549,2023-11-18,2023,79,4
5,6,20722,"Schmid, Matti",2024-6,2024-01-13,2024,81,5
5,765,20722,"Schmid, Matti",2024-528,2024-11-16,2024,61,6
5,6,20722,"Schmid, Matti",2025-6,2025-01-11,2025,77,7
5,765,20722,"Schmid, Matti",2025-528,2025-11-15,2025,34,8
5,6,20722,"Schmid, Matti",2026-6,2026-01-17,2026,75,9
5,5,20722,"Schmid, Matti",2026-5,2026-02-14,2026,73,10
5,6,12909,"Campos, Rafael",2021-6,2021-01-16,2021,74,0
5,5,12909,"Campos, Rafael",2021-5,2021-02-13,2021,68,1
5,12,12909,"Campos, Rafael",2021-12,2021-04-17,2021,66,2
5,776,12909,"Campos, Rafael",2023-549,2023-11-18,2023,79,3
5,765,12909,"Campos, Rafael",2024-528,2024-11-16,2024,1,4
5,776,12909,"Campos, Rafael",2024-493,2024-11-23,2024,69,5
5,6,12909,"Campos, Rafael",2025-6,2025-01-11,2025,77,6
5,765,12909,"Campos, Rafael",2025-528,2025-11-15,2025,71,7
5,6,12909,"Campos, Rafael",2026-6,2026-01-17,2026,75,8
5,6,15756,"Higa, Kazuki",2023-6,2023-01-14,2023,72,0
5,6,15756,"Higa, Kazuki",2026-6,2026-01-17,2026,75,1
5,6,17786,"Davis, Cameron",2021-6,2021-01-16,2021,31,0
5,5,17786,"Davis, Cameron",2021-5,2021-02-13,2021,14,1
5,12,17786,"Davis, Cameron",2021-12,2021-04-17,2021,25,2
5,776,17786,"Davis, Cam",2021-493,2021-11-20,2021,71,3
5,6,17786,"Davis, Cam",2022-6,2022-01-15,2022,27,4
5,12,17786,"Davis, Cam",2022-12,2022-04-16,2022,3,5
5,6,17786,"Davis, Cam",2023-6,2023-01-14,2023,32,6
5,12,17786,"Davis, Cam",2023-12,2023-04-15,2023,7,7
5,6,17786,"Davis, Cam",2024-6,2024-01-13,2024,30,8
5,5,17786,"Davis, Cam",2024-5,2024-02-03,2024,20,9
5,12,17786,"Davis, Cam",2024-12,2024-04-20,2024,49,10
5,6,17786,"Davis, Cam",2025-6,2025-01-11,2025,77,11
5,5,17786,"Davis, Cam",2025-5,2025-02-01,2025,5,12
5,12,17786,"Davis, Cam",2025-12,2025-04-19,2025,13,13
5,6,17786,"Davis, Cam",2026-6,2026-01-17,2026,75,14
5,6,32081,"Nagasaki, Taisei",2026-6,2026-01-17,2026,75,0
5,6,14792,"Saddier, Adrien",2026-6,2026-01-17,2026,75,0
5,6,21943,"Lebioda, Hank",2021-6,2021-01-16,2021,74,0
5,5,21943,"Lebioda, Hank",2021-5,2021-02-13,2021,39,1
5,765,21943,"Lebioda, Hank",2021-528,2021-10-30,2021,76,2
5,6,21943,"Lebioda, Hank",2022-6,2022-01-15,2022,66,3
5,12,21943,"Lebioda, Hank",2022-12,2022-04-16,2022,71,4
5,765,21943,"Lebioda, Hank",2022-528,2022-10-29,2022,68,5
5,5,21943,"Lebioda, Hank",2023-5,2023-02-04,2023,15,6
5,765,21943,"Lebioda, Hank",2023-548,2023-11-11,2023,82,7
5,776,21943,"Lebioda, Hank",2023-549,2023-11-18,2023,79,8
5,6,21943,"Lebioda, Hank",2026-6,2026-01-17,2026,75,9
5,6,16162,"Lee, S.T.",2026-6,2026-01-17,2026,75,0
5,6,25003,"Walker, Danny",2025-6,2025-01-11,2025,77,0
5,765,25003,"Walker, Danny",2025-528,2025-11-15,2025,71,1
5,776,25003,"Walker, Danny",2025-493,2025-11-22,2025,73,2
5,6,25003,"Walker, Danny",2026-6,2026-01-17,2026,75,3
5,6,12577,"Woodland, Gary",2023-6,2023-01-14,2023,77,0
5,12,12577,"Woodland, Gary",2023-12,2023-04-15,2023,31,1
5,6,12577,"Woodland, Gary",2024-6,2024-01-13,2024,81,2
5,12,12577,"Woodland, Gary",2024-12,2024-04-20,2024,64,3
5,6,12577,"Woodland, Gary",2025-6,2025-01-11,2025,16,4
5,5,12577,"Woodland, Gary",2025-5,2025-02-01,2025,22,5
5,12,12577,"Woodland, Gary",2025-12,2025-04-19,2025,61,6
5,6,12577,"Woodland, Gary",2026-6,2026-01-17,2026,75,7
5,6,27183,"Salinda, Isaiah",2025-6,2025-01-11,2025,77,0
5,765,27183,"Salinda, Isaiah",2025-528,2025-11-15,2025,18,1
5,776,27183,"Salinda, Isaiah",2025-493,2025-11-22,2025,73,2
5,6,27183,"Salinda, Isaiah",2026-6,2026-01-17,2026,75,3
5,6,21883,"Ewart, A.J.",2026-6,2026-01-17,2026,75,0
5,6,17032,"Tosti, Alejandro",2024-6,2024-01-13,2024,70,0
5,12,17032,"Tosti, Alejandro",2024-12,2024-04-20,2024,33,1
5,765,17032,"Tosti, Alejandro",2024-528,2024-11-16,2024,76,2
5,6,17032,"Tosti, Alejandro",2025-6,2025-01-11,2025,77,3
5,6,17032,"Tosti, Alejandro",2026-6,2026-01-17,2026,75,4
5,6,12808,"Grillo, Emiliano",2021-6,2021-01-16,2021,47,0
5,12,12808,"Grillo, Emiliano",2021-12,2021-04-17,2021,2,1
5,6,12808,"Grillo, Emiliano",2022-6,2022-01-15,2022,66,2
5,12,12808,"Grillo, Emiliano",2022-12,2022-04-16,2022,71,3
5,6,12808,"Grillo, Emiliano",2023-6,2023-01-14,2023,77,4
5,12,12808,"Grillo, Emiliano",2023-12,2023-04-15,2023,7,5
5,6,12808,"Grillo, Emiliano",2024-6,2024-01-13,2024,7,6
5,5,12808,"Grillo, Emiliano",2024-5,2024-02-03,2024,14,7
5,12,12808,"Grillo, Emiliano",2024-12,2024-04-20,2024,64,8
5,6,12808,"Grillo, Emiliano",2025-6,2025-01-11,2025,77,9
5,6,12808,"Grillo, Emiliano",2026-6,2026-01-17,2026,75,10
5,5,12808,"Grillo, Emiliano",2026-5,2026-02-14,2026,64,11
5,6,34839,"Kozuma, Corey",2026-6,2026-01-17,2026,75,0
5,6,21074,"Nakajima, Keita",2022-6,2022-01-15,2022,41,0
5,6,21074,"Nakajima, Keita",2023-6,2023-01-14,2023,54,1
5,6,21074,"Nakajima, Keita",2026-6,2026-01-17,2026,75,2
5,765,29197,"Brennan, Michael",2025-528,2025-11-15,2025,18,0
5,776,29197,"Brennan, Michael",2025-493,2025-11-22,2025,51,1
5,6,29197,"Brennan, Michael",2026-6,2026-01-17,2026,75,2
5,6,30814,"Sargent, Gordon",2026-6,2026-01-17,2026,75,0
5,6,14926,"Malnati, Peter",2021-6,2021-01-16,2021,14,0
5,5,14926,"Malnati, Peter",2021-5,2021-02-13,2021,68,1
5,12,14926,"Malnati, Peter",2021-12,2021-04-17,2021,66,2
5,765,14926,"Malnati, Peter",2021-528,2021-10-30,2021,7,3
5,776,14926,"Malnati, Peter",2021-493,2021-11-20,2021,40,4
5,6,14926,"Malnati, Peter",2022-6,2022-01-15,2022,66,5
5,5,14926,"Malnati, Peter",2022-5,2022-02-05,2022,42,6
5,12,14926,"Malnati, Peter",2022-12,2022-04-16,2022,42,7
5,6,14926,"Malnati, Peter",2023-6,2023-01-14,2023,77,8
5,5,14926,"Malnati, Peter",2023-5,2023-02-04,2023,4,9
5,12,14926,"Malnati, Peter",2023-12,2023-04-15,2023,74,10
5,765,14926,"Malnati, Peter",2023-548,2023-11-11,2023,37,11
5,6,14926,"Malnati, Peter",2024-6,2024-01-13,2024,81,12
5,5,14926,"Malnati, Peter",2024-5,2024-02-03,2024,14,13
5,12,14926,"Malnati, Peter",2024-12,2024-04-20,2024,49,14
5,765,14926,"Malnati, Peter",2024-528,2024-11-16,2024,76,15
5,6,14926,"Malnati, Peter",2025-6,2025-01-11,2025,77,16
5,6,14926,"Malnati, Peter",2026-6,2026-01-17,2026,75,17
5,6,25475,"Nyholm, Pontus",2026-6,2026-01-17,2026,75,0
5,12,11676,"Finau, Tony",2023-12,2023-04-15,2023,31,0
5,5,11676,"Finau, Tony",2024-5,2024-02-03,2024,47,1
5,12,11676,"Finau, Tony",2024-12,2024-04-20,2024,12,2
5,5,11676,"Finau, Tony",2025-5,2025-02-01,2025,13,3
5,12,11676,"Finau, Tony",2025-12,2025-04-19,2025,38,4
5,6,11676,"Finau, Tony",2026-6,2026-01-17,2026,75,5
5,5,11676,"Finau, Tony",2026-5,2026-02-14,2026,18,6
5,6,21889,"Kang, Jeffrey",2026-6,2026-01-17,2026,75,0
5,765,22833,"Echavarria, Nico",2022-528,2022-10-29,2022,23,0
5,776,22833,"Echavarria, Nico",2022-493,2022-11-19,2022,70,1
5,6,22833,"Echavarria, Nico",2023-6,2023-01-14,2023,12,2
5,12,22833,"Echavarria, Nico",2023-12,2023-04-15,2023,74,3
5,765,22833,"Echavarria, Nico",2023-548,2023-11-11,2023,76,4
5,776,22833,"Echavarria, Nico",2023-549,2023-11-18,2023,44,5
5,6,22833,"Echavarria, Nico",2024-6,2024-01-13,2024,66,6
5,765,22833,"Echavarria, Nico",2024-528,2024-11-16,2024,29,7
5,776,22833,"Echavarria, Nico",2024-493,2024-11-23,2024,2,8
5,6,22833,"Echavarria, Nico",2025-6,2025-01-11,2025,2,9
5,5,22833,"Echavarria, Nico",2025-5,2025-02-01,2025,77,10
5,765,22833,"Echavarria, Nico",2025-528,2025-11-15,2025,46,11
5,776,22833,"Echavarria, Nico",2025-493,2025-11-22,2025,4,12
5,6,22833,"Echavarria, Nico",2026-6,2026-01-17,2026,75,13
5,5,22833,"Echavarria, Nico",2026-5,2026-02-14,2026,8,14
5,765,24956,"Blanchet, Chandler",2022-528,2022-10-29,2022,68,0
5,6,24956,"Blanchet, Chandler",2026-6,2026-01-17,2026,75,1
5,6,34840,"Cabello, Anson",2026-6,2026-01-17,2026,75,0
5,6,16591,"Rozo, Marcelo",2026-6,2026-01-17,2026,75,0
5,6,19477,"Schenk, Adam",2021-6,2021-01-16,2021,74,0
5,5,19477,"Schenk, Adam",2021-5,2021-02-13,2021,68,1
5,12,19477,"Schenk, Adam",2021-12,2021-04-17,2021,25,2
5,6,19477,"Schenk, Adam",2022-6,2022-01-15,2022,66,3
5,12,19477,"Schenk, Adam",2022-12,2022-04-16,2022,71,4
5,765,19477,"Schenk, Adam",2022-528,2022-10-29,2022,29,5
5,776,19477,"Schenk, Adam",2022-493,2022-11-19,2022,70,6
5,6,19477,"Schenk, Adam",2023-6,2023-01-14,2023,67,7
5,5,19477,"Schenk, Adam",2023-5,2023-02-04,2023,37,8
5,12,19477,"Schenk, Adam",2023-12,2023-04-15,2023,31,9
5,776,19477,"Schenk, Adam",2023-549,2023-11-18,2023,19,10
5,5,19477,"Schenk, Adam",2024-5,2024-02-03,2024,47,11
5,12,19477,"Schenk, Adam",2024-12,2024-04-20,2024,49,12
5,776,19477,"Schenk, Adam",2024-493,2024-11-23,2024,53,13
5,6,19477,"Schenk, Adam",2025-6,2025-01-11,2025,6,14
5,765,19477,"Schenk, Adam",2025-528,2025-11-15,2025,1,15
5,776,19477,"Schenk, Adam",2025-493,2025-11-22,2025,73,16
5,6,19477,"Schenk, Adam",2026-6,2026-01-17,2026,75,17
5,5,19477,"Schenk, Adam",2026-5,2026-02-14,2026,77,18
5,6,32055,"Shipley, Neal",2026-6,2026-01-17,2026,75,0
5,765,24343,"Lamprecht, Christo",2024-528,2024-11-16,2024,23,0
5,776,24343,"Lamprecht, Christo",2024-493,2024-11-23,2024,64,1
5,6,24343,"Lamprecht, Christo",2026-6,2026-01-17,2026,75,2
5,6,21407,"Reitan, Kristoffer",2026-6,2026-01-17,2026,75,0
5,6,23816,"Valimaki, Sami",2024-6,2024-01-13,2024,81,0
5,12,23816,"Valimaki, Sami",2025-12,2025-04-19,2025,18,1
5,765,23816,"Valimaki, Sami",2025-528,2025-11-15,2025,18,2
5,776,23816,"Valimaki, Sami",2025-493,2025-11-22,2025,1,3
5,5,23816,"Valimaki, Sami",2026-5,2026-02-14,2026,34,4
5,765,27820,"Pak, John",2021-528,2021-10-30,2021,76,0
5,5,27820,"Pak, John",2023-5,2023-02-04,2023,76,1
5,6,27820,"Pak, John",2025-6,2025-01-11,2025,77,2
5,765,27820,"Pak, John",2025-528,2025-11-15,2025,46,3
5,776,27820,"Pak, John",2025-493,2025-11-22,2025,7,4
5,6,21554,"Poston, J.T.",2021-6,2021-01-16,2021,74,0
5,12,21554,"Poston, J.T.",2021-12,2021-04-17,2021,66,1
5,6,21554,"Poston, J.T.",2022-6,2022-01-15,2022,42,2
5,12,21554,"Poston, J.T.",2022-12,2022-04-16,2022,3,3
5,776,21554,"Poston, J.T.",2022-493,2022-11-19,2022,21,4
5,6,21554,"Poston, J.T.",2023-6,2023-01-14,2023,21,5
5,12,21554,"Poston, J.T.",2023-12,2023-04-15,2023,74,6
5,776,21554,"Poston, J.T.",2023-549,2023-11-18,2023,44,7
5,6,21554,"Poston, J.T.",2024-6,2024-01-13,2024,6,8
5,5,21554,"Poston, J.T.",2024-5,2024-02-03,2024,20,9
5,12,21554,"Poston, J.T.",2024-12,2024-04-20,2024,5,10
5,776,21554,"Poston, J.T.",2024-493,2024-11-23,2024,5,11
5,6,21554,"Poston, J.T.",2025-6,2025-01-11,2025,77,12
5,5,21554,"Poston, J.T.",2025-5,2025-02-01,2025,53,13
5,12,21554,"Poston, J.T.",2025-12,2025-04-19,2025,11,14
5,776,21554,"Poston, J.T.",2025-493,2025-11-22,2025,7,15
5,5,21554,"Poston, J.T.",2026-5,2026-02-14,2026,37,16
5,776,26649,"Thorbjornsen, Michael",2024-493,2024-11-23,2024,8,0
5,776,26649,"Thorbjornsen, Michael",2025-493,2025-11-22,2025,7,1
5,5,26649,"Thorbjornsen, Michael",2026-5,2026-02-14,2026,78,2
5,765,23475,"Novak, Andrew",2021-528,2021-10-30,2021,76,0
5,776,23475,"Novak, Andrew",2021-493,2021-11-20,2021,26,1
5,6,23475,"Novak, Andrew",2022-6,2022-01-15,2022,66,2
5,765,23475,"Novak, Andrew",2022-528,2022-10-29,2022,17,3
5,6,23475,"Novak, Andrew",2023-6,2023-01-14,2023,12,4
5,5,23475,"Novak, Andrew",2023-5,2023-02-04,2023,20,5
5,765,23475,"Novak, Andrew",2023-548,2023-11-11,2023,45,6
5,776,23475,"Novak, Andrew",2023-549,2023-11-18,2023,73,7
5,6,23475,"Novak, Andrew",2024-6,2024-01-13,2024,81,8
5,765,23475,"Novak, Andrew",2024-528,2024-11-16,2024,2,9
5,776,23475,"Novak, Andrew",2024-493,2024-11-23,2024,35,10
5,6,23475,"Novak, Andrew",2025-6,2025-01-11,2025,77,11
5,5,23475,"Novak, Andrew",2025-5,2025-02-01,2025,13,12
5,12,23475,"Novak, Andrew",2025-12,2025-04-19,2025,2,13
5,776,23475,"Novak, Andrew",2025-493,2025-11-22,2025,7,14
5,5,23475,"Novak, Andrew",2026-5,2026-02-14,2026,48,15
5,12,24481,"Redman, Doc",2021-12,2021-04-17,2021,66,0
5,776,24481,"Redman, Doc",2021-493,2021-11-20,2021,71,1
5,5,24481,"Redman, Doc",2022-5,2022-02-05,2022,33,2
5,12,24481,"Redman, Doc",2022-12,2022-04-16,2022,48,3
5,776,24481,"Redman, Doc",2022-493,2022-11-19,2022,64,4
5,6,24481,"Redman, Doc",2023-6,2023-01-14,2023,32,5
5,5,24481,"Redman, Doc",2023-5,2023-02-04,2023,41,6
5,12,24481,"Redman, Doc",2023-12,2023-04-15,2023,74,7
5,765,24481,"Redman, Doc",2023-548,2023-11-11,2023,13,8
5,776,24481,"Redman, Doc",2025-493,2025-11-22,2025,18,9
5,6,7820,"Palmer, Ryan",2021-6,2021-01-16,2021,41,0
5,6,7820,"Palmer, Ryan",2022-6,2022-01-15,2022,12,1
5,5,7820,"Palmer, Ryan",2022-5,2022-02-05,2022,64,2
5,6,7820,"Palmer, Ryan",2023-6,2023-01-14,2023,32,3
5,5,7820,"Palmer, Ryan",2023-5,2023-02-04,2023,76,4
5,12,7820,"Palmer, Ryan",2023-12,2023-04-15,2023,74,5
5,765,7820,"Palmer, Ryan",2023-548,2023-11-11,2023,8,6
5,6,7820,"Palmer, Ryan",2024-6,2024-01-13,2024,81,7
5,6,7820,"Palmer, Ryan",2025-6,2025-01-11,2025,77,8
5,765,7820,"Palmer, Ryan",2025-528,2025-11-15,2025,70,9
5,776,7820,"Palmer, Ryan",2025-493,2025-11-22,2025,21,10
5,5,14007,"Martin, Ben",2021-5,2021-02-13,2021,68,0
5,12,14007,"Martin, Ben",2021-12,2021-04-17,2021,66,1
5,765,14007,"Martin, Ben",2021-528,2021-10-30,2021,51,2
5,12,14007,"Martin, Ben",2022-12,2022-04-16,2022,59,3
5,765,14007,"Martin, Ben",2022-528,2022-10-29,2022,49,4
5,776,14007,"Martin, Ben",2022-493,2022-11-19,2022,21,5
5,6,14007,"Martin, Ben",2023-6,2023-01-14,2023,32,6
5,5,14007,"Martin, Ben",2023-5,2023-02-04,2023,13,7
5,12,14007,"Martin, Ben",2023-12,2023-04-15,2023,41,8
5,765,14007,"Martin, Ben",2023-548,2023-11-11,2023,27,9
5,6,14007,"Martin, Ben",2024-6,2024-01-13,2024,81,10
5,6,14007,"Martin, Ben",2025-6,2025-01-11,2025,59,11
5,765,14007,"Martin, Ben",2025-528,2025-11-15,2025,71,12
5,776,14007,"Martin, Ben",2025-493,2025-11-22,2025,21,13
5,12,14459,"An, Byeong Hun",2021-12,2021-04-17,2021,66,0
5,765,14459,"An, Byeong Hun",2022-528,2022-10-29,2022,17,1
5,6,14459,"An, Byeong Hun",2023-6,2023-01-14,2023,12,2
5,5,14459,"An, Byeong Hun",2023-5,2023-02-04,2023,37,3
5,6,14459,"An, Byeong Hun",2024-6,2024-01-13,2024,2,4
5,5,14459,"An, Byeong Hun",2024-5,2024-02-03,2024,31,5
5,12,14459,"An, Byeong Hun",2024-12,2024-04-20,2024,67,6
5,6,14459,"An, Byeong Hun",2025-6,2025-01-11,2025,77,7
5,5,14459,"An, Byeong Hun",2025-5,2025-02-01,2025,22,8
5,12,14459,"An, Byeong Hun",2025-12,2025-04-19,2025,38,9
5,776,14459,"An, Byeong Hun",2025-493,2025-11-22,2025,25,10
5,6,11657,"Norlander, Henrik",2021-6,2021-01-16,2021,74,0
5,5,11657,"Norlander, Henrik",2021-5,2021-02-13,2021,26,1
5,12,11657,"Norlander, Henrik",2021-12,2021-04-17,2021,66,2
5,6,11657,"Norlander, Henrik",2022-6,2022-01-15,2022,55,3
5,12,11657,"Norlander, Henrik",2022-12,2022-04-16,2022,71,4
5,765,11657,"Norlander, Henrik",2022-528,2022-10-29,2022,68,5
5,776,11657,"Norlander, Henrik",2022-493,2022-11-19,2022,39,6
5,5,11657,"Norlander, Henrik",2023-5,2023-02-04,2023,76,7
5,765,11657,"Norlander, Henrik",2023-548,2023-11-11,2023,82,8
5,765,11657,"Norlander, Henrik",2024-528,2024-11-16,2024,57,9
5,776,11657,"Norlander, Henrik",2024-493,2024-11-23,2024,17,10
5,6,11657,"Norlander, Henrik",2025-6,2025-01-11,2025,37,11
5,765,11657,"Norlander, Henrik",2025-528,2025-11-15,2025,71,12
5,776,11657,"Norlander, Henrik",2025-493,2025-11-22,2025,25,13
5,765,18770,"Rozner, Antoine",2025-528,2025-11-15,2025,58,0
5,776,18770,"Rozner, Antoine",2025-493,2025-11-22,2025,25,1
5,776,27364,"Thompson, Davis",2021-493,2021-11-20,2021,71,0
5,6,27364,"Thompson, Davis",2023-6,2023-01-14,2023,54,1
5,12,27364,"Thompson, Davis",2023-12,2023-04-15,2023,63,2
5,776,27364,"Thompson, Davis",2023-549,2023-11-18,2023,53,3
5,6,27364,"Thompson, Davis",2024-6,2024-01-13,2024,57,4
5,776,27364,"Thompson, Davis",2024-493,2024-11-23,2024,60,5
5,6,27364,"Thompson, Davis",2025-6,2025-01-11,2025,77,6
5,5,27364,"Thompson, Davis",2025-5,2025-02-01,2025,58,7
5,12,27364,"Thompson, Davis",2025-12,2025-04-19,2025,27,8
5,776,27364,"Thompson, Davis",2025-493,2025-11-22,2025,25,9
5,765,23482,"Sigg, Greyson",2021-528,2021-10-30,2021,22,0
5,6,23482,"Sigg, Greyson",2022-6,2022-01-15,2022,42,1
5,5,23482,"Sigg, Greyson",2022-5,2022-02-05,2022,33,2
5,765,23482,"Sigg, Greyson",2022-528,2022-10-29,2022,11,3
5,776,23482,"Sigg, Greyson",2022-493,2022-11-19,2022,15,4
5,6,23482,"Sigg, Greyson",2023-6,2023-01-14,2023,48,5
5,5,23482,"Sigg, Greyson",2023-5,2023-02-04,2023,55,6
5,12,23482,"Sigg, Greyson",2023-12,2023-04-15,2023,74,7
5,776,23482,"Sigg, Greyson",2023-549,2023-11-18,2023,8,8
5,6,23482,"Sigg, Greyson",2024-6,2024-01-13,2024,66,9
5,765,23482,"Sigg, Greyson",2024-528,2024-11-16,2024,9,10
5,6,23482,"Sigg, Greyson",2025-6,2025-01-11,2025,70,11
5,765,23482,"Sigg, Greyson",2025-528,2025-11-15,2025,46,12
5,776,23482,"Sigg, Greyson",2025-493,2025-11-22,2025,25,13
5,765,25363,"Buckley, Hayden",2021-528,2021-10-30,2021,71,0
5,6,25363,"Buckley, Hayden",2022-6,2022-01-15,2022,12,1
5,5,25363,"Buckley, Hayden",2022-5,2022-02-05,2022,49,2
5,776,25363,"Buckley, Hayden",2022-493,2022-11-19,2022,39,3
5,6,25363,"Buckley, Hayden",2023-6,2023-01-14,2023,2,4
5,12,25363,"Buckley, Hayden",2023-12,2023-04-15,2023,5,5
5,6,25363,"Buckley, Hayden",2024-6,2024-01-13,2024,81,6
5,5,25363,"Buckley, Hayden",2024-5,2024-02-03,2024,77,7
5,765,25363,"Buckley, Hayden",2024-528,2024-11-16,2024,65,8
5,776,25363,"Buckley, Hayden",2024-493,2024-11-23,2024,69,9
5,765,25363,"Buckley, Hayden",2025-528,2025-11-15,2025,71,10
5,776,25363,"Buckley, Hayden",2025-493,2025-11-22,2025,25,11
5,6,18761,"Mullinax, Trey",2022-6,2022-01-15,2022,66,0
5,5,18761,"Mullinax, Trey",2022-5,2022-02-05,2022,28,1
5,12,18761,"Mullinax, Trey",2023-12,2023-04-15,2023,74,2
5,765,18761,"Mullinax, Trey",2025-528,2025-11-15,2025,46,3
5,776,18761,"Mullinax, Trey",2025-493,2025-11-22,2025,25,4
5,6,14704,"Putnam, Andrew",2021-6,2021-01-16,2021,74,0
5,5,14704,"Putnam, Andrew",2021-5,2021-02-13,2021,55,1
5,12,14704,"Putnam, Andrew",2021-12,2021-04-17,2021,66,2
5,6,14704,"Putnam, Andrew",2022-6,2022-01-15,2022,27,3
5,5,14704,"Putnam, Andrew",2022-5,2022-02-05,2022,6,4
5,12,14704,"Putnam, Andrew",2022-12,2022-04-16,2022,71,5
5,776,14704,"Putnam, Andrew",2022-493,2022-11-19,2022,21,6
5,6,14704,"Putnam, Andrew",2023-6,2023-01-14,2023,4,7
5,12,14704,"Putnam, Andrew",2023-12,2023-04-15,2023,59,8
5,6,14704,"Putnam, Andrew",2024-6,2024-01-13,2024,10,9
5,5,14704,"Putnam, Andrew",2024-5,2024-02-03,2024,39,10
5,12,14704,"Putnam, Andrew",2024-12,2024-04-20,2024,18,11
5,765,14704,"Putnam, Andrew",2024-528,2024-11-16,2024,76,12
5,6,14704,"Putnam, Andrew",2025-6,2025-01-11,2025,30,13
5,765,14704,"Putnam, Andrew",2025-528,2025-11-15,2025,67,14
5,776,14704,"Putnam, Andrew",2025-493,2025-11-22,2025,25,15
5,776,25094,"Fishburn, Patrick",2024-493,2024-11-23,2024,8,0
5,6,25094,"Fishburn, Patrick",2025-6,2025-01-11,2025,6,1
5,765,25094,"Fishburn, Patrick",2025-528,2025-11-15,2025,34,2
5,776,25094,"Fishburn, Patrick",2025-493,2025-11-22,2025,34,3
5,765,19208,"Endycott, Harrison",2022-528,2022-10-29,2022,10,0
5,6,19208,"Endycott, Harrison",2023-6,2023-01-14,2023,77,1
5,5,19208,"Endycott, Harrison",2023-5,2023-02-04,2023,76,2
5,765,19208,"Endycott, Harrison",2023-548,2023-11-11,2023,82,3
5,776,19208,"Endycott, Harrison",2023-549,2023-11-18,2023,79,4
5,765,19208,"Endycott, Harrison",2025-528,2025-11-15,2025,52,5
5,776,19208,"Endycott, Harrison",2025-493,2025-11-22,2025,34,6
5,5,15651,"Ventura, Kristoffer",2021-5,2021-02-13,2021,68,0
5,6,15651,"Ventura, Kris",2025-6,2025-01-11,2025,77,1
5,765,15651,"Ventura, Kris",2025-528,2025-11-15,2025,34,2
5,776,15651,"Ventura, Kris",2025-493,2025-11-22,2025,34,3
5,765,16395,"Kohles, Ben",2021-528,2021-10-30,2021,39,0
5,776,16395,"Kohles, Ben",2021-493,2021-11-20,2021,71,1
5,6,16395,"Kohles, Ben",2022-6,2022-01-15,2022,27,2
5,5,16395,"Kohles, Ben",2022-5,2022-02-05,2022,63,3
5,776,16395,"Kohles, Ben",2023-549,2023-11-18,2023,5,4
5,6,16395,"Kohles, Ben",2024-6,2024-01-13,2024,52,5
5,765,16395,"Kohles, Ben",2024-528,2024-11-16,2024,57,6
5,6,16395,"Kohles, Ben",2025-6,2025-01-11,2025,53,7
5,765,16395,"Kohles, Ben",2025-528,2025-11-15,2025,61,8
5,776,16395,"Kohles, Ben",2025-493,2025-11-22,2025,34,9
5,765,15676,"Norgaard, Niklas",2025-528,2025-11-15,2025,14,0
5,776,15676,"Norgaard, Niklas",2025-493,2025-11-22,2025,41,1
5,6,15004,"Kim, Chan",2022-6,2022-01-15,2022,66,0
5,5,15004,"Kim, Chan",2022-5,2022-02-05,2022,64,1
5,6,15004,"Kim, Chan",2024-6,2024-01-13,2024,81,2
5,6,15004,"Kim, Chan",2025-6,2025-01-11,2025,53,3
5,765,15004,"Kim, Chan",2025-528,2025-11-15,2025,22,4
5,776,15004,"Kim, Chan",2025-493,2025-11-22,2025,41,5
5,765,6931,"Byrd, Jonathan",2021-528,2021-10-30,2021,20,0
5,776,6931,"Byrd, Jonathan",2021-493,2021-11-20,2021,37,1
5,5,6931,"Byrd, Jonathan",2022-5,2022-02-05,2022,9,2
5,12,6931,"Byrd, Jonathan",2022-12,2022-04-16,2022,70,3
5,765,6931,"Byrd, Jonathan",2022-528,2022-10-29,2022,35,4
5,776,6931,"Byrd, Jonathan",2022-493,2022-11-19,2022,70,5
5,6,6931,"Byrd, Jonathan",2023-6,2023-01-14,2023,77,6
5,5,6931,"Byrd, Jonathan",2023-5,2023-02-04,2023,76,7
5,765,6931,"Byrd, Jonathan",2023-548,2023-11-11,2023,82,8
5,776,6931,"Byrd, Jonathan",2024-493,2024-11-23,2024,42,9
5,765,6931,"Byrd, Jonathan",2025-528,2025-11-15,2025,14,10
5,776,6931,"Byrd, Jonathan",2025-493,2025-11-22,2025,41,11
5,6,16715,"Ryder, Sam",2021-6,2021-01-16,2021,74,0
5,6,16715,"Ryder, Sam",2022-6,2022-01-15,2022,63,1
5,12,16715,"Ryder, Sam",2022-12,2022-04-16,2022,71,2
5,765,16715,"Ryder, Sam",2022-528,2022-10-29,2022,68,3
5,776,16715,"Ryder, Sam",2022-493,2022-11-19,2022,70,4
5,6,16715,"Ryder, Sam",2023-6,2023-01-14,2023,77,5
5,12,16715,"Ryder, Sam",2023-12,2023-04-15,2023,74,6
5,776,16715,"Ryder, Sam",2023-549,2023-11-18,2023,13,7
5,5,16715,"Ryder, Sam",2024-5,2024-02-03,2024,31,8
5,765,16715,"Ryder, Sam",2024-528,2024-11-16,2024,5,9
5,776,16715,"Ryder, Sam",2024-493,2024-11-23,2024,69,10
5,6,16715,"Ryder, Sam",2025-6,2025-01-11,2025,21,11
5,765,16715,"Ryder, Sam",2025-528,2025-11-15,2025,71,12
5,776,16715,"Ryder, Sam",2025-493,2025-11-22,2025,47,13
5,765,30892,"Riedel, Matthew",2025-528,2025-11-15,2025,29,0
5,776,30892,"Riedel, Matthew",2025-493,2025-11-22,2025,47,1
5,6,14577,"English, Harris",2021-6,2021-01-16,2021,32,0
5,12,14577,"English, Harris",2021-12,2021-04-17,2021,66,1
5,776,14577,"English, Harris",2021-493,2021-11-20,2021,71,2
5,6,14577,"English, Harris",2022-6,2022-01-15,2022,55,3
5,776,14577,"English, Harris",2022-493,2022-11-19,2022,29,4
5,6,14577,"English, Harris",2023-6,2023-01-14,2023,73,5
5,12,14577,"English, Harris",2023-12,2023-04-15,2023,63,6
5,776,14577,"English, Harris",2023-549,2023-11-18,2023,28,7
5,6,14577,"English, Harris",2024-6,2024-01-13,2024,10,8
5,5,14577,"English, Harris",2024-5,2024-02-03,2024,76,9
5,12,14577,"English, Harris",2024-12,2024-04-20,2024,28,10
5,776,14577,"English, Harris",2024-493,2024-11-23,2024,60,11
5,6,14577,"English, Harris",2025-6,2025-01-11,2025,77,12
5,5,14577,"English, Harris",2025-5,2025-02-01,2025,73,13
5,12,14577,"English, Harris",2025-12,2025-04-19,2025,66,14
5,776,14577,"English, Harris",2025-493,2025-11-22,2025,47,15
5,5,14577,"English, Harris",2026-5,2026-02-14,2026,24,16
5,5,17381,"Silverman, Ben",2023-5,2023-02-04,2023,76,0
5,6,17381,"Silverman, Ben",2024-6,2024-01-13,2024,18,1
5,6,17381,"Silverman, Ben",2025-6,2025-01-11,2025,69,2
5,765,17381,"Silverman, Ben",2025-528,2025-11-15,2025,71,3
5,776,17381,"Silverman, Ben",2025-493,2025-11-22,2025,47,4
5,6,29279,"Suber, Jackson",2025-6,2025-01-11,2025,6,0
5,765,29279,"Suber, Jackson",2025-528,2025-11-15,2025,71,1
5,776,29279,"Suber, Jackson",2025-493,2025-11-22,2025,51,2
5,12,20706,"Wallace, Matt",2021-12,2021-04-17,2021,18,0
5,776,20706,"Wallace, Matt",2021-493,2021-11-20,2021,67,1
5,776,20706,"Wallace, Matt",2022-493,2022-11-19,2022,70,2
5,12,20706,"Wallace, Matt",2023-12,2023-04-15,2023,74,3
5,6,20706,"Wallace, Matt",2024-6,2024-01-13,2024,52,4
5,776,20706,"Wallace, Matt",2024-493,2024-11-23,2024,53,5
5,765,20706,"Wallace, Matt",2025-528,2025-11-15,2025,71,6
5,776,20706,"Wallace, Matt",2025-493,2025-11-22,2025,51,7
5,6,13367,"Merritt, Troy",2021-6,2021-01-16,2021,56,0
5,5,13367,"Merritt, Troy",2021-5,2021-02-13,2021,16,1
5,12,13367,"Merritt, Troy",2021-12,2021-04-17,2021,66,2
5,776,13367,"Merritt, Troy",2021-493,2021-11-20,2021,22,3
5,5,13367,"Merritt, Troy",2022-5,2022-02-05,2022,4,4
5,12,13367,"Merritt, Troy",2022-12,2022-04-16,2022,12,5
5,6,13367,"Merritt, Troy",2023-6,2023-01-14,2023,65,6
5,5,13367,"Merritt, Troy",2023-5,2023-02-04,2023,76,7
5,12,13367,"Merritt, Troy",2023-12,2023-04-15,2023,74,8
5,765,13367,"Merritt, Troy",2023-548,2023-11-11,2023,72,9
5,776,13367,"Merritt, Troy",2023-549,2023-11-18,2023,79,10
5,6,13367,"Merritt, Troy",2024-6,2024-01-13,2024,24,11
5,765,13367,"Merritt, Troy",2024-528,2024-11-16,2024,12,12
5,776,13367,"Merritt, Troy",2025-493,2025-11-22,2025,51,13
5,6,15556,"Hughes, Mackenzie",2021-6,2021-01-16,2021,19,0
5,12,15556,"Hughes, Mackenzie",2021-12,2021-04-17,2021,52,1
5,776,15556,"Hughes, Mackenzie",2021-493,2021-11-20,2021,2,2
5,5,15556,"Hughes, Mackenzie",2022-5,2022-02-05,2022,16,3
5,12,15556,"Hughes, Mackenzie",2022-12,2022-04-16,2022,71,4
5,6,15556,"Hughes, Mackenzie",2023-6,2023-01-14,2023,77,5
5,12,15556,"Hughes, Mackenzie",2023-12,2023-04-15,2023,74,6
5,776,15556,"Hughes, Mackenzie",2023-549,2023-11-18,2023,2,7
5,5,15556,"Hughes, Mackenzie",2024-5,2024-02-03,2024,71,8
5,12,15556,"Hughes, Mackenzie",2024-12,2024-04-20,2024,39,9
5,765,15556,"Hughes, Mackenzie",2024-528,2024-11-16,2024,67,10
5,776,15556,"Hughes, Mackenzie",2024-493,2024-11-23,2024,5,11
5,6,15556,"Hughes, Mackenzie",2025-6,2025-01-11,2025,77,12
5,5,15556,"Hughes, Mackenzie",2025-5,2025-02-01,2025,40,13
5,12,15556,"Hughes, Mackenzie",2025-12,2025-04-19,2025,3,14
5,776,15556,"Hughes, Mackenzie",2025-493,2025-11-22,2025,51,15
5,5,15556,"Hughes, Mackenzie",2026-5,2026-02-14,2026,34,16
5,12,24304,"Vilips, Karl",2025-12,2025-04-19,2025,54,0
5,776,24304,"Vilips, Karl",2025-493,2025-11-22,2025,51,1
5,6,26850,"Svensson, Jesper",2025-6,2025-01-11,2025,10,0
5,765,26850,"Svensson, Jesper",2025-528,2025-11-15,2025,14,1
5,776,26850,"Svensson, Jesper",2025-493,2025-11-22,2025,51,2
5,6,27996,"Cummins, Quade",2025-6,2025-01-11,2025,77,0
5,765,27996,"Cummins, Quade",2025-528,2025-11-15,2025,71,1
5,776,27996,"Cummins, Quade",2025-493,2025-11-22,2025,51,2
5,6,22736,"Rosenmueller, Thomas",2025-6,2025-01-11,2025,59,0
5,765,22736,"Rosenmueller, Thomas",2025-528,2025-11-15,2025,29,1
5,776,22736,"Rosenmueller, Thomas",2025-493,2025-11-22,2025,64,2
5,6,8820,"Snedeker, Brandt",2021-6,2021-01-16,2021,74,0
5,5,8820,"Snedeker, Brandt",2021-5,2021-02-13,2021,68,1
5,12,8820,"Snedeker, Brandt",2021-12,2021-04-17,2021,42,2
5,776,8820,"Snedeker, Brandt",2021-493,2021-11-20,2021,47,3
5,6,8820,"Snedeker, Brandt",2022-6,2022-01-15,2022,36,4
5,5,8820,"Snedeker, Brandt",2022-5,2022-02-05,2022,64,5
5,12,8820,"Snedeker, Brandt",2022-12,2022-04-16,2022,71,6
5,6,8820,"Snedeker, Brandt",2024-6,2024-01-13,2024,81,7
5,765,8820,"Snedeker, Brandt",2024-528,2024-11-16,2024,76,8
5,6,8820,"Snedeker, Brandt",2025-6,2025-01-11,2025,53,9
5,765,8820,"Snedeker, Brandt",2025-528,2025-11-15,2025,42,10
5,776,8820,"Snedeker, Brandt",2025-493,2025-11-22,2025,64,11
5,6,6169,"Kuchar, Matt",2021-6,2021-01-16,2021,74,0
5,12,6169,"Kuchar, Matt",2021-12,2021-04-17,2021,18,1
5,776,6169,"Kuchar, Matt",2021-493,2021-11-20,2021,37,2
5,6,6169,"Kuchar, Matt",2022-6,2022-01-15,2022,7,3
5,5,6169,"Kuchar, Matt",2022-5,2022-02-05,2022,64,4
5,12,6169,"Kuchar, Matt",2022-12,2022-04-16,2022,3,5
5,6,6169,"Kuchar, Matt",2023-6,2023-01-14,2023,7,6
5,5,6169,"Kuchar, Matt",2023-5,2023-02-04,2023,76,7
5,12,6169,"Kuchar, Matt",2023-12,2023-04-15,2023,19,8
5,776,6169,"Kuchar, Matt",2023-549,2023-11-18,2023,53,9
5,6,6169,"Kuchar, Matt",2024-6,2024-01-13,2024,81,10
5,5,6169,"Kuchar, Matt",2024-5,2024-02-03,2024,39,11
5,776,6169,"Kuchar, Matt",2024-493,2024-11-23,2024,69,12
5,6,6169,"Kuchar, Matt",2025-6,2025-01-11,2025,21,13
5,12,6169,"Kuchar, Matt",2025-12,2025-04-19,2025,32,14
5,765,6169,"Kuchar, Matt",2025-528,2025-11-15,2025,46,15
5,776,6169,"Kuchar, Matt",2025-493,2025-11-22,2025,67,16
5,12,13965,"Hadwin, Adam",2021-12,2021-04-17,2021,66,0
5,765,13965,"Hadwin, Adam",2021-528,2021-10-30,2021,46,1
5,776,13965,"Hadwin, Adam",2021-493,2021-11-20,2021,51,2
5,5,13965,"Hadwin, Adam",2022-5,2022-02-05,2022,16,3
5,12,13965,"Hadwin, Adam",2022-12,2022-04-16,2022,26,4
5,12,13965,"Hadwin, Adam",2023-12,2023-04-15,2023,74,5
5,6,13965,"Hadwin, Adam",2024-6,2024-01-13,2024,81,6
5,5,13965,"Hadwin, Adam",2024-5,2024-02-03,2024,39,7
5,12,13965,"Hadwin, Adam",2024-12,2024-04-20,2024,42,8
5,776,13965,"Hadwin, Adam",2024-493,2024-11-23,2024,53,9
5,6,13965,"Hadwin, Adam",2025-6,2025-01-11,2025,59,10
5,5,13965,"Hadwin, Adam",2025-5,2025-02-01,2025,65,11
5,12,13965,"Hadwin, Adam",2025-12,2025-04-19,2025,61,12
5,765,13965,"Hadwin, Adam",2025-528,2025-11-15,2025,11,13
5,776,13965,"Hadwin, Adam",2025-493,2025-11-22,2025,70,14
5,6,7961,"Reavie, Chez",2021-6,2021-01-16,2021,67,0
5,5,7961,"Reavie, Chez",2021-5,2021-02-13,2021,16,1
5,12,7961,"Reavie, Chez",2021-12,2021-04-17,2021,66,2
5,776,7961,"Reavie, Chez",2021-493,2021-11-20,2021,26,3
5,12,7961,"Reavie, Chez",2022-12,2022-04-16,2022,71,4
5,6,7961,"Reavie, Chez",2023-6,2023-01-14,2023,41,5
5,12,7961,"Reavie, Chez",2023-12,2023-04-15,2023,11,6
5,6,7961,"Reavie, Chez",2024-6,2024-01-13,2024,81,7
5,765,7961,"Reavie, Chez",2024-528,2024-11-16,2024,47,8
5,776,7961,"Reavie, Chez",2025-493,2025-11-22,2025,71,9
5,6,11374,"Hahn, James",2021-6,2021-01-16,2021,41,0
5,5,11374,"Hahn, James",2021-5,2021-02-13,2021,68,1
5,12,11374,"Hahn, James",2022-12,2022-04-16,2022,71,2
5,5,11374,"Hahn, James",2023-5,2023-02-04,2023,76,3
5,12,11374,"Hahn, James",2023-12,2023-04-15,2023,41,4
5,765,11374,"Hahn, James",2024-528,2024-11-16,2024,76,5
5,6,11374,"Hahn, James",2025-6,2025-01-11,2025,37,6
5,776,11374,"Hahn, James",2025-493,2025-11-22,2025,72,7
5,776,31188,"Valdes, Brendan",2025-493,2025-11-22,2025,72,0
5,6,7960,"List, Luke",2021-6,2021-01-16,2021,74,0
5,12,7960,"List, Luke",2021-12,2021-04-17,2021,58,1
5,776,7960,"List, Luke",2021-493,2021-11-20,2021,10,2
5,12,7960,"List, Luke",2022-12,2022-04-16,2022,71,3
5,12,7960,"List, Luke",2023-12,2023-04-15,2023,74,4
5,765,7960,"List, Luke",2023-548,2023-11-11,2023,20,5
5,776,7960,"List, Luke",2023-549,2023-11-18,2023,19,6
5,6,7960,"List, Luke",2024-6,2024-01-13,2024,66,7
5,5,7960,"List, Luke",2024-5,2024-02-03,2024,26,8
5,6,7960,"List, Luke",2025-6,2025-01-11,2025,72,9
5,776,7960,"List, Luke",2025-493,2025-11-22,2025,73,10
5,6,14852,"Streb, Robert",2021-6,2021-01-16,2021,67,0
5,12,14852,"Streb, Robert",2021-12,2021-04-17,2021,52,1
5,776,14852,"Streb, Robert",2021-493,2021-11-20,2021,71,2
5,6,14852,"Streb, Robert",2022-6,2022-01-15,2022,66,3
5,12,14852,"Streb, Robert",2022-12,2022-04-16,2022,42,4
5,765,14852,"Streb, Robert",2022-528,2022-10-29,2022,29,5
5,6,14852,"Streb, Robert",2023-6,2023-01-14,2023,77,6
5,12,14852,"Streb, Robert",2023-12,2023-04-15,2023,74,7
5,765,14852,"Streb, Robert",2023-548,2023-11-11,2023,65,8
5,776,14852,"Streb, Robert",2023-549,2023-11-18,2023,64,9
5,6,14852,"Streb, Robert",2024-6,2024-01-13,2024,81,10
5,765,14852,"Streb, Robert",2024-528,2024-11-16,2024,70,11
5,776,14852,"Streb, Robert",2024-493,2024-11-23,2024,69,12
5,765,14852,"Streb, Robert",2025-528,2025-11-15,2025,71,13
5,776,14852,"Streb, Robert",2025-493,2025-11-22,2025,73,14
5,6,23502,"Thornberry, Braden",2025-6,2025-01-11,2025,77,0
5,765,23502,"Thornberry, Braden",2025-528,2025-11-15,2025,22,1
5,776,23502,"Thornberry, Braden",2025-493,2025-11-22,2025,73,2
5,5,8480,"Streelman, Kevin",2021-5,2021-02-13,2021,13,0
5,12,8480,"Streelman, Kevin",2021-12,2021-04-17,2021,33,1
5,776,8480,"Streelman, Kevin",2021-493,2021-11-20,2021,51,2
5,5,8480,"Streelman, Kevin",2022-5,2022-02-05,2022,64,3
5,12,8480,"Streelman, Kevin",2022-12,2022-04-16,2022,71,4
5,776,8480,"Streelman, Kevin",2022-493,2022-11-19,2022,35,5
5,6,8480,"Streelman, Kevin",2023-6,2023-01-14,2023,77,6
5,5,8480,"Streelman, Kevin",2023-5,2023-02-04,2023,63,7
5,12,8480,"Streelman, Kevin",2023-12,2023-04-15,2023,51,8
5,6,8480,"Streelman, Kevin",2024-6,2024-01-13,2024,81,9
5,765,8480,"Streelman, Kevin",2024-528,2024-11-16,2024,76,10
5,776,8480,"Streelman, Kevin",2024-493,2024-11-23,2024,69,11
5,6,8480,"Streelman, Kevin",2025-6,2025-01-11,2025,53,12
5,765,8480,"Streelman, Kevin",2025-528,2025-11-15,2025,61,13
5,776,8480,"Streelman, Kevin",2025-493,2025-11-22,2025,73,14
5,776,28146,"Knade, Peter",2025-493,2025-11-22,2025,73,0
5,765,32152,"Brown, Blades",2025-528,2025-11-15,2025,34,0
5,776,32152,"Brown, Blades",2025-493,2025-11-22,2025,73,1
5,12,9171,"Villegas, Camilo",2021-12,2021-04-17,2021,25,0
5,765,9171,"Villegas, Camilo",2021-528,2021-10-30,2021,34,1
5,776,9171,"Villegas, Camilo",2021-493,2021-11-20,2021,71,2
5,6,9171,"Villegas, Camilo",2022-6,2022-01-15,2022,66,3
5,5,9171,"Villegas, Camilo",2022-5,2022-02-05,2022,49,4
5,12,9171,"Villegas, Camilo",2022-12,2022-04-16,2022,59,5
5,765,9171,"Villegas, Camilo",2022-528,2022-10-29,2022,54,6
5,5,9171,"Villegas, Camilo",2023-5,2023-02-04,2023,76,7
5,765,9171,"Villegas, Camilo",2023-548,2023-11-11,2023,1,8
5,776,9171,"Villegas, Camilo",2023-549,2023-11-18,2023,58,9
5,6,9171,"Villegas, Camilo",2024-6,2024-01-13,2024,81,10
5,765,9171,"Villegas, Camilo",2024-528,2024-11-16,2024,47,11
5,6,9171,"Villegas, Camilo",2025-6,2025-01-11,2025,77,12
5,765,9171,"Villegas, Camilo",2025-528,2025-11-15,2025,9,13
5,776,9171,"Villegas, Camilo",2025-493,2025-11-22,2025,73,14
5,5,14509,"Dahmen, Joel",2021-5,2021-02-13,2021,60,0
5,776,14509,"Dahmen, Joel",2021-493,2021-11-20,2021,29,1
5,6,14509,"Dahmen, Joel",2022-6,2022-01-15,2022,66,2
5,5,14509,"Dahmen, Joel",2022-5,2022-02-05,2022,6,3
5,12,14509,"Dahmen, Joel",2022-12,2022-04-16,2022,12,4
5,776,14509,"Dahmen, Joel",2022-493,2022-11-19,2022,5,5
5,5,14509,"Dahmen, Joel",2023-5,2023-02-04,2023,41,6
5,12,14509,"Dahmen, Joel",2023-12,2023-04-15,2023,74,7
5,6,14509,"Dahmen, Joel",2024-6,2024-01-13,2024,72,8
5,765,14509,"Dahmen, Joel",2024-528,2024-11-16,2024,76,9
5,776,14509,"Dahmen, Joel",2024-493,2024-11-23,2024,35,10
5,6,14509,"Dahmen, Joel",2025-6,2025-01-11,2025,77,11
5,776,14509,"Dahmen, Joel",2025-493,2025-11-22,2025,73,12
5,5,23542,"Champ, Cameron",2022-5,2022-02-05,2022,64,0
5,776,23542,"Champ, Cameron",2022-493,2022-11-19,2022,70,1
5,12,23542,"Champ, Cameron",2023-12,2023-04-15,2023,74,2
5,776,23542,"Champ, Cameron",2023-549,2023-11-18,2023,58,3
5,6,23542,"Champ, Cameron",2024-6,2024-01-13,2024,81,4
5,765,23542,"Champ, Cameron",2024-528,2024-11-16,2024,76,5
5,765,23542,"Champ, Cameron",2025-528,2025-11-15,2025,71,6
5,776,23542,"Champ, Cameron",2025-493,2025-11-22,2025,73,7
5,765,17723,"Lower, Justin",2021-528,2021-10-30,2021,17,0
5,776,17723,"Lower, Justin",2021-493,2021-11-20,2021,71,1
5,6,17723,"Lower, Justin",2022-6,2022-01-15,2022,64,2
5,765,17723,"Lower, Justin",2022-528,2022-10-29,2022,8,3
5,12,17723,"Lower, Justin",2023-12,2023-04-15,2023,71,4
5,765,17723,"Lower, Justin",2023-548,2023-11-11,2023,20,5
5,776,17723,"Lower, Justin",2023-549,2023-11-18,2023,79,6
5,6,17723,"Lower, Justin",2024-6,2024-01-13,2024,74,7
5,765,17723,"Lower, Justin",2024-528,2024-11-16,2024,5,8
5,6,17723,"Lower, Justin",2025-6,2025-01-11,2025,37,9
5,5,17723,"Lower, Justin",2025-5,2025-02-01,2025,62,10
5,765,17723,"Lower, Justin",2025-528,2025-11-15,2025,71,11
5,776,17723,"Lower, Justin",2025-493,2025-11-22,2025,73,12
5,765,13412,"Olesen, Thorbjorn",2025-528,2025-11-15,2025,29,0
5,776,13412,"Olesen, Thorbjorn",2025-493,2025-11-22,2025,73,1
5,12,11955,"Frittelli, Dylan",2021-12,2021-04-17,2021,56,0
5,765,11955,"Frittelli, Dylan",2021-528,2021-10-30,2021,22,1
5,5,11955,"Frittelli, Dylan",2022-5,2022-02-05,2022,24,2
5,12,11955,"Frittelli, Dylan",2022-12,2022-04-16,2022,66,3
5,776,11955,"Frittelli, Dylan",2022-493,2022-11-19,2022,70,4
5,765,11955,"Frittelli, Dylan",2023-548,2023-11-11,2023,82,5
5,776,11955,"Frittelli, Dylan",2023-549,2023-11-18,2023,79,6
5,776,11955,"Frittelli, Dylan",2024-493,2024-11-23,2024,69,7
5,776,11955,"Frittelli, Dylan",2025-493,2025-11-22,2025,73,8
5,776,19360,"Atkins, Matt",2023-549,2023-11-18,2023,38,0
5,776,19360,"Atkins, Matt",2025-493,2025-11-22,2025,73,1
5,776,21875,"Widing, Tim",2025-493,2025-11-22,2025,73,0
5,6,11328,"Kisner, Kevin",2021-6,2021-01-16,2021,32,0
5,12,11328,"Kisner, Kevin",2021-12,2021-04-17,2021,66,1
5,776,11328,"Kisner, Kevin",2021-493,2021-11-20,2021,71,2
5,6,11328,"Kisner, Kevin",2022-6,2022-01-15,2022,3,3
5,5,11328,"Kisner, Kevin",2022-5,2022-02-05,2022,64,4
5,12,11328,"Kisner, Kevin",2022-12,2022-04-16,2022,71,5
5,776,11328,"Kisner, Kevin",2022-493,2022-11-19,2022,29,6
5,5,11328,"Kisner, Kevin",2023-5,2023-02-04,2023,34,7
5,776,11328,"Kisner, Kevin",2023-549,2023-11-18,2023,78,8
5,6,11328,"Kisner, Kevin",2024-6,2024-01-13,2024,81,9
5,12,11328,"Kisner, Kevin",2024-12,2024-04-20,2024,68,10
5,765,11328,"Kisner, Kevin",2024-528,2024-11-16,2024,29,11
5,776,11328,"Kisner, Kevin",2024-493,2024-11-23,2024,69,12
5,776,11328,"Kisner, Kevin",2025-493,2025-11-22,2025,73,13
5,6,27420,"Dickson, Taylor",2025-6,2025-01-11,2025,72,0
5,765,27420,"Dickson, Taylor",2025-528,2025-11-15,2025,55,1
5,776,27420,"Dickson, Taylor",2025-493,2025-11-22,2025,73,2
5,765,16394,"Jaeger, Stephan",2021-528,2021-10-30,2021,20,0
5,6,16394,"Jaeger, Stephan",2022-6,2022-01-15,2022,66,1
5,12,16394,"Jaeger, Stephan",2022-12,2022-04-16,2022,71,2
5,765,16394,"Jaeger, Stephan",2022-528,2022-10-29,2022,68,3
5,776,16394,"Jaeger, Stephan",2022-493,2022-11-19,2022,46,4
5,6,16394,"Jaeger, Stephan",2023-6,2023-01-14,2023,28,5
5,12,16394,"Jaeger, Stephan",2023-12,2023-04-15,2023,74,6
5,776,16394,"Jaeger, Stephan",2023-549,2023-11-18,2023,28,7
5,6,16394,"Jaeger, Stephan",2024-6,2024-01-13,2024,18,8
5,5,16394,"Jaeger, Stephan",2024-5,2024-02-03,2024,71,9
5,12,16394,"Jaeger, Stephan",2024-12,2024-04-20,2024,18,10
5,6,16394,"Jaeger, Stephan",2025-6,2025-01-11,2025,3,11
5,5,16394,"Jaeger, Stephan",2025-5,2025-02-01,2025,40,12
5,12,16394,"Jaeger, Stephan",2025-12,2025-04-19,2025,32,13
5,776,16394,"Jaeger, Stephan",2025-493,2025-11-22,2025,73,14
5,5,16394,"Jaeger, Stephan",2026-5,2026-02-14,2026,67,15
5,6,24837,"Goodwin, Noah",2025-6,2025-01-11,2025,77,0
5,765,24837,"Goodwin, Noah",2025-528,2025-11-15,2025,14,1
5,776,24837,"Goodwin, Noah",2025-493,2025-11-22,2025,73,2
5,6,22087,"Paul, Jeremy",2025-6,2025-01-11,2025,45,0
5,765,22087,"Paul, Jeremy",2025-528,2025-11-15,2025,46,1
5,776,22087,"Paul, Jeremy",2025-493,2025-11-22,2025,73,2
5,6,7899,"Piercy, Scott",2021-6,2021-01-16,2021,74,0
5,5,7899,"Piercy, Scott",2021-5,2021-02-13,2021,50,1
5,12,7899,"Piercy, Scott",2021-12,2021-04-17,2021,62,2
5,776,7899,"Piercy, Scott",2021-493,2021-11-20,2021,70,3
5,12,7899,"Piercy, Scott",2022-12,2022-04-16,2022,12,4
5,765,7899,"Piercy, Scott",2022-528,2022-10-29,2022,68,5
5,6,7899,"Piercy, Scott",2023-6,2023-01-14,2023,77,6
5,12,7899,"Piercy, Scott",2023-12,2023-04-15,2023,74,7
5,765,7899,"Piercy, Scott",2023-548,2023-11-11,2023,27,8
5,776,7899,"Piercy, Scott",2023-549,2023-11-18,2023,38,9
5,765,7899,"Piercy, Scott",2025-528,2025-11-15,2025,71,10
5,776,7899,"Piercy, Scott",2025-493,2025-11-22,2025,73,11
5,5,14698,"Bramlett, Joseph",2021-5,2021-02-13,2021,63,0
5,765,14698,"Bramlett, Joseph",2021-528,2021-10-30,2021,76,1
5,6,14698,"Bramlett, Joseph",2022-6,2022-01-15,2022,20,2
5,5,14698,"Bramlett, Joseph",2022-5,2022-02-05,2022,64,3
5,12,14698,"Bramlett, Joseph",2022-12,2022-04-16,2022,48,4
5,765,14698,"Bramlett, Joseph",2022-528,2022-10-29,2022,68,5
5,776,14698,"Bramlett, Joseph",2022-493,2022-11-19,2022,64,6
5,6,14698,"Bramlett, Joseph",2023-6,2023-01-14,2023,54,7
5,5,14698,"Bramlett, Joseph",2023-5,2023-02-04,2023,7,8
5,6,14698,"Bramlett, Joseph",2024-6,2024-01-13,2024,52,9
5,765,14698,"Bramlett, Joseph",2024-528,2024-11-16,2024,29,10
5,776,14698,"Bramlett, Joseph",2024-493,2024-11-23,2024,35,11
5,765,14698,"Bramlett, Joseph",2025-528,2025-11-15,2025,71,12
5,776,14698,"Bramlett, Joseph",2025-493,2025-11-22,2025,73,13
5,6,21235,"Albertson, Anders",2023-6,2023-01-14,2023,67,0
5,776,21235,"Albertson, Anders",2024-493,2024-11-23,2024,69,1
5,776,21235,"Albertson, Anders",2025-493,2025-11-22,2025,73,2
5,6,25263,"Onishi, Kaito",2023-6,2023-01-14,2023,77,0
5,6,25263,"Onishi, Kaito",2025-6,2025-01-11,2025,77,1
5,765,25263,"Onishi, Kaito",2025-528,2025-11-15,2025,67,2
5,776,25263,"Onishi, Kaito",2025-493,2025-11-22,2025,73,3
5,765,31212,"Chandler, Will",2025-528,2025-11-15,2025,71,0
5,776,31212,"Chandler, Will",2025-493,2025-11-22,2025,73,1
5,6,21412,"Capan III, Frankie",2025-6,2025-01-11,2025,45,0
5,765,21412,"Capan III, Frankie",2025-528,2025-11-15,2025,3,1
5,776,21412,"Capan III, Frankie",2025-493,2025-11-22,2025,73,2
5,776,25442,"Montgomery, Taylor",2022-493,2022-11-19,2022,15,0
5,6,25442,"Montgomery, Taylor",2023-6,2023-01-14,2023,12,1
5,12,25442,"Montgomery, Taylor",2023-12,2023-04-15,2023,74,2
5,776,25442,"Montgomery, Taylor",2023-549,2023-11-18,2023,8,3
5,6,25442,"Montgomery, Taylor",2024-6,2024-01-13,2024,13,4
5,5,25442,"Montgomery, Taylor",2024-5,2024-02-03,2024,39,5
5,776,25442,"Montgomery, Taylor",2024-493,2024-11-23,2024,42,6
5,6,25442,"Montgomery, Taylor",2025-6,2025-01-11,2025,65,7
5,765,25442,"Montgomery, Taylor",2025-528,2025-11-15,2025,34,8
5,776,25442,"Montgomery, Taylor",2025-493,2025-11-22,2025,73,9
5,776,21944,"Moore, Taylor",2021-493,2021-11-20,2021,8,0
5,5,21944,"Moore, Taylor",2022-5,2022-02-05,2022,16,1
5,5,21944,"Moore, Taylor",2023-5,2023-02-04,2023,15,2
5,12,21944,"Moore, Taylor",2023-12,2023-04-15,2023,11,3
5,5,21944,"Moore, Taylor",2024-5,2024-02-03,2024,47,4
5,12,21944,"Moore, Taylor",2024-12,2024-04-20,2024,58,5
5,776,21944,"Moore, Taylor",2024-493,2024-11-23,2024,35,6
5,6,21944,"Moore, Taylor",2025-6,2025-01-11,2025,77,7
5,5,21944,"Moore, Taylor",2025-5,2025-02-01,2025,22,8
5,765,21944,"Moore, Taylor",2025-528,2025-11-15,2025,71,9
5,776,21944,"Moore, Taylor",2025-493,2025-11-22,2025,73,10
5,765,23599,"Westmoreland, Kyle",2022-528,2022-10-29,2022,68,0
5,776,23599,"Westmoreland, Kyle",2022-493,2022-11-19,2022,70,1
5,6,23599,"Westmoreland, Kyle",2023-6,2023-01-14,2023,77,2
5,5,23599,"Westmoreland, Kyle",2023-5,2023-02-04,2023,29,3
5,765,23599,"Westmoreland, Kyle",2023-548,2023-11-11,2023,37,4
5,776,23599,"Westmoreland, Kyle",2023-549,2023-11-18,2023,79,5
5,776,23599,"Westmoreland, Kyle",2024-493,2024-11-23,2024,69,6
5,776,23599,"Westmoreland, Kyle",2025-493,2025-11-22,2025,73,7
5,765,12169,"Gainey, Tommy",2021-528,2021-10-30,2021,76,0
5,765,12169,"Gainey, Tommy",2023-548,2023-11-11,2023,82,1
5,776,12169,"Gainey, Tommy",2023-549,2023-11-18,2023,53,2
5,776,12169,"Gainey, Tommy",2025-493,2025-11-22,2025,73,3
5,765,15980,"Lipsky, David",2021-528,2021-10-30,2021,76,0
5,6,15980,"Lipsky, David",2022-6,2022-01-15,2022,66,1
5,5,15980,"Lipsky, David",2022-5,2022-02-05,2022,24,2
5,6,15980,"Lipsky, David",2023-6,2023-01-14,2023,4,3
5,12,15980,"Lipsky, David",2023-12,2023-04-15,2023,74,4
5,765,15980,"Lipsky, David",2023-548,2023-11-11,2023,13,5
5,6,15980,"Lipsky, David",2024-6,2024-01-13,2024,81,6
5,765,15980,"Lipsky, David",2024-528,2024-11-16,2024,9,7
5,6,15980,"Lipsky, David",2025-6,2025-01-11,2025,45,8
5,765,15980,"Lipsky, David",2025-528,2025-11-15,2025,71,9
5,776,15980,"Lipsky, David",2025-493,2025-11-22,2025,73,10
5,765,11441,"Covello, Vince",2025-528,2025-11-15,2025,71,0
5,776,11441,"Covello, Vince",2025-493,2025-11-22,2025,73,1
5,6,20344,"Polland, Ben",2025-6,2025-01-11,2025,77,0
5,776,20344,"Polland, Ben",2025-493,2025-11-22,2025,73,1
5,765,6419,"McNeill, George",2023-548,2023-11-11,2023,82,0
5,776,6419,"McNeill, George",2025-493,2025-11-22,2025,73,1
5,6,19190,"Hoshino, Rikuya",2022-6,2022-01-15,2022,66,0
5,6,19190,"Hoshino, Rikuya",2025-6,2025-01-11,2025,77,1
5,765,19190,"Hoshino, Rikuya",2025-528,2025-11-15,2025,8,2
5,765,21995,"Springer, Hayden",2024-528,2024-11-16,2024,37,0
5,776,21995,"Springer, Hayden",2024-493,2024-11-23,2024,30,1
5,765,21995,"Springer, Hayden",2025-528,2025-11-15,2025,22,2
5,6,23540,"Andersen, Mason",2025-6,2025-01-11,2025,77,0
5,765,23540,"Andersen, Mason",2025-528,2025-11-15,2025,22,1
5,765,31960,"Hastings, Justin",2025-528,2025-11-15,2025,22,0
5,6,14140,"Higgs, Harry",2021-6,2021-01-16,2021,32,0
5,5,14140,"Higgs, Harry",2021-5,2021-02-13,2021,68,1
5,12,14140,"Higgs, Harry",2021-12,2021-04-17,2021,59,2
5,6,14140,"Higgs, Harry",2022-6,2022-01-15,2022,66,3
5,12,14140,"Higgs, Harry",2022-12,2022-04-16,2022,71,4
5,765,14140,"Higgs, Harry",2022-528,2022-10-29,2022,68,5
5,776,14140,"Higgs, Harry",2022-493,2022-11-19,2022,21,6
5,6,14140,"Higgs, Harry",2023-6,2023-01-14,2023,77,7
5,5,14140,"Higgs, Harry",2023-5,2023-02-04,2023,48,8
5,765,14140,"Higgs, Harry",2023-548,2023-11-11,2023,82,9
5,776,14140,"Higgs, Harry",2023-549,2023-11-18,2023,68,10
5,6,14140,"Higgs, Harry",2025-6,2025-01-11,2025,77,11
5,765,14140,"Higgs, Harry",2025-528,2025-11-15,2025,29,12
5,6,26660,"Gordon, Will",2021-6,2021-01-16,2021,74,0
5,5,26660,"Gordon, Will",2021-5,2021-02-13,2021,21,1
5,12,26660,"Gordon, Will",2021-12,2021-04-17,2021,66,2
5,765,26660,"Gordon, Will",2022-528,2022-10-29,2022,35,3
5,776,26660,"Gordon, Will",2022-493,2022-11-19,2022,15,4
5,6,26660,"Gordon, Will",2023-6,2023-01-14,2023,28,5
5,776,26660,"Gordon, Will",2023-549,2023-11-18,2023,36,6
5,6,26660,"Gordon, Will",2024-6,2024-01-13,2024,42,7
5,765,26660,"Gordon, Will",2024-528,2024-11-16,2024,47,8
5,776,26660,"Gordon, Will",2024-493,2024-11-23,2024,30,9
5,6,26660,"Gordon, Will",2025-6,2025-01-11,2025,77,10
5,765,26660,"Gordon, Will",2025-528,2025-11-15,2025,34,11
5,5,7655,"Molinari, Francesco",2021-5,2021-02-13,2021,59,0
5,765,7655,"Molinari, Francesco",2024-528,2024-11-16,2024,17,1
5,776,7655,"Molinari, Francesco",2024-493,2024-11-23,2024,69,2
5,765,7655,"Molinari, Francesco",2025-528,2025-11-15,2025,34,3
5,12,9586,"Laird, Martin",2023-12,2023-04-15,2023,74,0
5,765,9586,"Laird, Martin",2023-548,2023-11-11,2023,59,1
5,6,9586,"Laird, Martin",2024-6,2024-01-13,2024,81,2
5,765,9586,"Laird, Martin",2024-528,2024-11-16,2024,37,3
5,776,9586,"Laird, Martin",2024-493,2024-11-23,2024,17,4
5,765,9586,"Laird, Martin",2025-528,2025-11-15,2025,42,5
5,6,16433,"NeSmith, Matthew",2021-6,2021-01-16,2021,74,0
5,5,16433,"NeSmith, Matthew",2021-5,2021-02-13,2021,16,1
5,12,16433,"NeSmith, Matthew",2021-12,2021-04-17,2021,48,2
5,765,16433,"NeSmith, Matthew",2021-528,2021-10-30,2021,76,3
5,776,16433,"NeSmith, Matthew",2021-493,2021-11-20,2021,29,4
5,12,16433,"NeSmith, Matthew",2022-12,2022-04-16,2022,12,5
5,5,16433,"NeSmith, Matthew",2023-5,2023-02-04,2023,55,6
5,12,16433,"NeSmith, Matthew",2023-12,2023-04-15,2023,59,7
5,776,16433,"NeSmith, Matt",2023-549,2023-11-18,2023,28,8
5,6,16433,"NeSmith, Matt",2024-6,2024-01-13,2024,80,9
5,765,16433,"NeSmith, Matt",2024-528,2024-11-16,2024,76,10
5,776,16433,"NeSmith, Matt",2024-493,2024-11-23,2024,69,11
5,765,16433,"NeSmith, Matt",2025-528,2025-11-15,2025,42,12
5,776,16341,"Peterson, Paul",2024-493,2024-11-23,2024,25,0
5,6,16341,"Peterson, Paul",2025-6,2025-01-11,2025,10,1
5,765,16341,"Peterson, Paul",2025-528,2025-11-15,2025,52,2
5,765,23656,"Young, Carson",2022-528,2022-10-29,2022,68,0
5,6,23656,"Young, Carson",2023-6,2023-01-14,2023,77,1
5,12,23656,"Young, Carson",2023-12,2023-04-15,2023,19,2
5,776,23656,"Young, Carson",2023-549,2023-11-18,2023,71,3
5,6,23656,"Young, Carson",2024-6,2024-01-13,2024,81,4
5,765,23656,"Young, Carson",2024-528,2024-11-16,2024,62,5
5,776,23656,"Young, Carson",2024-493,2024-11-23,2024,35,6
5,6,23656,"Young, Carson",2025-6,2025-01-11,2025,77,7
5,765,23656,"Young, Carson",2025-528,2025-11-15,2025,55,8
5,6,27762,"Velo, Kevin",2025-6,2025-01-11,2025,77,0
5,765,27762,"Velo, Kevin",2025-528,2025-11-15,2025,55,1
5,765,34445,"Watts, Tyler",2025-528,2025-11-15,2025,58,0
5,12,12920,"Willett, Danny",2021-12,2021-04-17,2021,18,0
5,765,12920,"Willett, Danny",2021-528,2021-10-30,2021,76,1
5,12,12920,"Willett, Danny",2022-12,2022-04-16,2022,51,2
5,5,12920,"Willett, Danny",2023-5,2023-02-04,2023,41,3
5,12,12920,"Willett, Danny",2023-12,2023-04-15,2023,56,4
5,765,12920,"Willett, Danny",2025-528,2025-11-15,2025,60,5
5,765,11460,"Manassero, Matteo",2025-528,2025-11-15,2025,61,0
5,12,18187,"Duncan, Tyler",2021-12,2021-04-17,2021,66,0
5,776,18187,"Duncan, Tyler",2021-493,2021-11-20,2021,71,1
5,6,18187,"Duncan, Tyler",2022-6,2022-01-15,2022,66,2
5,5,18187,"Duncan, Tyler",2022-5,2022-02-05,2022,49,3
5,12,18187,"Duncan, Tyler",2022-12,2022-04-16,2022,12,4
5,765,18187,"Duncan, Tyler",2022-528,2022-10-29,2022,68,5
5,6,18187,"Duncan, Tyler",2023-6,2023-01-14,2023,77,6
5,12,18187,"Duncan, Tyler",2023-12,2023-04-15,2023,74,7
5,776,18187,"Duncan, Tyler",2023-549,2023-11-18,2023,3,8
5,6,18187,"Duncan, Tyler",2024-6,2024-01-13,2024,65,9
5,765,18187,"Duncan, Tyler",2024-528,2024-11-16,2024,29,10
5,776,18187,"Duncan, Tyler",2024-493,2024-11-23,2024,69,11
5,765,18187,"Duncan, Tyler",2025-528,2025-11-15,2025,61,12
5,765,32446,"Wolcott, Hunter",2025-528,2025-11-15,2025,61,0
5,765,10873,"Skinns, David",2021-528,2021-10-30,2021,34,0
5,776,10873,"Skinns, David",2021-493,2021-11-20,2021,29,1
5,6,10873,"Skinns, David",2022-6,2022-01-15,2022,66,2
5,6,10873,"Skinns, David",2024-6,2024-01-13,2024,81,3
5,765,10873,"Skinns, David",2024-528,2024-11-16,2024,42,4
5,776,10873,"Skinns, David",2024-493,2024-11-23,2024,69,5
5,6,10873,"Skinns, David",2025-6,2025-01-11,2025,77,6
5,765,10873,"Skinns, David",2025-528,2025-11-15,2025,67,7
5,765,33952,"Peacock, Jake",2025-528,2025-11-15,2025,71,0
5,765,21880,"Cone, Trevor",2022-528,2022-10-29,2022,68,0
5,776,21880,"Cone, Trevor",2022-493,2022-11-19,2022,54,1
5,6,21880,"Cone, Trevor",2023-6,2023-01-14,2023,77,2
5,765,21880,"Cone, Trevor",2023-548,2023-11-11,2023,82,3
5,6,21880,"Cone, Trevor",2025-6,2025-01-11,2025,77,4
5,765,21880,"Cone, Trevor",2025-528,2025-11-15,2025,71,5
5,765,17881,"Yu, Kevin",2022-528,2022-10-29,2022,3,0
5,776,17881,"Yu, Kevin",2022-493,2022-11-19,2022,54,1
5,6,17881,"Yu, Kevin",2023-6,2023-01-14,2023,21,2
5,5,17881,"Yu, Kevin",2023-5,2023-02-04,2023,7,3
5,765,17881,"Yu, Kevin",2023-548,2023-11-11,2023,30,4
5,6,17881,"Yu, Kevin",2024-6,2024-01-13,2024,81,5
5,5,17881,"Yu, Kevin",2024-5,2024-02-03,2024,58,6
5,765,17881,"Yu, Kevin",2024-528,2024-11-16,2024,76,7
5,776,17881,"Yu, Kevin",2024-493,2024-11-23,2024,11,8
5,5,17881,"Yu, Kevin",2025-5,2025-02-01,2025,64,9
5,765,17881,"Yu, Kevin",2025-528,2025-11-15,2025,71,10
5,5,17881,"Yu, Kevin",2026-5,2026-02-14,2026,70,11
5,765,20730,"Perez, Victor",2025-528,2025-11-15,2025,71,0
5,6,19865,"Hardy, Nick",2021-6,2021-01-16,2021,14,0
5,765,19865,"Hardy, Nick",2021-528,2021-10-30,2021,76,1
5,776,19865,"Hardy, Nick",2021-493,2021-11-20,2021,63,2
5,6,19865,"Hardy, Nick",2022-6,2022-01-15,2022,66,3
5,5,19865,"Hardy, Nick",2022-5,2022-02-05,2022,64,4
5,765,19865,"Hardy, Nick",2022-528,2022-10-29,2022,23,5
5,776,19865,"Hardy, Nick",2022-493,2022-11-19,2022,70,6
5,6,19865,"Hardy, Nick",2023-6,2023-01-14,2023,41,7
5,5,19865,"Hardy, Nick",2023-5,2023-02-04,2023,41,8
5,12,19865,"Hardy, Nick",2023-12,2023-04-15,2023,74,9
5,765,19865,"Hardy, Nick",2023-548,2023-11-11,2023,45,10
5,776,19865,"Hardy, Nick",2023-549,2023-11-18,2023,23,11
5,6,19865,"Hardy, Nick",2024-6,2024-01-13,2024,42,12
5,5,19865,"Hardy, Nick",2024-5,2024-02-03,2024,47,13
5,765,19865,"Hardy, Nick",2024-528,2024-11-16,2024,76,14
5,776,19865,"Hardy, Nick",2024-493,2024-11-23,2024,69,15
5,6,19865,"Hardy, Nick",2025-6,2025-01-11,2025,77,16
5,765,19865,"Hardy, Nick",2025-528,2025-11-15,2025,71,17
5,6,15330,"Griffin, Lanto",2021-6,2021-01-16,2021,41,0
5,776,15330,"Griffin, Lanto",2021-493,2021-11-20,2021,40,1
5,5,15330,"Griffin, Lanto",2022-5,2022-02-05,2022,16,2
5,12,15330,"Griffin, Lanto",2022-12,2022-04-16,2022,71,3
5,5,15330,"Griffin, Lanto",2023-5,2023-02-04,2023,58,4
5,12,15330,"Griffin, Lanto",2023-12,2023-04-15,2023,74,5
5,765,15330,"Griffin, Lanto",2023-548,2023-11-11,2023,53,6
5,776,15330,"Griffin, Lanto",2023-549,2023-11-18,2023,79,7
5,6,15330,"Griffin, Lanto",2024-6,2024-01-13,2024,72,8
5,765,15330,"Griffin, Lanto",2024-528,2024-11-16,2024,12,9
5,776,15330,"Griffin, Lanto",2024-493,2024-11-23,2024,68,10
5,6,15330,"Griffin, Lanto",2025-6,2025-01-11,2025,77,11
5,765,15330,"Griffin, Lanto",2025-528,2025-11-15,2025,71,12
5,6,17422,"Del Solar, Cristobal",2025-6,2025-01-11,2025,70,0
5,765,17422,"Del Solar, Cristobal",2025-528,2025-11-15,2025,71,1
5,765,27328,"Leseur, Kenny",2025-528,2025-11-15,2025,71,0
5,6,18579,"Cook, Austin",2021-6,2021-01-16,2021,47,0
5,12,18579,"Cook, Austin",2021-12,2021-04-17,2021,66,1
5,765,18579,"Cook, Austin",2021-528,2021-10-30,2021,76,2
5,6,18579,"Cook, Austin",2022-6,2022-01-15,2022,66,3
5,5,18579,"Cook, Austin",2022-5,2022-02-05,2022,42,4
5,765,18579,"Cook, Austin",2022-528,2022-10-29,2022,44,5
5,776,18579,"Cook, Austin",2022-493,2022-11-19,2022,70,6
5,6,18579,"Cook, Austin",2023-6,2023-01-14,2023,77,7
5,765,18579,"Cook, Austin",2023-548,2023-11-11,2023,13,8
5,776,18579,"Cook, Austin",2023-549,2023-11-18,2023,79,9
5,765,18579,"Cook, Austin",2024-528,2024-11-16,2024,76,10
5,776,18579,"Cook, Austin",2024-493,2024-11-23,2024,69,11
5,765,18579,"Cook, Austin",2025-528,2025-11-15,2025,71,12
5,765,24562,"Knowles, Philip",2022-528,2022-10-29,2022,57,0
5,776,24562,"Knowles, Philip",2022-493,2022-11-19,2022,70,1
5,776,24562,"Knowles, Philip",2024-493,2024-11-23,2024,65,2
5,765,24562,"Knowles, Philip",2025-528,2025-11-15,2025,71,3
5,765,34730,"Haddrell, Will",2025-528,2025-11-15,2025,71,0
5,765,28355,"Anderson, Samuel",2025-528,2025-11-15,2025,71,0
5,765,34731,"Zielinski, Andrew",2025-528,2025-11-15,2025,71,0
5,765,31649,"Couilleau, Oscar",2025-528,2025-11-15,2025,71,0
5,765,25334,"Johnson, Chase",2023-548,2023-11-11,2023,82,0
5,765,25334,"Johnson, Chase",2025-528,2025-11-15,2025,71,1
5,765,31779,"Betschart, Oliver",2023-548,2023-11-11,2023,82,0
5,765,31779,"Betschart, Oliver",2025-528,2025-11-15,2025,71,1
5,765,21786,"Smart, Henry",2025-528,2025-11-15,2025,71,0
5,765,18531,"Ferrier, Paul",2025-528,2025-11-15,2025,71,0
5,776,33101,"Doyle, Drew",2024-493,2024-11-23,2024,69,0
5,765,33101,"Doyle, Drew",2025-528,2025-11-15,2025,71,1
5,5,10091,"McIlroy, Rory",2024-5,2024-02-03,2024,66,0
5,12,10091,"McIlroy, Rory",2024-12,2024-04-20,2024,33,1
5,5,10091,"McIlroy, Rory",2025-5,2025-02-01,2025,1,2
5,5,10091,"McIlroy, Rory",2026-5,2026-02-14,2026,14,3
5,12,13900,"Lowry, Shane",2021-12,2021-04-17,2021,9,0
5,12,13900,"Lowry, Shane",2022-12,2022-04-16,2022,3,1
5,12,13900,"Lowry, Shane",2023-12,2023-04-15,2023,67,2
5,12,13900,"Lowry, Shane",2024-12,2024-04-20,2024,64,3
5,5,13900,"Lowry, Shane",2025-5,2025-02-01,2025,2,4
5,12,13900,"Lowry, Shane",2025-12,2025-04-19,2025,18,5
5,5,13900,"Lowry, Shane",2026-5,2026-02-14,2026,8,6
5,12,7399,"Glover, Lucas",2021-12,2021-04-17,2021,33,0
5,776,7399,"Glover, Lucas",2021-493,2021-11-20,2021,71,1
5,6,7399,"Glover, Lucas",2022-6,2022-01-15,2022,5,2
5,12,7399,"Glover, Lucas",2022-12,2022-04-16,2022,48,3
5,765,7399,"Glover, Lucas",2022-528,2022-10-29,2022,63,4
5,6,7399,"Glover, Lucas",2023-6,2023-01-14,2023,77,5
5,12,7399,"Glover, Lucas",2023-12,2023-04-15,2023,74,6
5,765,7399,"Glover, Lucas",2023-548,2023-11-11,2023,45,7
5,6,7399,"Glover, Lucas",2024-6,2024-01-13,2024,81,8
5,5,7399,"Glover, Lucas",2024-5,2024-02-03,2024,58,9
5,12,7399,"Glover, Lucas",2024-12,2024-04-20,2024,33,10
5,765,7399,"Glover, Lucas",2024-528,2024-11-16,2024,42,11
5,776,7399,"Glover, Lucas",2024-493,2024-11-23,2024,30,12
5,6,7399,"Glover, Lucas",2025-6,2025-01-11,2025,21,13
5,5,7399,"Glover, Lucas",2025-5,2025-02-01,2025,3,14
5,12,7399,"Glover, Lucas",2025-12,2025-04-19,2025,61,15
5,5,7399,"Glover, Lucas",2026-5,2026-02-14,2026,64,16
5,776,6093,"Rose, Justin",2021-493,2021-11-20,2021,12,0
5,5,6093,"Rose, Justin",2022-5,2022-02-05,2022,62,1
5,776,6093,"Rose, Justin",2022-493,2022-11-19,2022,29,2
5,5,6093,"Rose, Justin",2023-5,2023-02-04,2023,1,3
5,12,6093,"Rose, Justin",2023-12,2023-04-15,2023,25,4
5,6,6093,"Rose, Justin",2024-6,2024-01-13,2024,57,5
5,5,6093,"Rose, Justin",2024-5,2024-02-03,2024,11,6
5,12,6093,"Rose, Justin",2024-12,2024-04-20,2024,44,7
5,5,6093,"Rose, Justin",2025-5,2025-02-01,2025,3,8
5,12,6093,"Rose, Justin",2025-12,2025-04-19,2025,42,9
5,5,6093,"Rose, Justin",2026-5,2026-02-14,2026,37,10
5,6,17511,"Straka, Sepp",2021-6,2021-01-16,2021,25,0
5,12,17511,"Straka, Sepp",2021-12,2021-04-17,2021,59,1
5,765,17511,"Straka, Sepp",2021-528,2021-10-30,2021,51,2
5,6,17511,"Straka, Sepp",2022-6,2022-01-15,2022,42,3
5,12,17511,"Straka, Sepp",2022-12,2022-04-16,2022,3,4
5,12,17511,"Straka, Sepp",2023-12,2023-04-15,2023,74,5
5,5,17511,"Straka, Sepp",2024-5,2024-02-03,2024,26,6
5,12,17511,"Straka, Sepp",2024-12,2024-04-20,2024,5,7
5,776,17511,"Straka, Sepp",2024-493,2024-11-23,2024,69,8
5,6,17511,"Straka, Sepp",2025-6,2025-01-11,2025,30,9
5,5,17511,"Straka, Sepp",2025-5,2025-02-01,2025,7,10
5,12,17511,"Straka, Sepp",2025-12,2025-04-19,2025,13,11
5,5,17511,"Straka, Sepp",2026-5,2026-02-14,2026,2,12
5,776,18417,"Scheffler, Scottie",2021-493,2021-11-20,2021,57,0
5,12,18417,"Scheffler, Scottie",2023-12,2023-04-15,2023,11,1
5,5,18417,"Scheffler, Scottie",2024-5,2024-02-03,2024,6,2
5,12,18417,"Scheffler, Scottie",2024-12,2024-04-20,2024,1,3
5,5,18417,"Scheffler, Scottie",2025-5,2025-02-01,2025,9,4
5,12,18417,"Scheffler, Scottie",2025-12,2025-04-19,2025,8,5
5,5,18417,"Scheffler, Scottie",2026-5,2026-02-14,2026,4,6
5,5,9771,"Day, Jason",2021-5,2021-02-13,2021,7,0
5,776,9771,"Day, Jason",2021-493,2021-11-20,2021,71,1
5,5,9771,"Day, Jason",2022-5,2022-02-05,2022,24,2
5,5,9771,"Day, Jason",2024-5,2024-02-03,2024,6,3
5,12,9771,"Day, Jason",2024-12,2024-04-20,2024,18,4
5,5,9771,"Day, Jason",2025-5,2025-02-01,2025,13,5
5,12,9771,"Day, Jason",2025-12,2025-04-19,2025,49,6
5,5,9771,"Day, Jason",2026-5,2026-02-14,2026,24,7
5,12,16841,"Lee, Min Woo",2023-12,2023-04-15,2023,74,0
5,5,16841,"Lee, Min Woo",2025-5,2025-02-01,2025,17,1
5,12,16841,"Lee, Min Woo",2025-12,2025-04-19,2025,61,2
5,5,16841,"Lee, Min Woo",2026-5,2026-02-14,2026,2,3
5,5,26096,"Bhatia, Akshay",2021-5,2021-02-13,2021,30,0
5,765,26096,"Bhatia, Akshay",2022-528,2022-10-29,2022,17,1
5,776,26096,"Bhatia, Akshay",2022-493,2022-11-19,2022,45,2
5,12,26096,"Bhatia, Akshay",2023-12,2023-04-15,2023,74,3
5,765,26096,"Bhatia, Akshay",2023-548,2023-11-11,2023,20,4
5,776,26096,"Bhatia, Akshay",2023-549,2023-11-18,2023,38,5
5,6,26096,"Bhatia, Akshay",2024-6,2024-01-13,2024,13,6
5,12,26096,"Bhatia, Akshay",2024-12,2024-04-20,2024,18,7
5,5,26096,"Bhatia, Akshay",2025-5,2025-02-01,2025,22,8
5,12,26096,"Bhatia, Akshay",2025-12,2025-04-19,2025,42,9
5,5,26096,"Bhatia, Akshay",2026-5,2026-02-14,2026,6,10
5,5,19483,"Burns, Sam",2021-5,2021-02-13,2021,39,0
5,12,19483,"Burns, Sam",2021-12,2021-04-17,2021,39,1
5,12,19483,"Burns, Sam",2023-12,2023-04-15,2023,15,2
5,5,19483,"Burns, Sam",2024-5,2024-02-03,2024,10,3
5,12,19483,"Burns, Sam",2024-12,2024-04-20,2024,44,4
5,5,19483,"Burns, Sam",2025-5,2025-02-01,2025,22,5
5,12,19483,"Burns, Sam",2025-12,2025-04-19,2025,13,6
5,5,19483,"Burns, Sam",2026-5,2026-02-14,2026,6,7
5,5,18841,"Hovland, Viktor",2023-5,2023-02-04,2023,13,0
5,12,18841,"Hovland, Viktor",2023-12,2023-04-15,2023,59,1
5,5,18841,"Hovland, Viktor",2024-5,2024-02-03,2024,58,2
5,5,18841,"Hovland, Viktor",2025-5,2025-02-01,2025,22,3
5,12,18841,"Hovland, Viktor",2025-12,2025-04-19,2025,13,4
5,5,18841,"Hovland, Viktor",2026-5,2026-02-14,2026,58,5
5,5,23838,"Hojgaard, Rasmus",2025-5,2025-02-01,2025,22,0
5,12,12294,"Fleetwood, Tommy",2021-12,2021-04-17,2021,66,0
5,12,12294,"Fleetwood, Tommy",2022-12,2022-04-16,2022,10,1
5,12,12294,"Fleetwood, Tommy",2023-12,2023-04-15,2023,15,2
5,5,12294,"Fleetwood, Tommy",2024-5,2024-02-03,2024,31,3
5,12,12294,"Fleetwood, Tommy",2024-12,2024-04-20,2024,49,4
5,5,12294,"Fleetwood, Tommy",2025-5,2025-02-01,2025,22,5
5,12,12294,"Fleetwood, Tommy",2025-12,2025-04-19,2025,7,6
5,5,12294,"Fleetwood, Tommy",2026-5,2026-02-14,2026,4,7
5,6,17488,"Im, Sungjae",2021-6,2021-01-16,2021,56,0
5,12,17488,"Im, Sungjae",2021-12,2021-04-17,2021,13,1
5,6,17488,"Im, Sungjae",2022-6,2022-01-15,2022,66,2
5,12,17488,"Im, Sungjae",2022-12,2022-04-16,2022,21,3
5,6,17488,"Im, Sungjae",2023-6,2023-01-14,2023,77,4
5,12,17488,"Im, Sungjae",2023-12,2023-04-15,2023,7,5
5,5,17488,"Im, Sungjae",2024-5,2024-02-03,2024,66,6
5,12,17488,"Im, Sungjae",2024-12,2024-04-20,2024,12,7
5,5,17488,"Im, Sungjae",2025-5,2025-02-01,2025,33,8
5,12,17488,"Im, Sungjae",2025-12,2025-04-19,2025,11,9
5,5,15466,"Cantlay, Patrick",2021-5,2021-02-13,2021,3,0
5,12,15466,"Cantlay, Patrick",2021-12,2021-04-17,2021,66,1
5,5,15466,"Cantlay, Patrick",2022-5,2022-02-05,2022,4,2
5,12,15466,"Cantlay, Patrick",2022-12,2022-04-16,2022,2,3
5,12,15466,"Cantlay, Patrick",2023-12,2023-04-15,2023,3,4
5,5,15466,"Cantlay, Patrick",2024-5,2024-02-03,2024,11,5
5,12,15466,"Cantlay, Patrick",2024-12,2024-04-20,2024,3,6
5,5,15466,"Cantlay, Patrick",2025-5,2025-02-01,2025,33,7
5,12,15466,"Cantlay, Patrick",2025-12,2025-04-19,2025,13,8
5,5,15466,"Cantlay, Patrick",2026-5,2026-02-14,2026,14,9
5,5,13508,"Vegas, Jhonattan",2021-5,2021-02-13,2021,50,0
5,776,13508,"Vegas, Jhonattan",2021-493,2021-11-20,2021,12,1
5,6,13508,"Vegas, Jhonattan",2024-6,2024-01-13,2024,81,2
5,765,13508,"Vegas, Jhonattan",2024-528,2024-11-16,2024,57,3
5,5,13508,"Vegas, Jhonattan",2025-5,2025-02-01,2025,40,4
5,5,13508,"Vegas, Jhonattan",2026-5,2026-02-14,2026,78,5
5,12,18103,"Bezuidenhout, Christiaan",2021-12,2021-04-17,2021,33,0
5,765,18103,"Bezuidenhout, Christiaan",2021-528,2021-10-30,2021,57,1
5,6,18103,"Bezuidenhout, Christiaan",2022-6,2022-01-15,2022,17,2
5,5,18103,"Bezuidenhout, Christiaan",2022-5,2022-02-05,2022,14,3
5,6,18103,"Bezuidenhout, Christiaan",2023-6,2023-01-14,2023,77,4
5,12,18103,"Bezuidenhout, Christiaan",2023-12,2023-04-15,2023,19,5
5,5,18103,"Bezuidenhout, Christiaan",2024-5,2024-02-03,2024,20,6
5,12,18103,"Bezuidenhout, Christiaan",2024-12,2024-04-20,2024,28,7
5,5,18103,"Bezuidenhout, Christiaan",2025-5,2025-02-01,2025,40,8
5,12,18103,"Bezuidenhout, Christiaan",2025-12,2025-04-19,2025,42,9
5,765,14181,"Detry, Thomas",2021-528,2021-10-30,2021,22,0
5,765,14181,"Detry, Thomas",2022-528,2022-10-29,2022,2,1
5,5,14181,"Detry, Thomas",2023-5,2023-02-04,2023,37,2
5,12,14181,"Detry, Thomas",2023-12,2023-04-15,2023,74,3
5,765,14181,"Detry, Thomas",2023-548,2023-11-11,2023,82,4
5,776,14181,"Detry, Thomas",2023-549,2023-11-18,2023,28,5
5,5,14181,"Detry, Thomas",2024-5,2024-02-03,2024,4,6
5,12,14181,"Detry, Thomas",2024-12,2024-04-20,2024,28,7
5,6,14181,"Detry, Thomas",2025-6,2025-01-11,2025,53,8
5,5,14181,"Detry, Thomas",2025-5,2025-02-01,2025,48,9
5,12,14181,"Detry, Thomas",2025-12,2025-04-19,2025,32,10
5,5,19428,"Zalatoris, Will",2021-5,2021-02-13,2021,55,0
5,12,19428,"Zalatoris, Will",2021-12,2021-04-17,2021,42,1
5,6,19428,"Zalatoris, Will",2024-6,2024-01-13,2024,81,2
5,12,19428,"Zalatoris, Will",2024-12,2024-04-20,2024,44,3
5,5,19428,"Zalatoris, Will",2025-5,2025-02-01,2025,48,4
5,12,19428,"Zalatoris, Will",2025-12,2025-04-19,2025,54,5
5,12,14139,"Thomas, Justin",2022-12,2022-04-16,2022,35,0
5,12,14139,"Thomas, Justin",2023-12,2023-04-15,2023,25,1
5,5,14139,"Thomas, Justin",2024-5,2024-02-03,2024,6,2
5,12,14139,"Thomas, Justin",2024-12,2024-04-20,2024,5,3
5,5,14139,"Thomas, Justin",2025-5,2025-02-01,2025,48,4
5,12,14139,"Thomas, Justin",2025-12,2025-04-19,2025,1,5
5,12,17646,"Fitzpatrick, Matt",2021-12,2021-04-17,2021,4,0
5,765,17646,"Fitzpatrick, Matt",2021-528,2021-10-30,2021,30,1
5,5,17646,"Fitzpatrick, Matt",2022-5,2022-02-05,2022,6,2
5,12,17646,"Fitzpatrick, Matt",2022-12,2022-04-16,2022,71,3
5,5,17646,"Fitzpatrick, Matt",2023-5,2023-02-04,2023,76,4
5,12,17646,"Fitzpatrick, Matt",2023-12,2023-04-15,2023,1,5
5,6,17646,"Fitzpatrick, Matt",2024-6,2024-01-13,2024,81,6
5,5,17646,"Fitzpatrick, Matt",2024-5,2024-02-03,2024,58,7
5,12,17646,"Fitzpatrick, Matt",2024-12,2024-04-20,2024,28,8
5,5,17646,"Fitzpatrick, Matt",2025-5,2025-02-01,2025,48,9
5,12,17646,"Fitzpatrick, Matt",2025-12,2025-04-19,2025,38,10
5,5,17646,"Fitzpatrick, Matt",2026-5,2026-02-14,2026,14,11
5,12,12965,"Fowler, Rickie",2022-12,2022-04-16,2022,71,0
5,12,12965,"Fowler, Rickie",2023-12,2023-04-15,2023,15,1
5,5,12965,"Fowler, Rickie",2024-5,2024-02-03,2024,47,2
5,12,12965,"Fowler, Rickie",2024-12,2024-04-20,2024,18,3
5,5,12965,"Fowler, Rickie",2025-5,2025-02-01,2025,53,4
5,12,12965,"Fowler, Rickie",2025-12,2025-04-19,2025,68,5
5,5,12965,"Fowler, Rickie",2026-5,2026-02-14,2026,19,6
5,5,17538,"Homa, Max",2021-5,2021-02-13,2021,7,0
5,12,17538,"Homa, Max",2023-12,2023-04-15,2023,74,1
5,5,17538,"Homa, Max",2024-5,2024-02-03,2024,66,2
5,12,17538,"Homa, Max",2024-12,2024-04-20,2024,55,3
5,5,17538,"Homa, Max",2025-5,2025-02-01,2025,53,4
5,12,17538,"Homa, Max",2025-12,2025-04-19,2025,70,5
5,776,26651,"Young, Cameron",2021-493,2021-11-20,2021,29,0
5,6,26651,"Young, Cameron",2022-6,2022-01-15,2022,66,1
5,12,26651,"Young, Cameron",2022-12,2022-04-16,2022,3,2
5,12,26651,"Young, Cameron",2023-12,2023-04-15,2023,51,3
5,776,26651,"Young, Cameron",2023-549,2023-11-18,2023,38,4
5,5,26651,"Young, Cameron",2024-5,2024-02-03,2024,70,5
5,12,26651,"Young, Cameron",2024-12,2024-04-20,2024,62,6
5,5,26651,"Young, Cameron",2025-5,2025-02-01,2025,72,7
5,12,26651,"Young, Cameron",2025-12,2025-04-19,2025,54,8
5,5,26651,"Young, Cameron",2026-5,2026-02-14,2026,55,9
5,12,23604,"Clark, Wyndham",2021-12,2021-04-17,2021,64,0
5,776,23604,"Clark, Wyndham",2021-493,2021-11-20,2021,29,1
5,5,23604,"Clark, Wyndham",2022-5,2022-02-05,2022,64,2
5,12,23604,"Clark, Wyndham",2022-12,2022-04-16,2022,35,3
5,776,23604,"Clark, Wyndham",2022-493,2022-11-19,2022,10,4
5,12,23604,"Clark, Wyndham",2023-12,2023-04-15,2023,29,5
5,5,23604,"Clark, Wyndham",2024-5,2024-02-03,2024,1,6
5,12,23604,"Clark, Wyndham",2024-12,2024-04-20,2024,3,7
5,5,23604,"Clark, Wyndham",2025-5,2025-02-01,2025,73,8
5,12,23604,"Clark, Wyndham",2025-12,2025-04-19,2025,27,9
5,5,23604,"Clark, Wyndham",2026-5,2026-02-14,2026,58,10
5,6,12425,"Todd, Brendon",2021-6,2021-01-16,2021,41,0
5,12,12425,"Todd, Brendon",2021-12,2021-04-17,2021,39,1
5,6,12425,"Todd, Brendon",2022-6,2022-01-15,2022,48,2
5,5,12425,"Todd, Brendon",2022-5,2022-02-05,2022,16,3
5,12,12425,"Todd, Brendon",2022-12,2022-04-16,2022,26,4
5,6,12425,"Todd, Brendon",2023-6,2023-01-14,2023,21,5
5,5,12425,"Todd, Brendon",2023-5,2023-02-04,2023,2,6
5,12,12425,"Todd, Brendon",2023-12,2023-04-15,2023,51,7
5,765,12425,"Todd, Brendon",2023-548,2023-11-11,2023,20,8
5,776,12425,"Todd, Brendon",2023-549,2023-11-18,2023,28,9
5,6,12425,"Todd, Brendon",2024-6,2024-01-13,2024,30,10
5,5,12425,"Todd, Brendon",2024-5,2024-02-03,2024,58,11
5,12,12425,"Todd, Brendon",2024-12,2024-04-20,2024,58,12
5,765,12425,"Todd, Brendon",2024-528,2024-11-16,2024,57,13
5,776,12425,"Todd, Brendon",2024-493,2024-11-23,2024,69,14
5,6,12425,"Todd, Brendon",2025-6,2025-01-11,2025,77,15
5,5,12425,"Todd, Brendon",2025-5,2025-02-01,2025,78,16
5,765,23950,"Aberg, Ludvig",2021-528,2021-10-30,2021,51,0
5,776,23950,"Aberg, Ludvig",2021-493,2021-11-20,2021,71,1
5,776,23950,"Aberg, Ludvig",2023-549,2023-11-18,2023,1,2
5,6,23950,"Aberg, Ludvig",2024-6,2024-01-13,2024,30,3
5,5,23950,"Aberg, Ludvig",2024-5,2024-02-03,2024,2,4
5,12,23950,"Aberg, Ludvig",2024-12,2024-04-20,2024,10,5
5,776,23950,"Aberg, Ludvig",2024-493,2024-11-23,2024,17,6
5,12,23950,"Aberg, Ludvig",2025-12,2025-04-19,2025,54,7
5,5,23950,"Aberg, Ludvig",2026-5,2026-02-14,2026,37,8
5,5,10419,"Noren, Alex",2021-5,2021-02-13,2021,68,0
5,12,10419,"Noren, Alex",2021-12,2021-04-17,2021,25,1
5,12,10419,"Noren, Alex",2022-12,2022-04-16,2022,42,2
5,765,10419,"Noren, Alex",2023-548,2023-11-11,2023,2,3
5,776,10419,"Noren, Alex",2023-549,2023-11-18,2023,23,4
5,6,10419,"Noren, Alex",2024-6,2024-01-13,2024,42,5
5,5,10419,"Noren, Alex",2024-5,2024-02-03,2024,26,6
5,5,10419,"Noren, Alex",2026-5,2026-02-14,2026,29,7
5,5,23602,"Hojgaard, Nicolai",2024-5,2024-02-03,2024,31,0
5,765,25213,"Wu, Brandon",2021-528,2021-10-30,2021,34,0
5,776,25213,"Wu, Brandon",2021-493,2021-11-20,2021,71,1
5,6,25213,"Wu, Brandon",2022-6,2022-01-15,2022,66,2
5,765,25213,"Wu, Brandon",2022-528,2022-10-29,2022,35,3
5,776,25213,"Wu, Brandon",2022-493,2022-11-19,2022,54,4
5,6,25213,"Wu, Brandon",2023-6,2023-01-14,2023,77,5
5,5,25213,"Wu, Brandon",2023-5,2023-02-04,2023,2,6
5,12,25213,"Wu, Brandon",2023-12,2023-04-15,2023,74,7
5,765,25213,"Wu, Brandon",2023-548,2023-11-11,2023,30,8
5,776,25213,"Wu, Brandon",2023-549,2023-11-18,2023,58,9
5,6,25213,"Wu, Brandon",2024-6,2024-01-13,2024,18,10
5,5,25213,"Wu, Brandon",2024-5,2024-02-03,2024,47,11
5,765,25213,"Wu, Brandon",2024-528,2024-11-16,2024,23,12
5,776,25213,"Wu, Brandon",2024-493,2024-11-23,2024,49,13
5,12,19895,"Schauffele, Xander",2023-12,2023-04-15,2023,4,0
5,5,19895,"Schauffele, Xander",2024-5,2024-02-03,2024,54,1
5,12,19895,"Schauffele, Xander",2024-12,2024-04-20,2024,18,2
5,12,19895,"Schauffele, Xander",2025-12,2025-04-19,2025,18,3
5,5,19895,"Schauffele, Xander",2026-5,2026-02-14,2026,19,4
5,6,14655,"Murray, Grayson",2021-6,2021-01-16,2021,74,0
5,5,14655,"Murray, Grayson",2022-5,2022-02-05,2022,64,1
5,6,14655,"Murray, Grayson",2024-6,2024-01-13,2024,1,2
5,5,14655,"Murray, Grayson",2024-5,2024-02-03,2024,66,3
5,12,14655,"Murray, Grayson",2024-12,2024-04-20,2024,39,4
5,5,7489,"Moore, Ryan",2021-5,2021-02-13,2021,26,0
5,12,7489,"Moore, Ryan",2021-12,2021-04-17,2021,52,1
5,6,7489,"Moore, Ryan",2022-6,2022-01-15,2022,66,2
5,5,7489,"Moore, Ryan",2022-5,2022-02-05,2022,42,3
5,6,7489,"Moore, Ryan",2023-6,2023-01-14,2023,77,4
5,5,7489,"Moore, Ryan",2023-5,2023-02-04,2023,7,5
5,12,7489,"Moore, Ryan",2023-12,2023-04-15,2023,74,6
5,765,7489,"Moore, Ryan",2023-548,2023-11-11,2023,5,7
5,776,7489,"Moore, Ryan",2023-549,2023-11-18,2023,8,8
5,6,7489,"Moore, Ryan",2024-6,2024-01-13,2024,81,9
5,765,7489,"Moore, Ryan",2024-528,2024-11-16,2024,23,10
5,776,7489,"Moore, Ryan",2024-493,2024-11-23,2024,69,11
5,5,12359,"Stallings, Scott",2021-5,2021-02-13,2021,30,0
5,12,12359,"Stallings, Scott",2021-12,2021-04-17,2021,66,1
5,765,12359,"Stallings, Scott",2021-528,2021-10-30,2021,5,2
5,776,12359,"Stallings, Scott",2021-493,2021-11-20,2021,29,3
5,12,12359,"Stallings, Scott",2022-12,2022-04-16,2022,71,4
5,776,12359,"Stallings, Scott",2022-493,2022-11-19,2022,54,5
5,5,12359,"Stallings, Scott",2023-5,2023-02-04,2023,15,6
5,12,12359,"Stallings, Scott",2023-12,2023-04-15,2023,56,7
5,6,12359,"Stallings, Scott",2024-6,2024-01-13,2024,42,8
5,6,22914,"Grant, Brent",2022-6,2022-01-15,2022,66,0
5,765,22914,"Grant, Brent",2022-528,2022-10-29,2022,35,1
5,776,22914,"Grant, Brent",2022-493,2022-11-19,2022,54,2
5,6,22914,"Grant, Brent",2023-6,2023-01-14,2023,77,3
5,5,22914,"Grant, Brent",2023-5,2023-02-04,2023,20,4
5,765,22914,"Grant, Brent",2023-548,2023-11-11,2023,82,5
5,776,22914,"Grant, Brent",2023-549,2023-11-18,2023,64,6
5,765,24342,"Higgo, Garrick",2021-528,2021-10-30,2021,34,0
5,12,24342,"Higgo, Garrick",2022-12,2022-04-16,2022,71,1
5,765,24342,"Higgo, Garrick",2022-528,2022-10-29,2022,29,2
5,776,24342,"Higgo, Garrick",2022-493,2022-11-19,2022,70,3
5,5,24342,"Higgo, Garrick",2023-5,2023-02-04,2023,20,4
5,12,24342,"Higgo, Garrick",2023-12,2023-04-15,2023,48,5
5,6,24342,"Higgo, Garrick",2024-6,2024-01-13,2024,80,6
5,765,24342,"Higgo, Garrick",2024-528,2024-11-16,2024,17,7
5,776,24342,"Higgo, Garrick",2024-493,2024-11-23,2024,53,8
5,5,24342,"Higgo, Garrick",2026-5,2026-02-14,2026,60,9
5,776,8182,"Blixt, Jonas",2021-493,2021-11-20,2021,71,0
5,5,8182,"Blixt, Jonas",2022-5,2022-02-05,2022,42,1
5,765,8182,"Blixt, Jonas",2022-528,2022-10-29,2022,68,2
5,5,8182,"Blixt, Jonas",2023-5,2023-02-04,2023,20,3
5,765,8182,"Blixt, Jonas",2023-548,2023-11-11,2023,82,4
5,6,19364,"Werenski, Richy",2021-6,2021-01-16,2021,74,0
5,12,19364,"Werenski, Richy",2021-12,2021-04-17,2021,66,1
5,776,19364,"Werenski, Richy",2021-493,2021-11-20,2021,71,2
5,6,19364,"Werenski, Richy",2022-6,2022-01-15,2022,66,3
5,12,19364,"Werenski, Richy",2022-12,2022-04-16,2022,71,4
5,765,19364,"Werenski, Richy",2022-528,2022-10-29,2022,23,5
5,6,19364,"Werenski, Richy",2023-6,2023-01-14,2023,77,6
5,5,19364,"Werenski, Richy",2023-5,2023-02-04,2023,20,7
5,12,19364,"Werenski, Richy",2023-12,2023-04-15,2023,74,8
5,765,19364,"Werenski, Richy",2023-548,2023-11-11,2023,69,9
5,776,19364,"Werenski, Richy",2023-549,2023-11-18,2023,79,10
5,765,19364,"Werenski, Richy",2024-528,2024-11-16,2024,42,11
5,6,18635,"Shelton, Robby",2021-6,2021-01-16,2021,25,0
5,12,18635,"Shelton, Robby",2021-12,2021-04-17,2021,66,1
5,765,18635,"Shelton, Robby",2022-528,2022-10-29,2022,23,2
5,776,18635,"Shelton, Robby",2022-493,2022-11-19,2022,10,3
5,6,18635,"Shelton, Robby",2023-6,2023-01-14,2023,77,4
5,5,18635,"Shelton, Robby",2023-5,2023-02-04,2023,20,5
5,776,18635,"Shelton, Robby",2023-549,2023-11-18,2023,79,6
5,6,18635,"Shelton, Robby",2024-6,2024-01-13,2024,57,7
5,765,18635,"Shelton, Robby",2024-528,2024-11-16,2024,17,8
5,776,18635,"Shelton, Robby",2024-493,2024-11-23,2024,17,9
5,6,15634,"Trainer, Martin",2021-6,2021-01-16,2021,47,0
5,5,15634,"Trainer, Martin",2021-5,2021-02-13,2021,68,1
5,12,15634,"Trainer, Martin",2021-12,2021-04-17,2021,66,2
5,765,15634,"Trainer, Martin",2021-528,2021-10-30,2021,76,3
5,6,15634,"Trainer, Martin",2022-6,2022-01-15,2022,66,4
5,12,15634,"Trainer, Martin",2022-12,2022-04-16,2022,71,5
5,765,15634,"Trainer, Martin",2022-528,2022-10-29,2022,68,6
5,776,15634,"Trainer, Martin",2022-493,2022-11-19,2022,54,7
5,5,15634,"Trainer, Martin",2023-5,2023-02-04,2023,20,8
5,765,15634,"Trainer, Martin",2023-548,2023-11-11,2023,81,9
5,776,15634,"Trainer, Martin",2023-549,2023-11-18,2023,79,10
5,6,15634,"Trainer, Martin",2024-6,2024-01-13,2024,74,11
5,765,15634,"Trainer, Martin",2024-528,2024-11-16,2024,76,12
5,776,15634,"Trainer, Martin",2024-493,2024-11-23,2024,52,13
5,6,13531,"Kodaira, Satoshi",2021-6,2021-01-16,2021,56,0
5,5,13531,"Kodaira, Satoshi",2021-5,2021-02-13,2021,68,1
5,12,13531,"Kodaira, Satoshi",2021-12,2021-04-17,2021,66,2
5,6,13531,"Kodaira, Satoshi",2022-6,2022-01-15,2022,12,3
5,5,13531,"Kodaira, Satoshi",2022-5,2022-02-05,2022,33,4
5,12,13531,"Kodaira, Satoshi",2022-12,2022-04-16,2022,71,5
5,5,13531,"Kodaira, Satoshi",2023-5,2023-02-04,2023,29,6
5,12,13531,"Kodaira, Satoshi",2023-12,2023-04-15,2023,74,7
5,765,13531,"Kodaira, Satoshi",2023-548,2023-11-11,2023,13,8
5,776,13531,"Kodaira, Satoshi",2023-549,2023-11-18,2023,75,9
5,6,7881,"Kang, Sung",2021-6,2021-01-16,2021,74,0
5,5,7881,"Kang, Sung",2021-5,2021-02-13,2021,63,1
5,12,7881,"Kang, Sung",2021-12,2021-04-17,2021,65,2
5,776,7881,"Kang, Sung",2021-493,2021-11-20,2021,63,3
5,6,7881,"Kang, Sung",2022-6,2022-01-15,2022,66,4
5,5,7881,"Kang, Sung",2022-5,2022-02-05,2022,42,5
5,12,7881,"Kang, Sung",2022-12,2022-04-16,2022,71,6
5,765,7881,"Kang, Sung",2022-528,2022-10-29,2022,68,7
5,5,7881,"Kang, Sung",2023-5,2023-02-04,2023,29,8
5,765,7881,"Kang, Sung",2023-548,2023-11-11,2023,82,9
5,776,7881,"Kang, Sung",2023-549,2023-11-18,2023,79,10
5,776,7881,"Kang, Sung",2024-493,2024-11-23,2024,69,11
5,6,6252,"Baddeley, Aaron",2021-6,2021-01-16,2021,41,0
5,5,6252,"Baddeley, Aaron",2021-5,2021-02-13,2021,68,1
5,765,6252,"Baddeley, Aaron",2022-528,2022-10-29,2022,6,2
5,776,6252,"Baddeley, Aaron",2022-493,2022-11-19,2022,39,3
5,6,6252,"Baddeley, Aaron",2023-6,2023-01-14,2023,7,4
5,5,6252,"Baddeley, Aaron",2023-5,2023-02-04,2023,37,5
5,776,6252,"Baddeley, Aaron",2023-549,2023-11-18,2023,64,6
5,765,6252,"Baddeley, Aaron",2024-528,2024-11-16,2024,70,7
5,776,6252,"Baddeley, Aaron",2024-493,2024-11-23,2024,69,8
5,6,6252,"Baddeley, Aaron",2025-6,2025-01-11,2025,76,9
5,6,13831,"Knox, Russell",2021-6,2021-01-16,2021,74,0
5,5,13831,"Knox, Russell",2021-5,2021-02-13,2021,7,1
5,12,13831,"Knox, Russell",2021-12,2021-04-17,2021,66,2
5,765,13831,"Knox, Russell",2021-528,2021-10-30,2021,12,3
5,776,13831,"Knox, Russell",2021-493,2021-11-20,2021,40,4
5,6,13831,"Knox, Russell",2022-6,2022-01-15,2022,7,5
5,5,13831,"Knox, Russell",2022-5,2022-02-05,2022,33,6
5,12,13831,"Knox, Russell",2022-12,2022-04-16,2022,71,7
5,765,13831,"Knox, Russell",2022-528,2022-10-29,2022,49,8
5,776,13831,"Knox, Russell",2022-493,2022-11-19,2022,21,9
5,6,13831,"Knox, Russell",2023-6,2023-01-14,2023,67,10
5,5,13831,"Knox, Russell",2023-5,2023-02-04,2023,41,11
5,12,13831,"Knox, Russell",2023-12,2023-04-15,2023,74,12
5,765,13831,"Knox, Russell",2023-548,2023-11-11,2023,76,13
5,776,13831,"Knox, Russell",2023-549,2023-11-18,2023,44,14
5,765,13831,"Knox, Russell",2024-528,2024-11-16,2024,55,15
5,776,13831,"Knox, Russell",2024-493,2024-11-23,2024,60,16
5,5,14424,"Burmester, Dean",2022-5,2022-02-05,2022,64,0
5,776,14424,"Burmester, Dean",2022-493,2022-11-19,2022,54,1
5,5,14424,"Burmester, Dean",2023-5,2023-02-04,2023,41,2
5,765,14002,"Alexander, Tyson",2022-528,2022-10-29,2022,44,0
5,776,14002,"Alexander, Tyson",2022-493,2022-11-19,2022,62,1
5,6,14002,"Alexander, Tyson",2023-6,2023-01-14,2023,32,2
5,5,14002,"Alexander, Tyson",2023-5,2023-02-04,2023,48,3
5,765,14002,"Alexander, Tyson",2023-548,2023-11-11,2023,8,4
5,776,14002,"Alexander, Tyson",2023-549,2023-11-18,2023,79,5
5,765,14002,"Alexander, Tyson",2024-528,2024-11-16,2024,47,6
5,776,14002,"Alexander, Tyson",2024-493,2024-11-23,2024,66,7
5,6,5768,"Hoffman, Charley",2021-6,2021-01-16,2021,14,0
5,5,5768,"Hoffman, Charley",2021-5,2021-02-13,2021,7,1
5,12,5768,"Hoffman, Charley",2021-12,2021-04-17,2021,18,2
5,12,5768,"Hoffman, Charley",2022-12,2022-04-16,2022,71,3
5,765,5768,"Hoffman, Charley",2022-528,2022-10-29,2022,29,4
5,5,5768,"Hoffman, Charley",2023-5,2023-02-04,2023,48,5
5,765,5768,"Hoffman, Charley",2023-548,2023-11-11,2023,45,6
5,776,5768,"Hoffman, Charley",2023-549,2023-11-18,2023,13,7
5,6,5768,"Hoffman, Charley",2024-6,2024-01-13,2024,42,8
5,6,5768,"Hoffman, Charley",2025-6,2025-01-11,2025,59,9
5,5,15473,"Long, Adam",2021-5,2021-02-13,2021,68,0
5,12,15473,"Long, Adam",2021-12,2021-04-17,2021,66,1
5,776,15473,"Long, Adam",2021-493,2021-11-20,2021,16,2
5,6,15473,"Long, Adam",2022-6,2022-01-15,2022,66,3
5,12,15473,"Long, Adam",2022-12,2022-04-16,2022,12,4
5,765,15473,"Long, Adam",2022-528,2022-10-29,2022,44,5
5,6,15473,"Long, Adam",2023-6,2023-01-14,2023,48,6
5,5,15473,"Long, Adam",2023-5,2023-02-04,2023,48,7
5,12,15473,"Long, Adam",2023-12,2023-04-15,2023,59,8
5,765,15473,"Long, Adam",2023-548,2023-11-11,2023,13,9
5,776,15473,"Long, Adam",2024-493,2024-11-23,2024,69,10
5,6,17068,"Daffue, MJ",2021-6,2021-01-16,2021,74,0
5,765,17068,"Daffue, MJ",2022-528,2022-10-29,2022,29,1
5,776,17068,"Daffue, MJ",2022-493,2022-11-19,2022,69,2
5,6,17068,"Daffue, MJ",2023-6,2023-01-14,2023,54,3
5,5,17068,"Daffue, MJ",2023-5,2023-02-04,2023,48,4
5,765,17068,"Daffue, MJ",2023-548,2023-11-11,2023,82,5
5,776,17068,"Daffue, MJ",2023-549,2023-11-18,2023,79,6
5,776,17068,"Daffue, MJ",2024-493,2024-11-23,2024,69,7
5,765,16796,"Nunez, Augusto",2022-528,2022-10-29,2022,67,0
5,776,16796,"Nunez, Augusto",2022-493,2022-11-19,2022,70,1
5,6,16796,"Nunez, Augusto",2023-6,2023-01-14,2023,41,2
5,5,16796,"Nunez, Augusto",2023-5,2023-02-04,2023,48,3
5,765,16796,"Nunez, Augusto",2023-548,2023-11-11,2023,63,4
5,765,10877,"Goya, Tano",2022-528,2022-10-29,2022,44,0
5,6,10877,"Goya, Tano",2023-6,2023-01-14,2023,77,1
5,5,10877,"Goya, Tano",2023-5,2023-02-04,2023,55,2
5,765,10877,"Goya, Tano",2023-548,2023-11-11,2023,82,3
5,776,10877,"Goya, Tano",2023-549,2023-11-18,2023,19,4
5,776,16039,"Haley II, Paul",2022-493,2022-11-19,2022,29,0
5,6,16039,"Haley II, Paul",2023-6,2023-01-14,2023,77,1
5,5,16039,"Haley II, Paul",2023-5,2023-02-04,2023,58,2
5,765,16039,"Haley II, Paul",2023-548,2023-11-11,2023,82,3
5,776,16039,"Haley II, Paul",2023-549,2023-11-18,2023,79,4
5,765,14815,"Lingmerth, David",2021-528,2021-10-30,2021,57,0
5,765,14815,"Lingmerth, David",2022-528,2022-10-29,2022,11,1
5,776,14815,"Lingmerth, David",2022-493,2022-11-19,2022,10,2
5,6,14815,"Lingmerth, David",2023-6,2023-01-14,2023,77,3
5,5,14815,"Lingmerth, David",2023-5,2023-02-04,2023,58,4
5,765,14815,"Lingmerth, David",2023-548,2023-11-11,2023,76,5
5,6,14815,"Lingmerth, David",2024-6,2024-01-13,2024,81,6
5,6,8469,"Armour, Ryan",2021-6,2021-01-16,2021,32,0
5,5,8469,"Armour, Ryan",2021-5,2021-02-13,2021,47,1
5,12,8469,"Armour, Ryan",2021-12,2021-04-17,2021,66,2
5,765,8469,"Armour, Ryan",2021-528,2021-10-30,2021,67,3
5,6,8469,"Armour, Ryan",2022-6,2022-01-15,2022,20,4
5,5,8469,"Armour, Ryan",2022-5,2022-02-05,2022,28,5
5,765,8469,"Armour, Ryan",2022-528,2022-10-29,2022,68,6
5,776,8469,"Armour, Ryan",2022-493,2022-11-19,2022,46,7
5,6,8469,"Armour, Ryan",2023-6,2023-01-14,2023,77,8
5,5,8469,"Armour, Ryan",2023-5,2023-02-04,2023,58,9
5,765,8469,"Armour, Ryan",2023-548,2023-11-11,2023,53,10
5,765,28558,"Werbylo, Trevor",2022-528,2022-10-29,2022,59,0
5,776,28558,"Werbylo, Trevor",2022-493,2022-11-19,2022,70,1
5,6,28558,"Werbylo, Trevor",2023-6,2023-01-14,2023,77,2
5,5,28558,"Werbylo, Trevor",2023-5,2023-02-04,2023,58,3
5,765,28558,"Werbylo, Trevor",2023-548,2023-11-11,2023,82,4
5,776,28558,"Werbylo, Trevor",2023-549,2023-11-18,2023,79,5
5,6,8571,"Gomez, Fabian",2021-6,2021-01-16,2021,74,0
5,5,8571,"Gomez, Fabian",2021-5,2021-02-13,2021,68,1
5,765,8571,"Gomez, Fabian",2021-528,2021-10-30,2021,76,2
5,765,8571,"Gomez, Fabian",2022-528,2022-10-29,2022,17,3
5,5,8571,"Gomez, Fabian",2023-5,2023-02-04,2023,65,4
5,765,8571,"Gomez, Fabian",2023-548,2023-11-11,2023,82,5
5,5,7626,"O'Hair, Sean",2021-5,2021-02-13,2021,68,0
5,765,7626,"O'Hair, Sean",2021-528,2021-10-30,2021,22,1
5,5,7626,"O'Hair, Sean",2022-5,2022-02-05,2022,16,2
5,765,7626,"O'Hair, Sean",2022-528,2022-10-29,2022,11,3
5,5,7626,"O'Hair, Sean",2023-5,2023-02-04,2023,65,4
5,765,7626,"O'Hair, Sean",2023-548,2023-11-11,2023,37,5
5,776,7626,"O'Hair, Sean",2023-549,2023-11-18,2023,79,6
5,765,7626,"O'Hair, Sean",2024-528,2024-11-16,2024,76,7
5,6,20519,"Tarren, Callum",2022-6,2022-01-15,2022,66,0
5,765,20519,"Tarren, Callum",2022-528,2022-10-29,2022,68,1
5,776,20519,"Tarren, Callum",2022-493,2022-11-19,2022,2,2
5,5,20519,"Tarren, Callum",2023-5,2023-02-04,2023,65,3
5,12,20519,"Tarren, Callum",2023-12,2023-04-15,2023,74,4
5,776,20519,"Tarren, Callum",2023-549,2023-11-18,2023,79,5
5,6,20519,"Tarren, Callum",2024-6,2024-01-13,2024,81,6
5,765,20519,"Tarren, Callum",2024-528,2024-11-16,2024,37,7
5,776,20519,"Tarren, Callum",2024-493,2024-11-23,2024,49,8
5,765,11117,"Noh, Seung-Yul",2021-528,2021-10-30,2021,30,0
5,5,11117,"Noh, Seung-Yul",2022-5,2022-02-05,2022,42,1
5,765,11117,"Noh, Seung-Yul",2022-528,2022-10-29,2022,35,2
5,776,11117,"Noh, Seung-Yul",2022-493,2022-11-19,2022,15,3
5,5,11117,"Noh, S.Y.",2023-5,2023-02-04,2023,65,4
5,765,11117,"Noh, S.Y.",2023-548,2023-11-11,2023,72,5
5,765,11117,"Noh, S.Y.",2024-528,2024-11-16,2024,62,6
5,776,11117,"Noh, S.Y.",2024-493,2024-11-23,2024,30,7
5,765,17508,"Gribble, Cody",2022-528,2022-10-29,2022,68,0
5,5,17508,"Gribble, Cody",2023-5,2023-02-04,2023,70,1
5,765,17508,"Gribble, Cody",2023-548,2023-11-11,2023,45,2
5,776,17508,"Gribble, Cody",2023-549,2023-11-18,2023,53,3
5,765,17508,"Gribble, Cody",2024-528,2024-11-16,2024,73,4
5,776,17508,"Gribble, Cody",2024-493,2024-11-23,2024,69,5
5,765,5625,"Chalmers, Greg",2021-528,2021-10-30,2021,76,0
5,765,5625,"Chalmers, Greg",2022-528,2022-10-29,2022,65,1
5,5,5625,"Chalmers, Greg",2023-5,2023-02-04,2023,70,2
5,765,5625,"Chalmers, Greg",2023-548,2023-11-11,2023,82,3
5,776,5625,"Chalmers, Greg",2023-549,2023-11-18,2023,79,4
5,6,13022,"Stuard, Brian",2021-6,2021-01-16,2021,47,0
5,5,13022,"Stuard, Brian",2021-5,2021-02-13,2021,16,1
5,12,13022,"Stuard, Brian",2021-12,2021-04-17,2021,18,2
5,765,13022,"Stuard, Brian",2021-528,2021-10-30,2021,76,3
5,776,13022,"Stuard, Brian",2021-493,2021-11-20,2021,71,4
5,6,13022,"Stuard, Brian",2022-6,2022-01-15,2022,66,5
5,5,13022,"Stuard, Brian",2022-5,2022-02-05,2022,60,6
5,12,13022,"Stuard, Brian",2022-12,2022-04-16,2022,69,7
5,765,13022,"Stuard, Brian",2022-528,2022-10-29,2022,54,8
5,6,13022,"Stuard, Brian",2023-6,2023-01-14,2023,65,9
5,5,13022,"Stuard, Brian",2023-5,2023-02-04,2023,70,10
5,765,13022,"Stuard, Brian",2023-548,2023-11-11,2023,37,11
5,776,13022,"Stuard, Brian",2023-549,2023-11-18,2023,79,12
5,5,5698,"Ogilvy, Geoff",2023-5,2023-02-04,2023,74,0
5,5,23707,"O'Hara, Paul",2023-5,2023-02-04,2023,75,0
5,5,6950,"Siem, Marcel",2023-5,2023-02-04,2023,76,0
5,5,13305,"Chappell, Kevin",2021-5,2021-02-13,2021,68,0
5,6,13305,"Chappell, Kevin",2022-6,2022-01-15,2022,55,1
5,5,13305,"Chappell, Kevin",2022-5,2022-02-05,2022,64,2
5,765,13305,"Chappell, Kevin",2022-528,2022-10-29,2022,68,3
5,5,13305,"Chappell, Kevin",2023-5,2023-02-04,2023,76,4
5,765,13305,"Chappell, Kevin",2023-548,2023-11-11,2023,45,5
5,776,13305,"Chappell, Kevin",2023-549,2023-11-18,2023,79,6
5,765,13305,"Chappell, Kevin",2024-528,2024-11-16,2024,47,7
5,776,13305,"Chappell, Kevin",2024-493,2024-11-23,2024,53,8
5,765,9604,"Stroud, Chris",2021-528,2021-10-30,2021,76,0
5,776,9604,"Stroud, Chris",2021-493,2021-11-20,2021,71,1
5,5,9604,"Stroud, Chris",2022-5,2022-02-05,2022,49,2
5,765,9604,"Stroud, Chris",2022-528,2022-10-29,2022,68,3
5,776,9604,"Stroud, Chris",2022-493,2022-11-19,2022,5,4
5,5,9604,"Stroud, Chris",2023-5,2023-02-04,2023,76,5
5,765,9604,"Stroud, Chris",2023-548,2023-11-11,2023,82,6
5,776,9604,"Stroud, Chris",2023-549,2023-11-18,2023,79,7
5,776,17266,"Yuan, Carl",2021-493,2021-11-20,2021,71,0
5,776,17266,"Yuan, Carl",2022-493,2022-11-19,2022,39,1
5,6,17266,"Yuan, Carl",2023-6,2023-01-14,2023,21,2
5,5,17266,"Yuan, Carl",2023-5,2023-02-04,2023,76,3
5,765,17266,"Yuan, Carl",2023-548,2023-11-11,2023,4,4
5,776,17266,"Yuan, Carl",2023-549,2023-11-18,2023,68,5
5,6,17266,"Yuan, Carl",2024-6,2024-01-13,2024,4,6
5,765,17266,"Yuan, Carl",2024-528,2024-11-16,2024,29,7
5,776,17266,"Yuan, Carl",2024-493,2024-11-23,2024,69,8
5,12,14967,"Hadley, Chesson",2021-12,2021-04-17,2021,66,0
5,6,14967,"Hadley, Chesson",2022-6,2022-01-15,2022,66,1
5,12,14967,"Hadley, Chesson",2022-12,2022-04-16,2022,71,2
5,765,14967,"Hadley, Chesson",2022-528,2022-10-29,2022,17,3
5,6,14967,"Hadley, Chesson",2023-6,2023-01-14,2023,77,4
5,5,14967,"Hadley, Chesson",2023-5,2023-02-04,2023,76,5
5,12,14967,"Hadley, Chesson",2023-12,2023-04-15,2023,74,6
5,776,14967,"Hadley, Chesson",2023-549,2023-11-18,2023,38,7
5,6,8769,"Potter, Jr., Ted",2021-6,2021-01-16,2021,74,0
5,5,8769,"Potter, Jr., Ted",2021-5,2021-02-13,2021,68,1
5,12,8769,"Potter, Jr., Ted",2021-12,2021-04-17,2021,66,2
5,765,8769,"Potter, Jr., Ted",2021-528,2021-10-30,2021,76,3
5,5,8769,"Potter, Jr., Ted",2023-5,2023-02-04,2023,76,4
5,765,8769,"Potter, Jr., Ted",2023-548,2023-11-11,2023,65,5
5,765,22535,"Norrman, Vincent",2022-528,2022-10-29,2022,68,0
5,776,22535,"Norrman, Vincent",2022-493,2022-11-19,2022,70,1
5,6,22535,"Norrman, Vincent",2023-6,2023-01-14,2023,77,2
5,5,22535,"Norrman, Vincent",2023-5,2023-02-04,2023,76,3
5,6,22535,"Norrman, Vincent",2024-6,2024-01-13,2024,81,4
5,6,22535,"Norrman, Vincent",2025-6,2025-01-11,2025,37,5
5,6,12477,"McGirt, William",2021-6,2021-01-16,2021,74,0
5,12,12477,"McGirt, William",2021-12,2021-04-17,2021,66,1
5,776,12477,"McGirt, William",2021-493,2021-11-20,2021,51,2
5,6,12477,"McGirt, William",2022-6,2022-01-15,2022,66,3
5,12,12477,"McGirt, William",2022-12,2022-04-16,2022,71,4
5,765,12477,"McGirt, William",2022-528,2022-10-29,2022,68,5
5,5,12477,"McGirt, William",2023-5,2023-02-04,2023,76,6
5,765,12477,"McGirt, William",2023-548,2023-11-11,2023,59,7
5,776,12477,"McGirt, William",2023-549,2023-11-18,2023,28,8
5,765,12477,"McGirt, William",2024-528,2024-11-16,2024,37,9
5,776,12477,"McGirt, William",2024-493,2024-11-23,2024,60,10
5,765,6761,"Points, D.A.",2021-528,2021-10-30,2021,67,0
5,5,6761,"Points, D.A.",2022-5,2022-02-05,2022,64,1
5,765,6761,"Points, D.A.",2022-528,2022-10-29,2022,68,2
5,5,6761,"Points, D.A.",2023-5,2023-02-04,2023,76,3
5,765,6761,"Points, D.A.",2023-548,2023-11-11,2023,20,4
5,765,6761,"Points, D.A.",2024-528,2024-11-16,2024,76,5
5,5,30654,"Porter, Charles",2023-5,2023-02-04,2023,76,0
5,5,28433,"Reband, Garett",2023-5,2023-02-04,2023,76,0
5,6,6762,"Perez, Pat",2021-6,2021-01-16,2021,32,0
5,5,6762,"Perez, Pat",2021-5,2021-02-13,2021,26,1
5,12,6762,"Perez, Pat",2021-12,2021-04-17,2021,66,2
5,5,6762,"Perez, Pat",2022-5,2022-02-05,2022,9,3
5,12,6762,"Perez, Pat",2022-12,2022-04-16,2022,51,4
5,765,6789,"Garrigus, Robert",2021-528,2021-10-30,2021,46,0
5,5,6789,"Garrigus, Robert",2022-5,2022-02-05,2022,16,1
5,765,6789,"Garrigus, Robert",2022-528,2022-10-29,2022,68,2
5,765,6789,"Garrigus, Robert",2023-548,2023-11-11,2023,27,3
5,6,6457,"Van Pelt, Bo",2021-6,2021-01-16,2021,74,0
5,5,6457,"Van Pelt, Bo",2021-5,2021-02-13,2021,68,1
5,12,6457,"Van Pelt, Bo",2021-12,2021-04-17,2021,66,2
5,6,6457,"Van Pelt, Bo",2022-6,2022-01-15,2022,66,3
5,5,6457,"Van Pelt, Bo",2022-5,2022-02-05,2022,24,4
5,765,6457,"Van Pelt, Bo",2022-528,2022-10-29,2022,68,5
5,765,6457,"Van Pelt, Bo",2023-548,2023-11-11,2023,82,6
5,6,10943,"Lashley, Nate",2021-6,2021-01-16,2021,74,0
5,5,10943,"Lashley, Nate",2021-5,2021-02-13,2021,5,1
5,776,10943,"Lashley, Nate",2021-493,2021-11-20,2021,51,2
5,6,10943,"Lashley, Nate",2022-6,2022-01-15,2022,66,3
5,5,10943,"Lashley, Nate",2022-5,2022-02-05,2022,28,4
5,12,10943,"Lashley, Nate",2022-12,2022-04-16,2022,71,5
5,765,10943,"Lashley, Nate",2022-528,2022-10-29,2022,35,6
5,776,10943,"Lashley, Nate",2022-493,2022-11-19,2022,70,7
5,6,10943,"Lashley, Nate",2023-6,2023-01-14,2023,7,8
5,12,10943,"Lashley, Nate",2023-12,2023-04-15,2023,31,9
5,6,10943,"Lashley, Nate",2024-6,2024-01-13,2024,81,10
5,765,10943,"Lashley, Nate",2024-528,2024-11-16,2024,76,11
5,6,10943,"Lashley, Nate",2025-6,2025-01-11,2025,37,12
5,6,15852,"Kraft, Kelly",2022-6,2022-01-15,2022,66,0
5,5,15852,"Kraft, Kelly",2022-5,2022-02-05,2022,28,1
5,776,15852,"Kraft, Kelly",2022-493,2022-11-19,2022,70,2
5,6,15852,"Kraft, Kelly",2023-6,2023-01-14,2023,61,3
5,12,15852,"Kraft, Kelly",2023-12,2023-04-15,2023,74,4
5,765,15852,"Kraft, Kelly",2023-548,2023-11-11,2023,53,5
5,776,15852,"Kraft, Kelly",2023-549,2023-11-18,2023,19,6
5,765,15852,"Kraft, Kelly",2024-528,2024-11-16,2024,76,7
5,776,15852,"Kraft, Kelly",2024-493,2024-11-23,2024,30,8
5,6,6930,"Taylor, Vaughn",2021-6,2021-01-16,2021,25,0
5,5,6930,"Taylor, Vaughn",2021-5,2021-02-13,2021,21,1
5,12,6930,"Taylor, Vaughn",2021-12,2021-04-17,2021,66,2
5,765,6930,"Taylor, Vaughn",2021-528,2021-10-30,2021,76,3
5,776,6930,"Taylor, Vaughn",2021-493,2021-11-20,2021,71,4
5,6,6930,"Taylor, Vaughn",2022-6,2022-01-15,2022,42,5
5,5,6930,"Taylor, Vaughn",2022-5,2022-02-05,2022,28,6
5,765,6930,"Taylor, Vaughn",2022-528,2022-10-29,2022,68,7
5,776,6930,"Taylor, Vaughn",2022-493,2022-11-19,2022,70,8
5,6,7293,"Walker, Jimmy",2021-6,2021-01-16,2021,74,0
5,5,7293,"Walker, Jimmy",2021-5,2021-02-13,2021,68,1
5,6,7293,"Walker, Jimmy",2022-6,2022-01-15,2022,65,2
5,5,7293,"Walker, Jimmy",2022-5,2022-02-05,2022,33,3
5,6,7293,"Walker, Jimmy",2023-6,2023-01-14,2023,77,4
5,12,7293,"Walker, Jimmy",2023-12,2023-04-15,2023,25,5
5,765,7293,"Walker, Jimmy",2023-548,2023-11-11,2023,82,6
5,765,19643,"Reeves, Seth",2021-528,2021-10-30,2021,57,0
5,776,19643,"Reeves, Seth",2021-493,2021-11-20,2021,71,1
5,6,19643,"Reeves, Seth",2022-6,2022-01-15,2022,66,2
5,5,19643,"Reeves, Seth",2022-5,2022-02-05,2022,33,3
5,5,4163,"Donald, Luke",2021-5,2021-02-13,2021,68,0
5,12,4163,"Donald, Luke",2021-12,2021-04-17,2021,66,1
5,765,4163,"Donald, Luke",2021-528,2021-10-30,2021,46,2
5,776,4163,"Donald, Luke",2021-493,2021-11-20,2021,71,3
5,6,4163,"Donald, Luke",2022-6,2022-01-15,2022,27,4
5,5,4163,"Donald, Luke",2022-5,2022-02-05,2022,42,5
5,12,4163,"Donald, Luke",2022-12,2022-04-16,2022,56,6
5,765,4163,"Donald, Luke",2022-528,2022-10-29,2022,68,7
5,12,4163,"Donald, Luke",2023-12,2023-04-15,2023,67,8
5,765,19395,"Thompson, Curtis",2021-528,2021-10-30,2021,7,0
5,776,19395,"Thompson, Curtis",2021-493,2021-11-20,2021,71,1
5,6,19395,"Thompson, Curtis",2022-6,2022-01-15,2022,66,2
5,5,19395,"Thompson, Curtis",2022-5,2022-02-05,2022,49,3
5,776,19395,"Thompson, Curtis",2023-549,2023-11-18,2023,75,4
5,5,11569,"Baldwin, Mark",2022-5,2022-02-05,2022,49,0
5,765,15016,"Schwab, Matthias",2021-528,2021-10-30,2021,51,0
5,776,15016,"Schwab, Matthias",2021-493,2021-11-20,2021,22,1
5,5,15016,"Schwab, Matthias",2022-5,2022-02-05,2022,49,2
5,12,15016,"Schwab, Matthias",2022-12,2022-04-16,2022,59,3
5,765,15016,"Schwab, Matthias",2022-528,2022-10-29,2022,68,4
5,776,15016,"Schwab, Matthias",2022-493,2022-11-19,2022,62,5
5,6,15016,"Schwab, Matthias",2023-6,2023-01-14,2023,77,6
5,12,15016,"Schwab, Matthias",2023-12,2023-04-15,2023,74,7
5,765,15016,"Schwab, Matthias",2023-548,2023-11-11,2023,53,8
5,776,15016,"Schwab, Matthias",2023-549,2023-11-18,2023,79,9
5,5,7927,"Wagner, Johnson",2021-5,2021-02-13,2021,68,0
5,765,7927,"Wagner, Johnson",2021-528,2021-10-30,2021,51,1
5,5,7927,"Wagner, Johnson",2022-5,2022-02-05,2022,60,2
5,765,7927,"Wagner, Johnson",2022-528,2022-10-29,2022,68,3
5,765,12321,"Aphibarnrat, Kiradech",2021-528,2021-10-30,2021,39,0
5,776,12321,"Aphibarnrat, Kiradech",2021-493,2021-11-20,2021,70,1
5,5,12321,"Aphibarnrat, Kiradech",2022-5,2022-02-05,2022,64,2
5,5,15427,"Harkins, Brandon",2022-5,2022-02-05,2022,64,0
5,5,11357,"Uihlein, Peter",2021-5,2021-02-13,2021,60,0
5,765,11357,"Uihlein, Peter",2021-528,2021-10-30,2021,34,1
5,776,11357,"Uihlein, Peter",2021-493,2021-11-20,2021,71,2
5,5,11357,"Uihlein, Peter",2022-5,2022-02-05,2022,64,3
5,6,3464,"Love III, Davis",2021-6,2021-01-16,2021,74,0
5,12,3464,"Love III, Davis",2021-12,2021-04-17,2021,66,1
5,776,3464,"Love III, Davis",2021-493,2021-11-20,2021,68,2
5,5,3464,"Love III, Davis",2022-5,2022-02-05,2022,64,3
5,12,3464,"Love III, Davis",2022-12,2022-04-16,2022,71,4
5,12,3464,"Love III, Davis",2023-12,2023-04-15,2023,74,5
5,776,3464,"Love III, Davis",2023-549,2023-11-18,2023,79,6
5,5,14013,"Tringale, Cameron",2021-5,2021-02-13,2021,7,0
5,5,14013,"Tringale, Cameron",2022-5,2022-02-05,2022,64,1
5,12,14013,"Tringale, Cameron",2022-12,2022-04-16,2022,12,2
5,6,12069,"Stanley, Kyle",2021-6,2021-01-16,2021,74,0
5,5,12069,"Stanley, Kyle",2021-5,2021-02-13,2021,39,1
5,12,12069,"Stanley, Kyle",2021-12,2021-04-17,2021,66,2
5,776,12069,"Stanley, Kyle",2021-493,2021-11-20,2021,69,3
5,6,12069,"Stanley, Kyle",2022-6,2022-01-15,2022,27,4
5,5,12069,"Stanley, Kyle",2022-5,2022-02-05,2022,64,5
5,6,12069,"Stanley, Kyle",2023-6,2023-01-14,2023,77,6
5,765,12069,"Stanley, Kyle",2023-548,2023-11-11,2023,30,7
5,765,7602,"Stadler, Kevin",2021-528,2021-10-30,2021,76,0
5,5,7602,"Stadler, Kevin",2022-5,2022-02-05,2022,64,1
5,765,7602,"Stadler, Kevin",2023-548,2023-11-11,2023,76,2
5,765,1805,"Johnson, Richard",2021-528,2021-10-30,2021,76,0
5,5,1805,"Johnson, Richard S.",2022-5,2022-02-05,2022,64,1
5,765,1805,"Johnson, Richard S.",2023-548,2023-11-11,2023,82,2
5,6,7900,"Haas, Bill",2021-6,2021-01-16,2021,74,0
5,12,7900,"Haas, Bill",2021-12,2021-04-17,2021,66,1
5,776,7900,"Haas, Bill",2021-493,2021-11-20,2021,47,2
5,6,7900,"Haas, Bill",2022-6,2022-01-15,2022,66,3
5,5,7900,"Haas, Bill",2022-5,2022-02-05,2022,64,4
5,12,7900,"Haas, Bill",2022-12,2022-04-16,2022,59,5
5,765,7900,"Haas, Bill",2022-528,2022-10-29,2022,68,6
5,776,7900,"Haas, Bill",2022-493,2022-11-19,2022,70,7
5,765,7900,"Haas, Bill",2024-528,2024-11-16,2024,76,8
5,776,7900,"Haas, Bill",2024-493,2024-11-23,2024,69,9
5,6,18695,"Hagy, Brandon",2021-6,2021-01-16,2021,74,0
5,12,18695,"Hagy, Brandon",2021-12,2021-04-17,2021,66,1
5,765,18695,"Hagy, Brandon",2021-528,2021-10-30,2021,51,2
5,5,18695,"Hagy, Brandon",2022-5,2022-02-05,2022,64,3
5,5,7108,"Casey, Paul",2021-5,2021-02-13,2021,5,0
5,12,7108,"Casey, Paul",2021-12,2021-04-17,2021,66,1
5,5,15164,"Lewis, Tom",2021-5,2021-02-13,2021,14,0
5,12,15164,"Lewis, Tom",2021-12,2021-04-17,2021,25,1
5,6,2881,"Furyk, Jim",2021-6,2021-01-16,2021,47,0
5,5,2881,"Furyk, Jim",2021-5,2021-02-13,2021,21,1
5,12,2881,"Furyk, Jim",2021-12,2021-04-17,2021,66,2
5,6,2881,"Furyk, Jim",2022-6,2022-01-15,2022,42,3
5,12,2881,"Furyk, Jim",2022-12,2022-04-16,2022,71,4
5,12,2881,"Furyk, Jim",2023-12,2023-04-15,2023,74,5
5,5,5874,"Percy, Cameron",2021-5,2021-02-13,2021,21,0
5,765,5874,"Percy, Cameron",2021-528,2021-10-30,2021,76,1
5,6,5874,"Percy, Cameron",2022-6,2022-01-15,2022,66,2
5,765,5874,"Percy, Cameron",2022-528,2022-10-29,2022,35,3
5,776,5874,"Percy, Cameron",2022-493,2022-11-19,2022,70,4
5,765,5874,"Percy, Cameron",2023-548,2023-11-11,2023,72,5
5,776,5874,"Percy, Cameron",2023-549,2023-11-18,2023,77,6
5,5,7301,"Dufner, Jason",2021-5,2021-02-13,2021,26,0
5,12,7301,"Dufner, Jason",2021-12,2021-04-17,2021,66,1
5,765,7301,"Dufner, Jason",2021-528,2021-10-30,2021,76,2
5,776,7301,"Dufner, Jason",2022-493,2022-11-19,2022,70,3
5,12,7301,"Dufner, Jason",2023-12,2023-04-15,2023,74,4
5,765,7301,"Dufner, Jason",2023-548,2023-11-11,2023,82,5
5,6,7097,"Wilkinson, Tim",2021-6,2021-01-16,2021,74,0
5,5,7097,"Wilkinson, Tim",2021-5,2021-02-13,2021,30,1
5,776,7097,"Wilkinson, Tim",2024-493,2024-11-23,2024,69,2
5,6,11330,"Brown, Scott",2021-6,2021-01-16,2021,47,0
5,5,11330,"Brown, Scott",2021-5,2021-02-13,2021,30,1
5,12,11330,"Brown, Scott",2021-12,2021-04-17,2021,66,2
5,765,11330,"Brown, Scott",2021-528,2021-10-30,2021,39,3
5,12,11330,"Brown, Scott",2022-12,2022-04-16,2022,71,4
5,765,11330,"Brown, Scott",2022-528,2022-10-29,2022,62,5
5,776,11330,"Brown, Scott",2022-493,2022-11-19,2022,70,6
5,765,11330,"Brown, Scott",2023-548,2023-11-11,2023,82,7
5,6,12946,"Thompson, Michael",2021-6,2021-01-16,2021,25,0
5,5,12946,"Thompson, Michael",2021-5,2021-02-13,2021,34,1
5,12,12946,"Thompson, Michael",2021-12,2021-04-17,2021,42,2
5,776,12946,"Thompson, Michael",2021-493,2021-11-20,2021,57,3
5,6,12946,"Thompson, Michael",2022-6,2022-01-15,2022,5,4
5,12,12946,"Thompson, Michael",2022-12,2022-04-16,2022,71,5
5,6,12946,"Thompson, Michael",2023-6,2023-01-14,2023,32,6
5,12,12946,"Thompson, Michael",2023-12,2023-04-15,2023,29,7
5,6,11952,"Grace, Branden",2021-6,2021-01-16,2021,74,0
5,5,11952,"Grace, Branden",2021-5,2021-02-13,2021,34,1
5,12,11952,"Grace, Branden",2021-12,2021-04-17,2021,42,2
5,776,11952,"Grace, Branden",2021-493,2021-11-20,2021,71,3
5,6,11952,"Grace, Branden",2022-6,2022-01-15,2022,66,4
5,12,11952,"Grace, Branden",2022-12,2022-04-16,2022,35,5
5,6,11019,"Steele, Brendan",2021-6,2021-01-16,2021,4,0
5,5,11019,"Steele, Brendan",2021-5,2021-02-13,2021,34,1
5,776,11019,"Steele, Brendan",2021-493,2021-11-20,2021,51,2
5,6,11019,"Steele, Brendan",2022-6,2022-01-15,2022,66,3
5,6,11019,"Steele, Brendan",2023-6,2023-01-14,2023,48,4
5,6,5951,"Gay, Brian",2021-6,2021-01-16,2021,72,0
5,5,5951,"Gay, Brian",2021-5,2021-02-13,2021,34,1
5,12,5951,"Gay, Brian",2021-12,2021-04-17,2021,66,2
5,765,5951,"Gay, Brian",2021-528,2021-10-30,2021,12,3
5,776,5951,"Gay, Brian",2021-493,2021-11-20,2021,40,4
5,6,5951,"Gay, Brian",2022-6,2022-01-15,2022,66,5
5,12,5951,"Gay, Brian",2022-12,2022-04-16,2022,51,6
5,765,5951,"Gay, Brian",2022-528,2022-10-29,2022,11,7
5,776,5951,"Gay, Brian",2022-493,2022-11-19,2022,70,8
5,12,5951,"Gay, Brian",2023-12,2023-04-15,2023,74,9
5,765,5951,"Gay, Brian",2023-548,2023-11-11,2023,37,10
5,776,5951,"Gay, Brian",2023-549,2023-11-18,2023,38,11
5,6,8605,"Jones, Matt",2021-6,2021-01-16,2021,11,0
5,5,8605,"Jones, Matt",2021-5,2021-02-13,2021,34,1
5,6,8605,"Jones, Matt",2022-6,2022-01-15,2022,66,2
5,6,8002,"Oppenheim, Rob",2021-6,2021-01-16,2021,74,0
5,5,8002,"Oppenheim, Rob",2021-5,2021-02-13,2021,39,1
5,5,5207,"Senden, John",2021-5,2021-02-13,2021,39,0
5,765,5207,"Senden, John",2021-528,2021-10-30,2021,67,1
5,6,11082,"Burgoon, Bronson",2021-6,2021-01-16,2021,74,0
5,5,11082,"Burgoon, Bronson",2021-5,2021-02-13,2021,47,1
5,5,8085,"Teater, Josh",2021-5,2021-02-13,2021,50,0
5,6,8085,"Teater, Josh",2024-6,2024-01-13,2024,81,1
5,765,8085,"Teater, Josh",2024-528,2024-11-16,2024,76,2
5,776,8085,"Teater, Josh",2024-493,2024-11-23,2024,69,3
5,6,19948,"Taylor, Ben",2021-6,2021-01-16,2021,74,0
5,5,19948,"Taylor, Ben",2021-5,2021-02-13,2021,50,1
5,765,19948,"Taylor, Ben",2022-528,2022-10-29,2022,57,2
5,776,19948,"Taylor, Ben",2022-493,2022-11-19,2022,21,3
5,6,19948,"Taylor, Ben",2023-6,2023-01-14,2023,4,4
5,12,19948,"Taylor, Ben",2023-12,2023-04-15,2023,74,5
5,6,19948,"Taylor, Ben",2024-6,2024-01-13,2024,81,6
5,765,19948,"Taylor, Ben",2024-528,2024-11-16,2024,47,7
5,776,19948,"Taylor, Ben",2024-493,2024-11-23,2024,69,8
5,5,14776,"Cappelen, Sebastian",2021-5,2021-02-13,2021,55,0
5,5,14036,"Sucher, Zack",2021-5,2021-02-13,2021,60,0
5,6,15475,"Pan, C.T.",2021-6,2021-01-16,2021,74,0
5,5,15475,"Pan, C.T.",2021-5,2021-02-13,2021,65,1
5,12,15475,"Pan, C.T.",2021-12,2021-04-17,2021,66,2
5,12,15475,"Pan, C.T.",2022-12,2022-04-16,2022,42,3
5,765,15475,"Pan, C.T.",2022-528,2022-10-29,2022,44,4
5,12,15475,"Pan, C.T.",2023-12,2023-04-15,2023,74,5
5,765,15475,"Pan, C.T.",2023-548,2023-11-11,2023,82,6
5,6,15475,"Pan, C.T.",2024-6,2024-01-13,2024,81,7
5,6,15475,"Pan, C.T.",2025-6,2025-01-11,2025,21,8
5,5,8479,"Harrington, Scott",2021-5,2021-02-13,2021,66,0
5,12,8479,"Harrington, Scott",2021-12,2021-04-17,2021,42,1
5,765,8479,"Harrington, Scott",2022-528,2022-10-29,2022,29,2
5,6,8479,"Harrington, Scott",2023-6,2023-01-14,2023,77,3
5,765,8479,"Harrington, Scott",2023-548,2023-11-11,2023,82,4
5,5,15720,"Roach, Wes",2021-5,2021-02-13,2021,67,0
5,6,15239,"Ledesma, Nelson",2021-6,2021-01-16,2021,47,0
5,5,15239,"Ledesma, Nelson",2021-5,2021-02-13,2021,68,1
5,6,7236,"Trahan, D.J.",2021-6,2021-01-16,2021,74,0
5,5,7236,"Trahan, D.J.",2021-5,2021-02-13,2021,68,1
5,776,7236,"Trahan, D.J.",2021-493,2021-11-20,2021,71,2
5,765,7236,"Trahan, D.J.",2022-528,2022-10-29,2022,68,3
5,765,7236,"Trahan, D.J.",2023-548,2023-11-11,2023,59,4
5,6,14050,"Sloan, Roger",2021-6,2021-01-16,2021,74,0
5,5,14050,"Sloan, Roger",2021-5,2021-02-13,2021,68,1
5,776,14050,"Sloan, Roger",2021-493,2021-11-20,2021,61,2
5,6,14050,"Sloan, Roger",2022-6,2022-01-15,2022,66,3
5,12,14050,"Sloan, Roger",2022-12,2022-04-16,2022,59,4
5,765,14050,"Sloan, Roger",2024-528,2024-11-16,2024,76,5
5,6,13971,"Baker, Chris",2021-6,2021-01-16,2021,56,0
5,5,13971,"Baker, Chris",2021-5,2021-02-13,2021,68,1
5,765,13971,"Baker, Chris",2023-548,2023-11-11,2023,82,2
5,765,13971,"Baker, Chris",2024-528,2024-11-16,2024,70,3
5,5,10423,"Brehm, Ryan",2021-5,2021-02-13,2021,68,0
5,12,10423,"Brehm, Ryan",2022-12,2022-04-16,2022,71,1
5,765,10423,"Brehm, Ryan",2022-528,2022-10-29,2022,68,2
5,6,10423,"Brehm, Ryan",2023-6,2023-01-14,2023,41,3
5,12,10423,"Brehm, Ryan",2023-12,2023-04-15,2023,74,4
5,765,10423,"Brehm, Ryan",2023-548,2023-11-11,2023,20,5
5,776,10423,"Brehm, Ryan",2023-549,2023-11-18,2023,79,6
5,6,10423,"Brehm, Ryan",2024-6,2024-01-13,2024,81,7
5,765,10423,"Brehm, Ryan",2024-528,2024-11-16,2024,76,8
5,5,9643,"Blaum, Ryan",2021-5,2021-02-13,2021,68,0
5,6,13026,"Zhang, Xinjun",2021-6,2021-01-16,2021,74,0
5,5,13026,"Zhang, Xinjun",2021-5,2021-02-13,2021,68,1
5,12,13026,"Zhang, Xinjun",2021-12,2021-04-17,2021,66,2
5,5,757,"Lehman, Tom",2021-5,2021-02-13,2021,68,0
5,6,1804,"Choi, K.J.",2021-6,2021-01-16,2021,71,0
5,5,1804,"Choi, K.J.",2021-5,2021-02-13,2021,68,1
5,12,1804,"Choi, K.J.",2021-12,2021-04-17,2021,66,2
5,6,1804,"Choi, K.J.",2023-6,2023-01-14,2023,77,3
5,6,19909,"Gellerman, Michael",2021-6,2021-01-16,2021,74,0
5,5,19909,"Gellerman, Michael",2021-5,2021-02-13,2021,68,1
5,6,7340,"Hearn, David",2021-6,2021-01-16,2021,74,0
5,5,7340,"Hearn, David",2021-5,2021-02-13,2021,68,1
5,765,7340,"Hearn, David",2021-528,2021-10-30,2021,39,2
5,776,7340,"Hearn, David",2021-493,2021-11-20,2021,71,3
5,765,7340,"Hearn, David",2022-528,2022-10-29,2022,68,4
5,765,7340,"Hearn, David",2023-548,2023-11-11,2023,82,5
5,5,14012,"Stefani, Shawn",2021-5,2021-02-13,2021,68,0
5,6,5665,"Cink, Stewart",2021-6,2021-01-16,2021,19,0
5,5,5665,"Cink, Stewart",2021-5,2021-02-13,2021,68,1
5,12,5665,"Cink, Stewart",2021-12,2021-04-17,2021,1,2
5,776,5665,"Cink, Stewart",2021-493,2021-11-20,2021,71,3
5,6,5665,"Cink, Stewart",2022-6,2022-01-15,2022,36,4
5,12,5665,"Cink, Stewart",2022-12,2022-04-16,2022,68,5
5,6,5665,"Cink, Stewart",2023-6,2023-01-14,2023,21,6
5,12,5665,"Cink, Stewart",2023-12,2023-04-15,2023,74,7
5,765,5665,"Cink, Stewart",2023-548,2023-11-11,2023,7,8
5,776,5665,"Cink, Stewart",2023-549,2023-11-18,2023,44,9
5,6,5665,"Cink, Stewart",2024-6,2024-01-13,2024,24,10
5,776,5665,"Cink, Stewart",2024-493,2024-11-23,2024,17,11
5,6,14000,"Landry, Andrew",2021-6,2021-01-16,2021,74,0
5,5,14000,"Landry, Andrew",2021-5,2021-02-13,2021,68,1
5,12,14000,"Landry, Andrew",2021-12,2021-04-17,2021,33,2
5,776,14000,"Landry, Andrew",2021-493,2021-11-20,2021,71,3
5,776,14000,"Landry, Andrew",2022-493,2022-11-19,2022,67,4
5,12,14000,"Landry, Andrew",2023-12,2023-04-15,2023,74,5
5,765,14000,"Landry, Andrew",2023-548,2023-11-11,2023,45,6
5,5,5668,"Pampling, Rod",2021-5,2021-02-13,2021,68,0
5,6,17509,"Seiffert, Chase",2021-6,2021-01-16,2021,74,0
5,5,17509,"Seiffert, Chase",2021-5,2021-02-13,2021,68,1
5,12,17509,"Seiffert, Chase",2021-12,2021-04-17,2021,42,2
5,765,17509,"Seiffert, Chase",2021-528,2021-10-30,2021,22,3
5,6,17509,"Seiffert, Chase",2022-6,2022-01-15,2022,66,4
5,6,21237,"Hickok, Kramer",2021-6,2021-01-16,2021,19,0
5,5,21237,"Hickok, Kramer",2021-5,2021-02-13,2021,68,1
5,765,21237,"Hickok, Kramer",2021-528,2021-10-30,2021,30,2
5,776,21237,"Hickok, Kramer",2021-493,2021-11-20,2021,71,3
5,6,21237,"Hickok, Kramer",2022-6,2022-01-15,2022,20,4
5,12,21237,"Hickok, Kramer",2022-12,2022-04-16,2022,71,5
5,765,21237,"Hickok, Kramer",2022-528,2022-10-29,2022,68,6
5,6,21237,"Hickok, Kramer",2023-6,2023-01-14,2023,77,7
5,12,21237,"Hickok, Kramer",2023-12,2023-04-15,2023,72,8
5,765,21237,"Hickok, Kramer",2023-548,2023-11-11,2023,13,9
5,776,21237,"Hickok, Kramer",2023-549,2023-11-18,2023,73,10
5,5,1547,"Mickelson, Phil",2021-5,2021-02-13,2021,68,0
5,5,22916,"Pigman, Kenny",2021-5,2021-02-13,2021,68,0
5,5,863,"Daly, John",2021-5,2021-02-13,2021,68,0
5,765,863,"Daly, John",2022-528,2022-10-29,2022,68,1
5,5,28038,"Johnson, Kamaiu",2021-5,2021-02-13,2021,68,0
5,5,11889,"Fox, Ryan",2026-5,2026-02-14,2026,24,0
5,6,23465,"Greyserman, Max",2024-6,2024-01-13,2024,81,0
5,12,23465,"Greyserman, Max",2025-12,2025-04-19,2025,27,1
5,5,23465,"Greyserman, Max",2026-5,2026-02-14,2026,37,2
5,6,27900,"Potgieter, Aldrich",2025-6,2025-01-11,2025,77,0
5,5,27900,"Potgieter, Aldrich",2026-5,2026-02-14,2026,60,1
5,5,22465,"Penge, Marco",2026-5,2026-02-14,2026,64,0
5,6,29715,"Manke, RJ",2025-6,2025-01-11,2025,77,0
5,6,33134,"Cohen, Gavin",2025-6,2025-01-11,2025,77,0
5,6,24223,"Sugiura, Yuta",2025-6,2025-01-11,2025,77,0
5,6,33135,"Loree, Tyler",2025-6,2025-01-11,2025,77,0
5,6,13497,"Lee, Kyoung-Hoon",2021-6,2021-01-16,2021,19,0
5,12,13497,"Lee, Kyoung-Hoon",2021-12,2021-04-17,2021,56,1
5,6,13497,"Lee, K.H.",2022-6,2022-01-15,2022,48,2
5,12,13497,"Lee, K.H.",2022-12,2022-04-16,2022,71,3
5,6,13497,"Lee, K.H.",2023-6,2023-01-14,2023,28,4
5,12,13497,"Lee, K.H.",2023-12,2023-04-15,2023,41,5
5,776,13497,"Lee, K.H.",2023-549,2023-11-18,2023,58,6
5,6,13497,"Lee, K.H.",2024-6,2024-01-13,2024,30,7
5,765,13497,"Lee, K.H.",2024-528,2024-11-16,2024,76,8
5,776,13497,"Lee, K.H.",2024-493,2024-11-23,2024,69,9
5,6,13497,"Lee, K.H.",2025-6,2025-01-11,2025,77,10
5,6,32857,"Matsuyama, Mao",2025-6,2025-01-11,2025,77,0
5,6,33133,"Welsh, Kelly",2025-6,2025-01-11,2025,77,0
5,776,30076,"McShea, Blake",2024-493,2024-11-23,2024,35,0
5,6,13127,"Tway, Kevin",2021-6,2021-01-16,2021,74,0
5,12,13127,"Tway, Kevin",2021-12,2021-04-17,2021,48,1
5,776,13127,"Tway, Kevin",2021-493,2021-11-20,2021,71,2
5,6,13127,"Tway, Kevin",2022-6,2022-01-15,2022,61,3
5,12,13127,"Tway, Kevin",2022-12,2022-04-16,2022,71,4
5,765,13127,"Tway, Kevin",2022-528,2022-10-29,2022,68,5
5,6,13127,"Tway, Kevin",2023-6,2023-01-14,2023,54,6
5,12,13127,"Tway, Kevin",2023-12,2023-04-15,2023,74,7
5,765,13127,"Tway, Kevin",2023-548,2023-11-11,2023,82,8
5,776,13127,"Tway, Kevin",2023-549,2023-11-18,2023,23,9
5,765,13127,"Tway, Kevin",2024-528,2024-11-16,2024,76,10
5,776,13127,"Tway, Kevin",2024-493,2024-11-23,2024,42,11
5,776,29304,"Byrd, Marcus",2024-493,2024-11-23,2024,53,0
5,765,20353,"Whitney, Tom",2024-528,2024-11-16,2024,23,0
5,776,20353,"Whitney, Tom",2024-493,2024-11-23,2024,69,1
5,765,18536,"McCormick, Ryan",2024-528,2024-11-16,2024,76,0
5,776,18536,"McCormick, Ryan",2024-493,2024-11-23,2024,69,1
5,776,22050,"Suh, Justin",2022-493,2022-11-19,2022,66,0
5,6,22050,"Suh, Justin",2023-6,2023-01-14,2023,41,1
5,12,22050,"Suh, Justin",2023-12,2023-04-15,2023,73,2
5,776,22050,"Suh, Justin",2023-549,2023-11-18,2023,64,3
5,6,22050,"Suh, Justin",2024-6,2024-01-13,2024,81,4
5,765,22050,"Suh, Justin",2024-528,2024-11-16,2024,76,5
5,776,22050,"Suh, Justin",2024-493,2024-11-23,2024,69,6
5,6,21236,"Bryan, Wesley",2021-6,2021-01-16,2021,32,0
5,12,21236,"Bryan, Wesley",2021-12,2021-04-17,2021,25,1
5,6,21236,"Bryan, Wesley",2022-6,2022-01-15,2022,27,2
5,12,21236,"Bryan, Wesley",2022-12,2022-04-16,2022,71,3
5,765,21236,"Bryan, Wesley",2022-528,2022-10-29,2022,68,4
5,12,21236,"Bryan, Wesley",2023-12,2023-04-15,2023,74,5
5,765,21236,"Bryan, Wesley",2023-548,2023-11-11,2023,37,6
5,776,21236,"Bryan, Wesley",2023-549,2023-11-18,2023,44,7
5,765,21236,"Bryan, Wesley",2024-528,2024-11-16,2024,17,8
5,776,21236,"Bryan, Wesley",2024-493,2024-11-23,2024,69,9
5,765,14799,"Barnes, Erik",2021-528,2021-10-30,2021,76,0
5,765,14799,"Barnes, Erik",2022-528,2022-10-29,2022,68,1
5,776,14799,"Barnes, Erik",2022-493,2022-11-19,2022,10,2
5,6,14799,"Barnes, Erik",2023-6,2023-01-14,2023,77,3
5,12,14799,"Barnes, Erik",2024-12,2024-04-20,2024,58,4
5,765,14799,"Barnes, Erik",2024-528,2024-11-16,2024,76,5
5,776,14799,"Barnes, Erik",2024-493,2024-11-23,2024,69,6
5,765,19738,"Dougherty, Kevin",2024-528,2024-11-16,2024,42,0
5,776,19738,"Dougherty, Kevin",2024-493,2024-11-23,2024,69,1
5,765,29348,"Hale, Jr., Blaine",2024-528,2024-11-16,2024,67,0
5,776,29348,"Hale, Jr., Blaine",2024-493,2024-11-23,2024,69,1
5,765,10081,"Bae, Sangmoon",2021-528,2021-10-30,2021,65,0
5,765,10081,"Bae, Sangmoon",2022-528,2022-10-29,2022,68,1
5,776,10081,"Bae, Sangmoon",2024-493,2024-11-23,2024,69,2
5,776,19620,"Pereda, Raul",2024-493,2024-11-23,2024,69,0
5,776,33079,"Modleski, Jacob",2024-493,2024-11-23,2024,69,0
5,776,16566,"Barjon, Paul",2021-493,2021-11-20,2021,71,0
5,6,16566,"Barjon, Paul",2022-6,2022-01-15,2022,48,1
5,6,16566,"Barjon, Paul",2024-6,2024-01-13,2024,81,2
5,776,16566,"Barjon, Paul",2024-493,2024-11-23,2024,69,3
5,776,31210,"Davenport, Reid",2024-493,2024-11-23,2024,69,0
5,6,7955,"Watney, Nick",2021-6,2021-01-16,2021,74,0
5,12,7955,"Watney, Nick",2021-12,2021-04-17,2021,66,1
5,765,7955,"Watney, Nick",2021-528,2021-10-30,2021,46,2
5,776,7955,"Watney, Nick",2021-493,2021-11-20,2021,71,3
5,12,7955,"Watney, Nick",2022-12,2022-04-16,2022,71,4
5,765,7955,"Watney, Nick",2022-528,2022-10-29,2022,11,5
5,765,7955,"Watney, Nick",2023-548,2023-11-11,2023,80,6
5,776,7955,"Watney, Nick",2023-549,2023-11-18,2023,79,7
5,765,7955,"Watney, Nick",2024-528,2024-11-16,2024,23,8
5,765,27780,"Crowe, Trace",2024-528,2024-11-16,2024,37,0
5,6,24354,"Xiong, Norman",2024-6,2024-01-13,2024,79,0
5,765,24354,"Xiong, Norman",2024-528,2024-11-16,2024,47,1
5,765,33069,"Jones, Connor",2024-528,2024-11-16,2024,65,0
5,765,6674,"Crane, Ben",2021-528,2021-10-30,2021,67,0
5,776,6674,"Crane, Ben",2021-493,2021-11-20,2021,71,1
5,765,6674,"Crane, Ben",2022-528,2022-10-29,2022,49,2
5,765,6674,"Crane, Ben",2023-548,2023-11-11,2023,82,3
5,776,6674,"Crane, Ben",2023-549,2023-11-18,2023,58,4
5,765,6674,"Crane, Ben",2024-528,2024-11-16,2024,73,5
5,765,33068,"Eroshenko, Egor",2024-528,2024-11-16,2024,75,0
5,765,28077,"Collet, Tyler",2024-528,2024-11-16,2024,76,0
5,765,27803,"Schniederjans, Luke",2024-528,2024-11-16,2024,76,0
5,765,28641,"Cairns, Ethan",2024-528,2024-11-16,2024,76,0
5,765,27966,"Smith, Camiko",2021-528,2021-10-30,2021,76,0
5,765,27966,"Smith, Camiko",2024-528,2024-11-16,2024,76,1
5,765,17792,"Robertson, Graeme",2024-528,2024-11-16,2024,76,0
5,765,12106,"West, Eric",2023-548,2023-11-11,2023,82,0
5,765,12106,"West, Eric",2024-528,2024-11-16,2024,76,1
5,765,32064,"Russell, Miles",2024-528,2024-11-16,2024,76,0
5,765,30462,"Jones, Nick",2022-528,2022-10-29,2022,68,0
5,765,30462,"Jones, Nick",2024-528,2024-11-16,2024,76,1
5,765,23054,"Bryan, IV, George",2023-548,2023-11-11,2023,69,0
5,765,23054,"Bryan, IV, George",2024-528,2024-11-16,2024,76,1
5,765,28323,"Koch, Greg",2021-528,2021-10-30,2021,76,0
5,765,28323,"Koch, Greg",2022-528,2022-10-29,2022,68,1
5,765,28323,"Koch, Greg",2023-548,2023-11-11,2023,63,2
5,765,28323,"Koch, Greg",2024-528,2024-11-16,2024,76,3
5,765,30622,"Herrera, Michael",2024-528,2024-11-16,2024,76,0
5,12,14796,"Hatton, Tyrrell",2021-12,2021-04-17,2021,39,0
5,12,14796,"Hatton, Tyrrell",2022-12,2022-04-16,2022,26,1
5,12,14796,"Hatton, Tyrrell",2023-12,2023-04-15,2023,19,2
5,6,14796,"Hatton, Tyrrell",2024-6,2024-01-13,2024,13,3
5,6,19681,"Semikawa, Taiga",2023-6,2023-01-14,2023,67,0
5,6,19681,"Semikawa, Taiga",2024-6,2024-01-13,2024,30,1
5,6,20448,"Katsuragawa, Yuto",2023-6,2023-01-14,2023,77,0
5,6,20448,"Katsuragawa, Yuto",2024-6,2024-01-13,2024,74,1
5,6,27870,"Coody, Parker",2024-6,2024-01-13,2024,74,0
5,6,23048,"Stanger, Jimmy",2024-6,2024-01-13,2024,81,0
5,6,17584,"McCumber, Tyler",2021-6,2021-01-16,2021,74,0
5,776,17584,"McCumber, Tyler",2021-493,2021-11-20,2021,4,1
5,6,17584,"McCumber, Tyler",2024-6,2024-01-13,2024,81,2
5,6,28203,"Iwasaki, Aguri",2024-6,2024-01-13,2024,81,0
5,6,14775,"Bjork, Alexander",2024-6,2024-01-13,2024,81,0
5,6,28937,"Nakano, Rintaro",2024-6,2024-01-13,2024,81,0
5,6,30618,"Akana, Blaze",2023-6,2023-01-14,2023,77,0
5,6,30618,"Akana, Blaze",2024-6,2024-01-13,2024,81,1
5,6,31846,"Larson, Hunter",2024-6,2024-01-13,2024,81,0
5,765,27600,"Kuest, Peter",2023-548,2023-11-11,2023,53,0
5,776,27600,"Kuest, Peter",2023-549,2023-11-18,2023,13,1
5,776,27710,"Solomon, Jacob",2023-549,2023-11-18,2023,23,0
5,765,25614,"Biondi, Fred",2023-548,2023-11-11,2023,13,0
5,776,25614,"Biondi, Fred",2023-549,2023-11-18,2023,23,1
5,776,16713,"Lindheim, Nicholas",2023-549,2023-11-18,2023,28,0
5,765,6846,"Barnes, Ricky",2021-528,2021-10-30,2021,76,0
5,765,6846,"Barnes, Ricky",2022-528,2022-10-29,2022,68,1
5,765,6846,"Barnes, Ricky",2023-548,2023-11-11,2023,82,2
5,776,6846,"Barnes, Ricky",2023-549,2023-11-18,2023,36,3
5,776,30732,"Carr, Ben",2023-549,2023-11-18,2023,68,0
5,776,31802,"Ford, Maxwell",2023-549,2023-11-18,2023,79,0
5,765,17064,"Herbert, Lucas",2021-528,2021-10-30,2021,1,0
5,12,17064,"Herbert, Lucas",2023-12,2023-04-15,2023,63,1
5,765,17064,"Herbert, Lucas",2023-548,2023-11-11,2023,30,2
5,765,19295,"Contini, Martin",2023-548,2023-11-11,2023,65,0
5,6,12846,"Herman, Jim",2021-6,2021-01-16,2021,32,0
5,12,12846,"Herman, Jim",2021-12,2021-04-17,2021,66,1
5,776,12846,"Herman, Jim",2021-493,2021-11-20,2021,47,2
5,6,12846,"Herman, Jim",2022-6,2022-01-15,2022,66,3
5,12,12846,"Herman, Jim",2022-12,2022-04-16,2022,56,4
5,776,12846,"Herman, Jim",2022-493,2022-11-19,2022,46,5
5,6,12846,"Herman, Jim",2023-6,2023-01-14,2023,77,6
5,12,12846,"Herman, Jim",2023-12,2023-04-15,2023,67,7
5,765,12846,"Herman, Jim",2023-548,2023-11-11,2023,72,8
5,765,28158,"Bennett, Sam",2023-548,2023-11-11,2023,82,0
5,765,5701,"Atwal, Arjun",2021-528,2021-10-30,2021,71,0
5,765,5701,"Atwal, Arjun",2022-528,2022-10-29,2022,49,1
5,765,5701,"Atwal, Arjun",2023-548,2023-11-11,2023,82,2
5,765,16249,"Zhang, Andy",2023-548,2023-11-11,2023,82,0
5,765,19774,"Wilshire, Kyle",2021-528,2021-10-30,2021,62,0
5,776,19774,"Wilshire, Kyle",2021-493,2021-11-20,2021,71,1
5,765,19774,"Wilshire, Kyle",2023-548,2023-11-11,2023,82,2
5,6,13404,"Gligic, Michael",2021-6,2021-01-16,2021,74,0
5,12,13404,"Gligic, Michael",2021-12,2021-04-17,2021,66,1
5,776,13404,"Gligic, Michael",2021-493,2021-11-20,2021,29,2
5,6,13404,"Gligic, Michael",2022-6,2022-01-15,2022,66,3
5,12,13404,"Gligic, Michael",2022-12,2022-04-16,2022,71,4
5,765,13404,"Gligic, Michael",2022-528,2022-10-29,2022,68,5
5,6,13404,"Gligic, Michael",2023-6,2023-01-14,2023,77,6
5,765,13404,"Gligic, Michael",2023-548,2023-11-11,2023,82,7
5,765,5663,"Davis, Brian",2023-548,2023-11-11,2023,82,0
5,765,5183,"Uresti, Omar",2023-548,2023-11-11,2023,82,0
5,765,10498,"Overton, Jeff",2023-548,2023-11-11,2023,82,0
5,765,16711,"Ernst, Derek",2023-548,2023-11-11,2023,82,0
5,765,7625,"Sims, Michael",2021-528,2021-10-30,2021,76,0
5,765,7625,"Sims, Michael",2022-528,2022-10-29,2022,68,1
5,765,7625,"Sims, Michael",2023-548,2023-11-11,2023,82,2
5,765,9195,"Lamely, Derek",2023-548,2023-11-11,2023,82,0
5,765,31780,"Roy, Scott",2023-548,2023-11-11,2023,82,0
5,6,28472,"Guise, Danny",2023-6,2023-01-14,2023,77,0
5,765,28472,"Guise, Danny",2023-548,2023-11-11,2023,82,1
5,12,19195,"Rahm, Jon",2023-12,2023-04-15,2023,15,0
5,12,874,"Els, Ernie",2023-12,2023-04-15,2023,56,0
5,12,28167,"Gibson, Tommy",2021-12,2021-04-17,2021,66,0
5,12,28167,"Gibson, Tommy",2023-12,2023-04-15,2023,74,1
5,6,11826,"Lee, Danny",2021-6,2021-01-16,2021,74,0
5,12,11826,"Lee, Danny",2021-12,2021-04-17,2021,66,1
5,765,11826,"Lee, Danny",2021-528,2021-10-30,2021,2,2
5,776,11826,"Lee, Danny",2021-493,2021-11-20,2021,71,3
5,12,11826,"Lee, Danny",2022-12,2022-04-16,2022,71,4
5,776,11826,"Lee, Danny",2022-493,2022-11-19,2022,21,5
5,6,11826,"Lee, Danny",2023-6,2023-01-14,2023,48,6
5,6,21642,"Winslow, Joseph",2023-6,2023-01-14,2023,54,0
5,776,19864,"Hammer, Cole",2022-493,2022-11-19,2022,5,0
5,6,19864,"Hammer, Cole",2023-6,2023-01-14,2023,61,1
5,6,6283,"Sabbatini, Rory",2021-6,2021-01-16,2021,74,0
5,12,6283,"Sabbatini, Rory",2021-12,2021-04-17,2021,51,1
5,6,6283,"Sabbatini, Rory",2022-6,2022-01-15,2022,66,2
5,776,6283,"Sabbatini, Rory",2022-493,2022-11-19,2022,70,3
5,6,6283,"Sabbatini, Rory",2023-6,2023-01-14,2023,77,4
5,6,5151,"Kelly, Jerry",2021-6,2021-01-16,2021,73,0
5,6,5151,"Kelly, Jerry",2022-6,2022-01-15,2022,66,1
5,6,5151,"Kelly, Jerry",2023-6,2023-01-14,2023,77,2
5,6,9168,"McLachlin, Parker",2021-6,2021-01-16,2021,74,0
5,765,9168,"McLachlin, Parker",2021-528,2021-10-30,2021,76,1
5,6,9168,"McLachlin, Parker",2022-6,2022-01-15,2022,66,2
5,6,9168,"McLachlin, Parker",2023-6,2023-01-14,2023,77,3
5,6,10622,"Mueller, Jesse",2023-6,2023-01-14,2023,77,0
5,6,27872,"Markham, George",2023-6,2023-01-14,2023,77,0
5,765,22981,"Matthews, Brandon",2022-528,2022-10-29,2022,68,0
5,776,22981,"Matthews, Brandon",2022-493,2022-11-19,2022,70,1
5,6,22981,"Matthews, Brandon",2023-6,2023-01-14,2023,77,2
5,6,27331,"Okada, Kohei",2023-6,2023-01-14,2023,77,0
5,6,18239,"Truslow, Austen",2023-6,2023-01-14,2023,77,0
5,6,30619,"Castillo, Michael",2023-6,2023-01-14,2023,77,0
5,776,27599,"Ralston, Spencer",2022-493,2022-11-19,2022,70,0
5,776,14606,"Huh, John",2021-493,2021-11-20,2021,12,0
5,6,14606,"Huh, John",2022-6,2022-01-15,2022,66,1
5,776,14606,"Huh, John",2022-493,2022-11-19,2022,70,2
5,765,15162,"Drewitt, Brett",2021-528,2021-10-30,2021,39,0
5,776,15162,"Drewitt, Brett",2021-493,2021-11-20,2021,71,1
5,6,15162,"Drewitt, Brett",2022-6,2022-01-15,2022,55,2
5,776,15162,"Drewitt, Brett",2022-493,2022-11-19,2022,70,3
5,765,30464,"Jackson, Palmer",2022-528,2022-10-29,2022,68,0
5,776,30464,"Jackson, Palmer",2022-493,2022-11-19,2022,70,1
5,765,7305,"Gutschewski, Scott",2021-528,2021-10-30,2021,39,0
5,6,7305,"Gutschewski, Scott",2022-6,2022-01-15,2022,66,1
5,765,7305,"Gutschewski, Scott",2022-528,2022-10-29,2022,59,2
5,765,30463,"Surratt, Caleb",2022-528,2022-10-29,2022,65,0
5,765,29328,"Jarvis, Aaron",2022-528,2022-10-29,2022,68,0
5,765,21549,"Mack III, Willie",2022-528,2022-10-29,2022,68,0
5,765,6222,"Henry, J.J.",2021-528,2021-10-30,2021,76,0
5,765,6222,"Henry, J.J.",2022-528,2022-10-29,2022,68,1
5,765,27598,"Nicholas, James",2022-528,2022-10-29,2022,68,0
5,765,14196,"Meronk, Adrian",2022-528,2022-10-29,2022,68,0
5,765,28539,"Feagler, Clay",2022-528,2022-10-29,2022,68,0
5,765,27327,"Dillas, Jarryd",2022-528,2022-10-29,2022,68,0
5,765,10011563,"Swan, Kim",2022-528,2022-10-29,2022,68,0
5,12,16602,"Varner III, Harold",2021-12,2021-04-17,2021,2,0
5,12,16602,"Varner III, Harold",2022-12,2022-04-16,2022,3,1
5,6,18079,"Niemann, Joaquin",2021-6,2021-01-16,2021,2,0
5,12,18079,"Niemann, Joaquin",2022-12,2022-04-16,2022,12,1
5,12,7548,"McDowell, Graeme",2021-12,2021-04-17,2021,66,0
5,765,7548,"McDowell, Graeme",2021-528,2021-10-30,2021,12,1
5,6,7548,"McDowell, Graeme",2022-6,2022-01-15,2022,66,2
5,12,7548,"McDowell, Graeme",2022-12,2022-04-16,2022,21,3
5,12,22051,"Wise, Aaron",2021-12,2021-04-17,2021,66,0
5,12,22051,"Wise, Aaron",2022-12,2022-04-16,2022,21,1
5,6,7452,"Na, Kevin",2021-6,2021-01-16,2021,1,0
5,12,7452,"Na, Kevin",2021-12,2021-04-17,2021,66,1
5,6,7452,"Na, Kevin",2022-6,2022-01-15,2022,20,2
5,12,7452,"Na, Kevin",2022-12,2022-04-16,2022,26,3
5,765,19455,"Pereira, Mito",2021-528,2021-10-30,2021,30,0
5,776,19455,"Pereira, Mito",2021-493,2021-11-20,2021,29,1
5,12,19455,"Pereira, Mito",2022-12,2022-04-16,2022,26,2
5,6,14706,"Swafford, Hudson",2021-6,2021-01-16,2021,25,0
5,12,14706,"Swafford, Hudson",2021-12,2021-04-17,2021,66,1
5,776,14706,"Swafford, Hudson",2021-493,2021-11-20,2021,71,2
5,6,14706,"Swafford, Hudson",2022-6,2022-01-15,2022,48,3
5,12,14706,"Swafford, Hudson",2022-12,2022-04-16,2022,35,4
5,6,12337,"Kokrak, Jason",2021-6,2021-01-16,2021,56,0
5,6,12337,"Kokrak, Jason",2022-6,2022-01-15,2022,17,1
5,12,12337,"Kokrak, Jason",2022-12,2022-04-16,2022,35,2
5,12,1435,"Poulter, Ian",2021-12,2021-04-17,2021,48,0
5,12,1435,"Poulter, Ian",2022-12,2022-04-16,2022,42,1
5,12,5994,"Stenson, Henrik",2022-12,2022-04-16,2022,54,0
5,12,7398,"Schwartzel, Charl",2022-12,2022-04-16,2022,54,0
5,6,12669,"Lahiri, Anirban",2021-6,2021-01-16,2021,62,0
5,12,12669,"Lahiri, Anirban",2021-12,2021-04-17,2021,66,1
5,765,12669,"Lahiri, Anirban",2021-528,2021-10-30,2021,76,2
5,776,12669,"Lahiri, Anirban",2021-493,2021-11-20,2021,71,3
5,12,12669,"Lahiri, Anirban",2022-12,2022-04-16,2022,66,4
5,12,14082,"Hoffmann, Morgan",2022-12,2022-04-16,2022,71,0
5,12,12422,"Johnson, Dustin",2021-12,2021-04-17,2021,13,0
5,12,12422,"Johnson, Dustin",2022-12,2022-04-16,2022,71,1
5,6,15856,"Smith, Cameron",2021-6,2021-01-16,2021,62,0
5,12,15856,"Smith, Cameron",2021-12,2021-04-17,2021,9,1
5,776,15856,"Smith, Cameron",2021-493,2021-11-20,2021,4,2
5,6,15856,"Smith, Cameron",2022-6,2022-01-15,2022,66,3
5,12,15856,"Smith, Cameron",2022-12,2022-04-16,2022,71,4
5,6,14735,"Ortiz, Carlos",2021-6,2021-01-16,2021,14,0
5,12,14735,"Ortiz, Carlos",2021-12,2021-04-17,2021,66,1
5,12,14735,"Ortiz, Carlos",2022-12,2022-04-16,2022,71,2
5,12,29230,"Piot, James",2022-12,2022-04-16,2022,71,0
5,12,28075,"Deneen, Morgan",2022-12,2022-04-16,2022,71,0
5,12,26013,"Nimmer, Bryson",2021-12,2021-04-17,2021,66,0
5,12,26013,"Nimmer, Bryson",2022-12,2022-04-16,2022,71,1
5,6,6892,"Howell III, Charles",2021-6,2021-01-16,2021,19,0
5,12,6892,"Howell III, Charles",2021-12,2021-04-17,2021,18,1
5,776,6892,"Howell III, Charles",2021-493,2021-11-20,2021,16,2
5,6,6892,"Howell III, Charles",2022-6,2022-01-15,2022,36,3
5,12,6892,"Howell III, Charles",2022-12,2022-04-16,2022,71,4
5,6,18580,"Gooch, Talor",2021-6,2021-01-16,2021,74,0
5,776,18580,"Gooch, Talor",2021-493,2021-11-20,2021,1,1
5,6,18580,"Gooch, Talor",2022-6,2022-01-15,2022,27,2
5,6,7649,"Leishman, Marc",2021-6,2021-01-16,2021,4,0
5,6,7649,"Leishman, Marc",2022-6,2022-01-15,2022,36,1
5,765,16382,"Knous, Jim",2021-528,2021-10-30,2021,57,0
5,6,16382,"Knous, Jim",2022-6,2022-01-15,2022,55,1
5,6,27597,"Ogletree, Andy",2022-6,2022-01-15,2022,66,0
5,6,25906,"Jung, Peter",2022-6,2022-01-15,2022,66,0
5,6,18238,"Ancer, Abraham",2021-6,2021-01-16,2021,74,0
5,12,18238,"Ancer, Abraham",2021-12,2021-04-17,2021,18,1
5,6,18238,"Ancer, Abraham",2022-6,2022-01-15,2022,66,2
5,776,18164,"Wolfe, Jared",2021-493,2021-11-20,2021,63,0
5,6,18164,"Wolfe, Jared",2022-6,2022-01-15,2022,66,1
5,765,9883,"van der Walt, Dawie",2021-528,2021-10-30,2021,76,0
5,776,9883,"van der Walt, Dawie",2021-493,2021-11-20,2021,71,1
5,6,9883,"van der Walt, Dawie",2022-6,2022-01-15,2022,66,2
5,6,14081,"Hoag, Bo",2021-6,2021-01-16,2021,74,0
5,12,14081,"Hoag, Bo",2021-12,2021-04-17,2021,66,1
5,765,14081,"Hoag, Bo",2021-528,2021-10-30,2021,76,2
5,6,14081,"Hoag, Bo",2022-6,2022-01-15,2022,66,3
5,6,9874,"Carll, Kevin",2022-6,2022-01-15,2022,66,0
5,6,19354,"Okamura, Garrett",2022-6,2022-01-15,2022,66,0
5,6,16458,"Ishika, Koichiro",2022-6,2022-01-15,2022,66,0
5,6,25918,"Doucett, BJ",2022-6,2022-01-15,2022,66,0
5,6,18133,"Sawada, Jared",2022-6,2022-01-15,2022,66,0
5,6,20770,"Munoz, Sebastian",2021-6,2021-01-16,2021,65,0
5,12,20770,"Munoz, Sebastian",2021-12,2021-04-17,2021,66,1
5,776,20770,"Munoz, Sebastian",2021-493,2021-11-20,2021,3,2
5,776,17570,"Creel, Joshua",2021-493,2021-11-20,2021,40,0
5,776,25078,"DeMorat, Mickey",2021-493,2021-11-20,2021,47,0
5,776,29049,"Griffin, J.P.",2021-493,2021-11-20,2021,71,0
5,765,14838,"Reed, Patrick",2021-528,2021-10-30,2021,2,0
5,765,26122,"Flavin, Patrick",2021-528,2021-10-30,2021,17,0
5,765,17357,"Migliozzi, Guido",2021-528,2021-10-30,2021,57,0
5,765,9584,"Merrick, John",2021-528,2021-10-30,2021,75,0
5,765,2035,"Chopra, Daniel",2021-528,2021-10-30,2021,76,0
5,765,2130,"Browne, Olin",2021-528,2021-10-30,2021,76,0
5,765,23892,"Gumberg, Jordan",2021-528,2021-10-30,2021,76,0
5,765,14029,"Hill, Matt",2021-528,2021-10-30,2021,76,0
5,765,6462,"Bohn, Jason",2021-528,2021-10-30,2021,76,0
5,765,7751,"Romero, Andres",2021-528,2021-10-30,2021,76,0
5,765,5906,"Purdy, Ted",2021-528,2021-10-30,2021,76,0
5,765,11793,"McLuen, Jay",2021-528,2021-10-30,2021,76,0
5,765,6300,"Rollins, John",2021-528,2021-10-30,2021,76,0
5,765,29025,"Palanyandi, Damian",2021-528,2021-10-30,2021,76,0
5,765,29023,"DeSilva, Chaka",2021-528,2021-10-30,2021,76,0
5,765,29024,"Morris, Brian",2021-528,2021-10-30,2021,76,0
5,12,4052,"Westwood, Lee",2021-12,2021-04-17,2021,63,0
5,6,7636,"Mahan, Hunter",2021-6,2021-01-16,2021,74,0
5,12,7636,"Mahan, Hunter",2021-12,2021-04-17,2021,66,1
5,6,5689,"Garcia, Sergio",2021-6,2021-01-16,2021,47,0
5,12,5689,"Garcia, Sergio",2021-12,2021-04-17,2021,66,1
5,12,26211,"Augenstein, John",2021-12,2021-04-17,2021,66,0
5,6,5513,"Weir, Mike",2021-6,2021-01-16,2021,47,0
5,6,11382,"Lovemark, Jamie",2021-6,2021-01-16,2021,67,0
5,6,14904,"Kinoshita, Ryosuke",2021-6,2021-01-16,2021,67,0
5,6,6629,"Yang, Y.E.",2021-6,2021-01-16,2021,74,0
5,6,11640,"Gonzales, Andres",2021-6,2021-01-16,2021,74,0
5,6,10185,"Every, Matt",2021-6,2021-01-16,2021,74,0
5,6,12131,"Anderson, Mark",2021-6,2021-01-16,2021,74,0
5,6,13342,"Gibson, Rhein",2021-6,2021-01-16,2021,74,0
5,6,13338,"Dugas, Eric",2021-6,2021-01-16,2021,74,0
5,6,9635,"Hur, In-hoi",2021-6,2021-01-16,2021,74,0
5,6,14209,"Kozuma, Jinichiro",2021-6,2021-01-16,2021,74,0
5,6,12232,"Ishikawa, Ryo",2021-6,2021-01-16,2021,74,0
5,6,5605,"Bertsch, Shane",2021-6,2021-01-16,2021,74,0
5,6,28023,"Kawai, Evan",2021-6,2021-01-16,2021,74,0
922,922,21883,"Ewart, A.J.",2025-88,2025-12-13,2025,1,0
922,922,13997,"Svensson, Adam",2025-88,2025-12-13,2025,2,0
922,922,16591,"Rozo, Marcelo",2025-88,2025-12-13,2025,2,0
922,922,17032,"Tosti, Alejandro",2025-88,2025-12-13,2025,2,0
922,922,25002,"Wu, Dylan",2025-88,2025-12-13,2025,5,0
922,922,17381,"Silverman, Ben",2025-88,2025-12-13,2025,5,0
922,922,19360,"Atkins, Matt",2025-88,2025-12-13,2025,7,0
922,922,9171,"Villegas, Camilo",2025-88,2025-12-13,2025,7,0
922,922,26913,"Phillips, Trent",2025-88,2025-12-13,2025,9,0
922,922,25036,"Holt, Ian",2025-88,2025-12-13,2025,9,0
922,922,26126,"Meissner, Mitchell",2025-88,2025-12-13,2025,9,0
922,922,15004,"Kim, Chan",2025-88,2025-12-13,2025,9,0
922,922,25213,"Wu, Brandon",2025-88,2025-12-13,2025,13,0
922,922,28471,"Shore, Davis",2025-88,2025-12-13,2025,13,0
922,922,25081,"Humphrey, Theo",2025-88,2025-12-13,2025,13,0
922,922,23482,"Sigg, Greyson",2025-88,2025-12-13,2025,13,0
922,922,8199,"Levin, Spencer",2025-88,2025-12-13,2025,13,0
922,922,28268,"Kaneko, Kota",2025-88,2025-12-13,2025,13,0
922,922,30767,"Gabrelcik, Nick",2025-88,2025-12-13,2025,13,0
922,922,26953,"Gilligan, Ian",2025-88,2025-12-13,2025,20,0
922,922,32312,"Sherwood, Cole",2025-88,2025-12-13,2025,20,0
922,922,31212,"Chandler, Will",2025-88,2025-12-13,2025,20,0
922,922,29188,"Salzer, Christian",2025-88,2025-12-13,2025,20,0
922,922,29324,"Lamb, Davis",2025-88,2025-12-13,2025,20,0
922,922,21880,"Cone, Trevor",2025-88,2025-12-13,2025,20,0
922,922,21412,"Capan III, Frankie",2025-88,2025-12-13,2025,20,0
922,922,29684,"Infanti, Nick",2025-88,2025-12-13,2025,20,0
922,922,22736,"Rosenmueller, Thomas",2025-88,2025-12-13,2025,20,0
922,922,27996,"Cummins, Quade",2025-88,2025-12-13,2025,29,0
922,922,13831,"Knox, Russell",2025-88,2025-12-13,2025,29,0
922,922,16395,"Kohles, Ben",2025-88,2025-12-13,2025,29,0
922,922,24223,"Sugiura, Yuta",2025-88,2025-12-13,2025,29,0
922,922,18059,"Suri, Julian",2025-88,2025-12-13,2025,29,0
922,922,12232,"Ishikawa, Ryo",2025-88,2025-12-13,2025,34,0
922,922,29347,"Dossey, Cooper",2025-88,2025-12-13,2025,34,0
922,922,24481,"Redman, Doc",2025-88,2025-12-13,2025,34,0
922,922,26656,"Feagles, Michael",2025-88,2025-12-13,2025,34,0
922,922,31272,"Sewell, Chad",2025-88,2025-12-13,2025,34,0
922,922,32462,"Butler, John Marshall",2025-88,2025-12-13,2025,34,0
922,922,24550,"Ghim, Doug",2025-88,2025-12-13,2025,42,0
922,922,17276,"Sullivan, Ryan",2025-88,2025-12-13,2025,42,0
922,922,27820,"Pak, John",2025-88,2025-12-13,2025,42,0
922,922,33942,"Stewart, Dillon",2025-88,2025-12-13,2025,42,0
922,922,28542,"Hitt, Austin",2025-88,2025-12-13,2025,42,0
922,922,14007,"Martin, Ben",2025-88,2025-12-13,2025,42,0
922,922,16341,"Peterson, Paul",2025-88,2025-12-13,2025,42,0
922,922,17723,"Lower, Justin",2025-88,2025-12-13,2025,42,0
922,922,21234,"Thomas, Rayhan",2025-88,2025-12-13,2025,42,0
922,922,26124,"Korte, Chris",2025-88,2025-12-13,2025,54,0
922,922,31257,"Hitchner, Derek",2025-88,2025-12-13,2025,54,0
922,922,22461,"White, Brett",2025-88,2025-12-13,2025,54,0
922,922,16715,"Ryder, Sam",2025-88,2025-12-13,2025,54,0
922,922,30856,"Eichhorn, Hunter",2025-88,2025-12-13,2025,54,0
922,922,24988,"Grey, J.J.",2025-88,2025-12-13,2025,62,0
922,922,26013,"Nimmer, Bryson",2025-88,2025-12-13,2025,62,0
922,922,12846,"Herman, Jim",2025-88,2025-12-13,2025,62,0
922,922,19430,"Kozan, Andrew",2025-88,2025-12-13,2025,62,0
922,922,27600,"Kuest, Peter",2025-88,2025-12-13,2025,62,0
922,922,17639,"Blair, Zac",2025-88,2025-12-13,2025,62,0
922,922,32683,"Gutschewski, Luke",2025-88,2025-12-13,2025,62,0
922,922,25091,"Choi, Sam",2025-88,2025-12-13,2025,62,0
922,922,31214,"Francoeur, Chris",2025-88,2025-12-13,2025,62,0
922,922,14050,"Sloan, Roger",2025-88,2025-12-13,2025,79,0
922,922,33949,"Bacha, Carson",2025-88,2025-12-13,2025,79,0
922,922,33442,"Higgins, Robbie",2025-88,2025-12-13,2025,79,0
922,922,30732,"Carr, Ben",2025-88,2025-12-13,2025,79,0
922,922,10069503,"Wilkes, Tyler",2025-88,2025-12-13,2025,85,0
922,922,17266,"Yuan, Carl",2025-88,2025-12-13,2025,85,0
922,922,18933,"Gandon, Jeremy",2025-88,2025-12-13,2025,92,0
922,922,17273,"Fischer, Zack",2025-88,2025-12-13,2025,92,0
922,922,23599,"Westmoreland, Kyle",2025-88,2025-12-13,2025,92,0
922,922,16786,"Fernandez Valdes, Jorge",2025-88,2025-12-13,2025,92,0
922,922,17902,"Miller, Michael",2025-88,2025-12-13,2025,92,0
922,922,28571,"Pettit, Turk",2025-88,2025-12-13,2025,104,0
922,922,27710,"Solomon, Jacob",2025-88,2025-12-13,2025,104,0
922,922,31586,"Leach, Tyler",2025-88,2025-12-13,2025,104,0
922,922,31216,"Sienkiewicz, Chase",2025-88,2025-12-13,2025,111,0
922,922,14140,"Higgs, Harry",2025-88,2025-12-13,2025,111,0
922,922,31161,"Burnett, Ryan",2025-88,2025-12-13,2025,111,0
922,922,10062808,"Holekamp, Parker",2025-88,2025-12-13,2025,120,0
922,922,25614,"Biondi, Fred",2025-88,2025-12-13,2025,124,0
922,922,19865,"Hardy, Nick",2025-88,2025-12-13,2025,124,0
922,922,14776,"Cappelen, Sebastian",2025-88,2025-12-13,2025,124,0
922,922,31193,"Long, Luke",2025-88,2025-12-13,2025,134,0
927,927,33160,"Marzilio, Vicente",2025-88,2025-12-13,2025,34,0
927,927,15120,"Johnson, Michael",2025-88,2025-12-13,2025,34,0
927,927,10067704,"Meisel, Marshall",2025-88,2025-12-13,2025,42,0
927,927,12424,"Summerhays, Daniel",2025-88,2025-12-13,2025,42,0
927,927,32333,"Buchanan, Jackson",2025-88,2025-12-13,2025,42,0
927,927,18869,"Lamb, Rick",2025-88,2025-12-13,2025,54,0
927,927,26660,"Gordon, Will",2025-88,2025-12-13,2025,54,0
927,927,7960,"List, Luke",2025-88,2025-12-13,2025,54,0
927,927,13965,"Hadwin, Adam",2025-88,2025-12-13,2025,62,0
927,927,24837,"Goodwin, Noah",2025-88,2025-12-13,2025,62,0
927,927,21944,"Moore, Taylor",2025-88,2025-12-13,2025,62,0
927,927,31955,"Van Paris, Jackson",2025-88,2025-12-13,2025,62,0
927,927,11657,"Norlander, Henrik",2025-88,2025-12-13,2025,62,0
927,927,16492,"Nesbitt, Drew",2025-88,2025-12-13,2025,62,0
927,927,22919,"Cannon, Will",2025-88,2025-12-13,2025,62,0
927,927,28587,"Perkins, David",2025-88,2025-12-13,2025,62,0
927,927,14704,"Putnam, Andrew",2025-88,2025-12-13,2025,79,0
927,927,26190,"Ortiz, Alvaro",2025-88,2025-12-13,2025,79,0
927,927,29163,"Card III, Jay",2025-88,2025-12-13,2025,85,0
927,927,11354,"Stegmaier, Brett",2025-88,2025-12-13,2025,85,0
927,927,25628,"Bae, Yongjun",2025-88,2025-12-13,2025,85,0
927,927,25363,"Buckley, Hayden",2025-88,2025-12-13,2025,85,0
927,927,22050,"Suh, Justin",2025-88,2025-12-13,2025,85,0
927,927,23542,"Champ, Cameron",2025-88,2025-12-13,2025,92,0
927,927,33952,"Peacock, Jake",2025-88,2025-12-13,2025,92,0
927,927,21072,"Ok, Taehoon",2025-88,2025-12-13,2025,92,0
927,927,32521,"Lewis, Riley",2025-88,2025-12-13,2025,92,0
927,927,18571,"Macdonald, Stuart",2025-88,2025-12-13,2025,92,0
927,927,23231,"Maichon, Phichaksn",2025-88,2025-12-13,2025,92,0
927,927,30937,"Duncan, Austin",2025-88,2025-12-13,2025,92,0
927,927,26521,"Hoelzer, Brandon",2025-88,2025-12-13,2025,104,0
927,927,32473,"Botha, Barend",2025-88,2025-12-13,2025,104,0
927,927,24599,"Shaun, Corey",2025-88,2025-12-13,2025,104,0
927,927,19000,"Celia, Ricardo",2025-88,2025-12-13,2025,104,0
927,927,28569,"Breault, Beau",2025-88,2025-12-13,2025,111,0
927,927,12805,"Cocha, Tommy",2025-88,2025-12-13,2025,111,0
927,927,31392,"VanArragon, Caleb",2025-88,2025-12-13,2025,111,0
927,927,29715,"Manke, RJ",2025-88,2025-12-13,2025,111,0
927,927,10063805,"Vogelsong, Alex",2025-88,2025-12-13,2025,111,0
927,927,21995,"Springer, Hayden",2025-88,2025-12-13,2025,111,0
927,927,24964,"Elmore, Ryan",2025-88,2025-12-13,2025,120,0
927,927,29769,"Moldovan, Maxwell",2025-88,2025-12-13,2025,120,0
927,927,15330,"Griffin, Lanto",2025-88,2025-12-13,2025,120,0
927,927,10060210,"Graboyes, Michael",2025-88,2025-12-13,2025,124,0
927,927,25325,"Debove, Quentin",2025-88,2025-12-13,2025,124,0
927,927,29520,"Erickson, Dan",2025-88,2025-12-13,2025,124,0
927,927,28761,"Schliesing, Max",2025-88,2025-12-13,2025,124,0
927,927,10067358,"Leach, Greyson",2025-88,2025-12-13,2025,124,0
927,927,27599,"Ralston, Spencer",2025-88,2025-12-13,2025,124,0
927,927,26143,"Creighton, Myles",2025-88,2025-12-13,2025,124,0
927,927,18658,"Garber, Joey",2025-88,2025-12-13,2025,134,0
927,927,14698,"Bramlett, Joseph",2025-88,2025-12-13,2025,134,0
927,927,18536,"McCormick, Ryan",2025-88,2025-12-13,2025,134,0
927,927,29318,"McAllister, Logan",2025-88,2025-12-13,2025,134,0
927,927,33422,"Yates, Lance",2025-88,2025-12-13,2025,139,0
927,927,22087,"Paul, Jeremy",2025-88,2025-12-13,2025,139,0
927,927,33299,"Chi, Andre",2025-88,2025-12-13,2025,139,0
927,927,29889,"Lawrence, Jr, Mark",2025-88,2025-12-13,2025,139,0
927,927,19232,"Smyth, Trav",2025-88,2025-12-13,2025,139,0
927,927,28592,"Amat, Bastien",2025-88,2025-12-13,2025,139,0
927,927,30528,"Sollon, Jake",2025-88,2025-12-13,2025,139,0
927,927,30000,"Lai, Eddy",2025-88,2025-12-13,2025,139,0
927,927,33488,"Song, James",2025-88,2025-12-13,2025,139,0
927,927,10060564,"Ng, Ethan",2025-88,2025-12-13,2025,148,0
927,927,27420,"Dickson, Taylor",2025-88,2025-12-13,2025,149,0
927,927,31119,"Nottingham, William",2025-88,2025-12-13,2025,150,0
927,927,17212,"Garcia, Jorge",2025-88,2025-12-13,2025,150,0
927,927,30005,"Callens, Peyton",2025-88,2025-12-13,2025,150,0
927,927,24906,"Armstrong, Dawson",2025-88,2025-12-13,2025,150,0
927,927,32446,"Wolcott, Hunter",2025-88,2025-12-13,2025,150,0
927,927,31188,"Valdes, Brendan",2025-88,2025-12-13,2025,155,0
927,927,26330,"McNeill, Callum",2025-88,2025-12-13,2025,155,0
927,927,15610,"Guthrie, Luke",2025-88,2025-12-13,2025,155,0
927,927,24962,"Docherty, Alistair",2025-88,2025-12-13,2025,155,0
927,927,8085,"Teater, Josh",2025-88,2025-12-13,2025,159,0
927,927,20668,"Carey, David",2025-88,2025-12-13,2025,160,0
927,927,16433,"NeSmith, Matt",2025-88,2025-12-13,2025,161,0
927,927,8769,"Potter, Jr., Ted",2025-88,2025-12-13,2025,161,0
927,927,31192,"Steelman, Ross",2025-88,2025-12-13,2025,161,0
927,927,10063552,"Azallion, Daniel",2025-88,2025-12-13,2025,164,0
232,232,13562,"Matsuyama, Hideki",2025-478,2025-12-06,2025,1,0
232,232,10419,"Noren, Alex",2025-478,2025-12-06,2025,2,0
232,232,17511,"Straka, Sepp",2025-478,2025-12-06,2025,3,0
232,232,17536,"Spaun, J.J.",2025-478,2025-12-06,2025,4,0
232,232,18417,"Scheffler, Scottie",2025-478,2025-12-06,2025,4,0
232,232,6093,"Rose, Justin",2025-478,2025-12-06,2025,6,0
232,232,17576,"Conners, Corey",2025-478,2025-12-06,2025,7,0
232,232,23604,"Clark, Wyndham",2025-478,2025-12-06,2025,8,0
232,232,14577,"English, Harris",2025-478,2025-12-06,2025,8,0
232,232,26651,"Young, Cameron",2025-478,2025-12-06,2025,10,0
232,232,19483,"Burns, Sam",2025-478,2025-12-06,2025,11,0
232,232,23323,"MacIntyre, Robert",2025-478,2025-12-06,2025,12,0
232,232,13872,"Bradley, Keegan",2025-478,2025-12-06,2025,13,0
232,232,26096,"Bhatia, Akshay",2025-478,2025-12-06,2025,14,0
232,232,11276,"Horschel, Billy",2025-478,2025-12-06,2025,15,0
232,232,8825,"Harman, Brian",2025-478,2025-12-06,2025,16,0
232,232,23475,"Novak, Andrew",2025-478,2025-12-06,2025,17,0
232,232,18554,"Rai, Aaron",2025-478,2025-12-06,2025,18,0
232,232,14636,"Spieth, Jordan",2025-478,2025-12-06,2025,19,0
232,232,27774,"Gotterup, Chris",2025-478,2025-12-06,2025,19,0
889,889,19865,"Hardy, Nick",2025-493,2025-11-22,2025,73,0
889,889,23014,"Theegala, Sahith",2025-493,2025-11-22,2025,73,0
889,889,15330,"Griffin, Lanto",2025-493,2025-11-22,2025,73,0
889,889,26657,"Fisk, Steven",2025-493,2025-11-22,2025,73,0
889,889,8825,"Harman, Brian",2025-493,2025-11-22,2025,73,0
889,889,9586,"Laird, Martin",2023-549,2023-11-18,2023,79,0
889,889,9586,"Laird, Martin",2025-493,2025-11-22,2025,73,1
889,889,27762,"Velo, Kevin",2025-493,2025-11-22,2025,73,0
889,889,12909,"Campos, Rafael",2025-493,2025-11-22,2025,73,0
889,889,14967,"Hadley, Chesson",2021-493,2021-11-20,2021,71,0
889,889,14967,"Hadley, Chesson",2022-493,2022-11-19,2022,70,1
889,889,14967,"Hadley, Chesson",2025-493,2025-11-22,2025,73,2
889,889,17422,"Del Solar, Cristobal",2025-493,2025-11-22,2025,73,0
889,889,23656,"Young, Carson",2022-493,2022-11-19,2022,70,0
889,889,23656,"Young, Carson",2025-493,2025-11-22,2025,73,1
889,889,21880,"Cone, Trevor",2023-549,2023-11-18,2023,79,0
889,889,21880,"Cone, Trevor",2025-493,2025-11-22,2025,73,1
889,889,23540,"Andersen, Mason",2025-493,2025-11-22,2025,73,0
889,889,29671,"Cottam, Kyle",2025-493,2025-11-22,2025,73,0
889,889,26660,"Gordon, Will",2025-493,2025-11-22,2025,73,0
889,889,29767,"Gerard, Ryan",2023-549,2023-11-18,2023,79,0
889,889,29767,"Gerard, Ryan",2025-493,2025-11-22,2025,73,1
889,889,19190,"Hoshino, Rikuya",2025-493,2025-11-22,2025,73,0
889,889,32330,"Clanton, Luke",2025-493,2025-11-22,2025,73,0
889,889,14140,"Higgs, Harry",2021-493,2021-11-20,2021,71,0
889,889,14140,"Higgs, Harry",2025-493,2025-11-22,2025,73,1
889,889,21995,"Springer, Hayden",2025-493,2025-11-22,2025,73,0
889,889,15575,"Hoge, Tom",2022-493,2022-11-19,2022,70,0
889,889,15575,"Hoge, Tom",2025-493,2025-11-22,2025,73,1
889,889,18635,"Shelton, Robby",2025-493,2025-11-22,2025,73,0
889,889,25002,"Wu, Dylan",2023-549,2023-11-18,2023,79,0
889,889,25002,"Wu, Dylan",2025-493,2025-11-22,2025,73,1
889,889,19729,"Kanaya, Takumi",2025-493,2025-11-22,2025,73,0
889,889,9643,"Blaum, Ryan",2025-493,2025-11-22,2025,73,0
889,889,16341,"Peterson, Paul",2025-493,2025-11-22,2025,73,0
889,889,30814,"Sargent, Gordon",2025-493,2025-11-22,2025,73,0
889,889,10873,"Skinns, David",2025-493,2025-11-22,2025,73,0
889,889,18187,"Duncan, Tyler",2022-493,2022-11-19,2022,70,0
889,889,18187,"Duncan, Tyler",2025-493,2025-11-22,2025,73,1
889,889,27164,"Phillips, Chandler",2025-493,2025-11-22,2025,73,0
889,889,16433,"NeSmith, Matthew",2022-493,2022-11-19,2022,70,0
889,889,16433,"NeSmith, Matt",2025-493,2025-11-22,2025,73,1
889,889,7301,"Dufner, Jason",2023-549,2023-11-18,2023,79,0
889,889,7301,"Dufner, Jason",2025-493,2025-11-22,2025,73,1
889,889,18579,"Cook, Austin",2021-493,2021-11-20,2021,71,0
889,889,18579,"Cook, Austin",2025-493,2025-11-22,2025,73,1
889,889,7955,"Watney, Nick",2022-493,2022-11-19,2022,70,0
889,889,7955,"Watney, Nick",2024-493,2024-11-23,2024,69,1
889,889,7955,"Watney, Nick",2025-493,2025-11-22,2025,73,2
889,889,12425,"Todd, Brendon",2021-493,2021-11-20,2021,71,0
889,889,12425,"Todd, Brendon",2022-493,2022-11-19,2022,70,1
889,889,12425,"Todd, Brendon",2025-493,2025-11-22,2025,73,2
889,889,33759,"Howell, Mason",2025-493,2025-11-22,2025,73,0
889,889,3464,"Love III, Davis",2025-493,2025-11-22,2025,73,0
889,889,34749,"Sanders, Matt",2025-493,2025-11-22,2025,73,0
889,889,12577,"Woodland, Gary",2024-493,2024-11-23,2024,69,0
889,889,19872,"Riley, Davis",2021-493,2021-11-20,2021,71,0
889,889,19872,"Riley, Davis",2024-493,2024-11-23,2024,69,1
889,889,11374,"Hahn, James",2024-493,2024-11-23,2024,69,0
889,889,8820,"Snedeker, Brandt",2024-493,2024-11-23,2024,69,0
889,889,14704,"Putnam, Andrew",2021-493,2021-11-20,2021,71,0
889,889,14704,"Putnam, Andrew",2024-493,2024-11-23,2024,69,1
889,889,7960,"List, Luke",2022-493,2022-11-19,2022,70,0
889,889,7960,"List, Luke",2024-493,2024-11-23,2024,69,1
889,889,17032,"Tosti, Alejandro",2024-493,2024-11-23,2024,69,0
889,889,7626,"O'Hair, Sean",2022-493,2022-11-19,2022,70,0
889,889,7626,"O'Hair, Sean",2024-493,2024-11-23,2024,69,1
889,889,7961,"Reavie, Chez",2024-493,2024-11-23,2024,69,0
889,889,18761,"Mullinax, Trey",2021-493,2021-11-20,2021,71,0
889,889,18761,"Mullinax, Trey",2024-493,2024-11-23,2024,69,1
889,889,23542,"Champ, Cameron",2024-493,2024-11-23,2024,69,0
889,889,9171,"Villegas, Camilo",2022-493,2022-11-19,2022,70,0
889,889,9171,"Villegas, Camilo",2024-493,2024-11-23,2024,69,1
889,889,13367,"Merritt, Troy",2022-493,2022-11-19,2022,70,0
889,889,13367,"Merritt, Troy",2024-493,2024-11-23,2024,69,1
889,889,24354,"Xiong, Norman",2024-493,2024-11-23,2024,69,0
889,889,19840,"Ramey, Chad",2022-493,2022-11-19,2022,70,0
889,889,19840,"Ramey, Chad",2024-493,2024-11-23,2024,69,1
889,889,10943,"Lashley, Nate",2023-549,2023-11-18,2023,79,0
889,889,10943,"Lashley, Nate",2024-493,2024-11-23,2024,69,1
889,889,10423,"Brehm, Ryan",2022-493,2022-11-19,2022,70,0
889,889,10423,"Brehm, Ryan",2024-493,2024-11-23,2024,69,1
889,889,28635,"McCarty, Matt",2024-493,2024-11-23,2024,69,0
889,889,17723,"Lower, Justin",2022-493,2022-11-19,2022,70,0
889,889,17723,"Lower, Justin",2024-493,2024-11-23,2024,69,1
889,889,25771,"Furr, Wilson",2024-493,2024-11-23,2024,69,0
889,889,23482,"Sigg, Greyson",2021-493,2021-11-20,2021,71,0
889,889,23482,"Sigg, Greyson",2024-493,2024-11-23,2024,69,1
889,889,12169,"Gainey, Tommy",2024-493,2024-11-23,2024,69,0
889,889,19364,"Werenski, Richy",2022-493,2022-11-19,2022,70,0
889,889,19364,"Werenski, Richy",2024-493,2024-11-23,2024,69,1
889,889,16395,"Kohles, Ben",2024-493,2024-11-23,2024,69,0
889,889,14050,"Sloan, Roger",2024-493,2024-11-23,2024,69,0
889,889,11049,"Simpson, Webb",2024-493,2024-11-23,2024,69,0
889,889,14926,"Malnati, Peter",2022-493,2022-11-19,2022,70,0
889,889,14926,"Malnati, Peter",2023-549,2023-11-18,2023,79,1
889,889,14926,"Malnati, Peter",2024-493,2024-11-23,2024,69,2
889,889,27780,"Crowe, Trace",2024-493,2024-11-23,2024,69,0
889,889,16776,"Bide, Francisco",2024-493,2024-11-23,2024,69,0
889,889,15473,"Long, Adam",2022-493,2022-11-19,2022,70,0
889,889,15473,"Long, Adam",2023-549,2023-11-18,2023,79,1
889,889,16757,"Dou, Zecheng",2023-549,2023-11-18,2023,79,0
889,889,7655,"Molinari, Francesco",2022-493,2022-11-19,2022,70,0
889,889,7655,"Molinari, Francesco",2023-549,2023-11-18,2023,79,1
889,889,17780,"Pendrith, Taylor",2023-549,2023-11-18,2023,79,0
889,889,12359,"Stallings, Scott",2023-549,2023-11-18,2023,79,0
889,889,6986,"Johnson, Zach",2023-549,2023-11-18,2023,79,0
889,889,6931,"Byrd, Jonathan",2023-549,2023-11-18,2023,79,0
889,889,11657,"Norlander, Henrik",2021-493,2021-11-20,2021,71,0
889,889,11657,"Norlander, Henrik",2023-549,2023-11-18,2023,79,1
889,889,8085,"Teater, Josh",2023-549,2023-11-18,2023,79,0
889,889,8479,"Harrington, Scott",2022-493,2022-11-19,2022,70,0
889,889,8479,"Harrington, Scott",2023-549,2023-11-18,2023,79,1
889,889,14007,"Martin, Ben",2023-549,2023-11-18,2023,79,0
889,889,23505,"McGreevy, Max",2023-549,2023-11-18,2023,79,0
889,889,18424,"Roy, Kevin",2023-549,2023-11-18,2023,79,0
889,889,24481,"Redman, Doc",2023-549,2023-11-18,2023,79,0
889,889,25363,"Buckley, Hayden",2021-493,2021-11-20,2021,71,0
889,889,25363,"Buckley, Hayden",2023-549,2023-11-18,2023,79,1
889,889,17881,"Yu, Kevin",2021-493,2021-11-20,2021,71,0
889,889,17881,"Yu, Kevin",2023-549,2023-11-18,2023,79,1
889,889,5716,"Harrington, Padraig",2023-549,2023-11-18,2023,79,0
889,889,14815,"Lingmerth, David",2023-549,2023-11-18,2023,79,0
889,889,16796,"Nunez, Augusto",2023-549,2023-11-18,2023,79,0
889,889,11276,"Horschel, Billy",2023-549,2023-11-18,2023,79,0
889,889,12846,"Herman, Jim",2023-549,2023-11-18,2023,79,0
889,889,8571,"Gomez, Fabian",2023-549,2023-11-18,2023,79,0
889,889,8469,"Armour, Ryan",2021-493,2021-11-20,2021,71,0
889,889,8469,"Armour, Ryan",2023-549,2023-11-18,2023,79,1
889,889,8480,"Streelman, Kevin",2023-549,2023-11-18,2023,79,0
889,889,14655,"Murray, Grayson",2023-549,2023-11-18,2023,79,0
889,889,7293,"Walker, Jimmy",2021-493,2021-11-20,2021,71,0
889,889,7293,"Walker, Jimmy",2023-549,2023-11-18,2023,79,1
889,889,13404,"Gligic, Michael",2022-493,2022-11-19,2022,70,0
889,889,13404,"Gligic, Michael",2023-549,2023-11-18,2023,79,1
889,889,7820,"Palmer, Ryan",2023-549,2023-11-18,2023,79,0
889,889,19948,"Taylor, Ben",2023-549,2023-11-18,2023,79,0
889,889,8182,"Blixt, Jonas",2023-549,2023-11-18,2023,79,0
889,889,31803,"Tilton, Jacob",2023-549,2023-11-18,2023,79,0
889,889,14852,"Streb, Robert",2022-493,2022-11-19,2022,70,0
889,889,15556,"Hughes, Mackenzie",2022-493,2022-11-19,2022,70,0
889,889,5665,"Cink, Stewart",2022-493,2022-11-19,2022,70,0
889,889,6169,"Kuchar, Matt",2022-493,2022-11-19,2022,70,0
889,889,13127,"Tway, Kevin",2022-493,2022-11-19,2022,70,0
889,889,9771,"Day, Jason",2022-493,2022-11-19,2022,70,0
889,889,27194,"Hall, Harry",2022-493,2022-11-19,2022,70,0
889,889,7881,"Kang, Sung",2022-493,2022-11-19,2022,70,0
889,889,19742,"Godsey, Conner",2022-493,2022-11-19,2022,70,0
889,889,7899,"Piercy, Scott",2022-493,2022-11-19,2022,70,0
889,889,18554,"Rai, Aaron",2022-493,2022-11-19,2022,70,0
889,889,14459,"An, Byeong Hun",2022-493,2022-11-19,2022,70,0
889,889,5768,"Hoffman, Charley",2022-493,2022-11-19,2022,70,0
889,889,19208,"Endycott, Harrison",2022-493,2022-11-19,2022,70,0
889,889,23475,"Novak, Andrew",2022-493,2022-11-19,2022,70,0
889,889,17511,"Straka, Sepp",2021-493,2021-11-20,2021,71,0
889,889,17511,"Straka, Sepp",2022-493,2022-11-19,2022,70,1
889,889,12946,"Thompson, Michael",2022-493,2022-11-19,2022,70,0
889,889,21943,"Lebioda, Hank",2021-493,2021-11-20,2021,71,0
889,889,21943,"Lebioda, Hank",2022-493,2022-11-19,2022,70,1
889,889,27364,"Thompson, Davis",2022-493,2022-11-19,2022,70,0
889,889,21944,"Moore, Taylor",2022-493,2022-11-19,2022,70,0
889,889,7217,"Weinhart, Tim",2022-493,2022-11-19,2022,70,0
889,889,13305,"Chappell, Kevin",2022-493,2022-11-19,2022,70,0
889,889,13022,"Stuard, Brian",2022-493,2022-11-19,2022,70,0
889,889,10877,"Goya, Tano",2022-493,2022-11-19,2022,70,0
889,889,26013,"Nimmer, Bryson",2022-493,2022-11-19,2022,70,0
889,889,15980,"Lipsky, David",2021-493,2021-11-20,2021,71,0
889,889,18695,"Hagy, Brandon",2021-493,2021-11-20,2021,71,0
889,889,11451,"Garnett, Brice",2021-493,2021-11-20,2021,71,0
889,889,11082,"Burgoon, Bronson",2021-493,2021-11-20,2021,71,0
889,889,18474,"Smalley, Alex",2021-493,2021-11-20,2021,71,0
889,889,12808,"Grillo, Emiliano",2021-493,2021-11-20,2021,71,0
889,889,17538,"Homa, Max",2021-493,2021-11-20,2021,71,0
889,889,12423,"Kirk, Chris",2021-493,2021-11-20,2021,71,0
889,889,20519,"Tarren, Callum",2021-493,2021-11-20,2021,71,0
889,889,16394,"Jaeger, Stephan",2021-493,2021-11-20,2021,71,0
889,889,8605,"Jones, Matt",2021-493,2021-11-20,2021,71,0
889,889,15852,"Kraft, Kelly",2021-493,2021-11-20,2021,71,0
889,889,18079,"Niemann, Joaquin",2021-493,2021-11-20,2021,71,0
889,889,7305,"Gutschewski, Scott",2021-493,2021-11-20,2021,71,0
889,889,10419,"Noren, Alex",2021-493,2021-11-20,2021,71,0
889,889,7548,"McDowell, Graeme",2021-493,2021-11-20,2021,71,0
889,889,16715,"Ryder, Sam",2021-493,2021-11-20,2021,71,0
889,889,14698,"Bramlett, Joseph",2021-493,2021-11-20,2021,71,0
889,889,21554,"Poston, J.T.",2021-493,2021-11-20,2021,71,0
889,889,13872,"Bradley, Keegan",2021-493,2021-11-20,2021,71,0
889,889,11955,"Frittelli, Dylan",2021-493,2021-11-20,2021,71,0
889,889,15634,"Trainer, Martin",2021-493,2021-11-20,2021,71,0
919,919,24968,"Griffin, Ben",2025-457,2025-11-08,2025,1,0
919,919,19840,"Ramey, Chad",2025-457,2025-11-08,2025,2,0
919,919,23816,"Valimaki, Sami",2025-457,2025-11-08,2025,2,0
919,919,24342,"Higgo, Garrick",2025-457,2025-11-08,2025,4,0
919,919,21880,"Cone, Trevor",2025-457,2025-11-08,2025,4,0
919,919,23656,"Young, Carson",2025-457,2025-11-08,2025,6,0
919,919,16283,"Rodgers, Patrick",2025-457,2025-11-08,2025,6,0
919,919,20722,"Schmid, Matti",2025-457,2025-11-08,2025,8,0
919,919,28270,"Dunlap, Nick",2025-457,2025-11-08,2025,8,0
919,919,21756,"Cole, Eric",2025-457,2025-11-08,2025,10,0
919,919,6169,"Kuchar, Matt",2025-457,2025-11-08,2025,11,0
919,919,29279,"Suber, Jackson",2025-457,2025-11-08,2025,11,0
919,919,17536,"Spaun, J.J.",2025-457,2025-11-08,2025,11,0
919,919,22833,"Echavarria, Nico",2025-457,2025-11-08,2025,14,0
919,919,13412,"Olesen, Thorbjorn",2025-457,2025-11-08,2025,14,0
919,919,22087,"Paul, Jeremy",2025-457,2025-11-08,2025,16,0
919,919,22736,"Rosenmueller, Thomas",2025-457,2025-11-08,2025,17,0
919,919,25908,"Whaley, Vince",2025-457,2025-11-08,2025,17,0
919,919,15470,"Hossler, Beau",2025-457,2025-11-08,2025,17,0
919,919,27820,"Pak, John",2025-457,2025-11-08,2025,17,0
919,919,15575,"Hoge, Tom",2025-457,2025-11-08,2025,21,0
919,919,17381,"Silverman, Ben",2025-457,2025-11-08,2025,21,0
919,919,20730,"Perez, Victor",2025-457,2025-11-08,2025,21,0
919,919,21944,"Moore, Taylor",2025-457,2025-11-08,2025,21,0
919,919,13997,"Svensson, Adam",2025-457,2025-11-08,2025,21,0
919,919,23504,"Hoey, Rico",2025-457,2025-11-08,2025,21,0
919,919,10104,"Power, Seamus",2025-457,2025-11-08,2025,27,0
919,919,15651,"Ventura, Kris",2025-457,2025-11-08,2025,27,0
919,919,7655,"Molinari, Francesco",2025-457,2025-11-08,2025,27,0
919,919,31212,"Chandler, Will",2025-457,2025-11-08,2025,27,0
919,919,24550,"Ghim, Doug",2025-457,2025-11-08,2025,31,0
919,919,23540,"Andersen, Mason",2025-457,2025-11-08,2025,31,0
919,919,28309,"Coody, Pierceson",2025-457,2025-11-08,2025,31,0
919,919,13470,"Kizzire, Patton",2025-457,2025-11-08,2025,31,0
919,919,26649,"Thorbjornsen, Michael",2025-457,2025-11-08,2025,31,0
919,919,19960,"Pavon, Matthieu",2025-457,2025-11-08,2025,31,0
919,919,15980,"Lipsky, David",2025-457,2025-11-08,2025,31,0
919,919,20706,"Wallace, Matt",2025-457,2025-11-08,2025,31,0
919,919,17723,"Lower, Justin",2025-457,2025-11-08,2025,31,0
919,919,22760,"Hisatsune, Ryo",2025-457,2025-11-08,2025,40,0
919,919,29770,"Mouw, William",2025-457,2025-11-08,2025,40,0
919,919,14509,"Dahmen, Joel",2025-457,2025-11-08,2025,40,0
919,919,25157,"Hodges, Lee",2025-457,2025-11-08,2025,40,0
919,919,14704,"Putnam, Andrew",2025-457,2025-11-08,2025,40,0
919,919,31343,"Ford, David",2025-457,2025-11-08,2025,40,0
919,919,32330,"Clanton, Luke",2025-457,2025-11-08,2025,46,0
919,919,10873,"Skinns, David",2025-457,2025-11-08,2025,46,0
919,919,27420,"Dickson, Taylor",2025-457,2025-11-08,2025,46,0
919,919,23482,"Sigg, Greyson",2025-457,2025-11-08,2025,46,0
919,919,28146,"Knade, Peter",2025-457,2025-11-08,2025,46,0
919,919,29433,"Bridgeman, Jacob",2025-457,2025-11-08,2025,46,0
919,919,30739,"Madariaga, Alejandro",2025-457,2025-11-08,2025,46,0
919,919,11441,"Covello, Vince",2025-457,2025-11-08,2025,53,0
919,919,13965,"Hadwin, Adam",2025-457,2025-11-08,2025,53,0
919,919,26657,"Fisk, Steven",2025-457,2025-11-08,2025,53,0
919,919,25363,"Buckley, Hayden",2025-457,2025-11-08,2025,56,0
919,919,23505,"McGreevy, Max",2025-457,2025-11-08,2025,56,0
919,919,12808,"Grillo, Emiliano",2025-457,2025-11-08,2025,56,0
919,919,29197,"Brennan, Michael",2025-457,2025-11-08,2025,59,0
919,919,26653,"Eckroat, Austin",2025-457,2025-11-08,2025,59,0
919,919,17639,"Blair, Zac",2025-457,2025-11-08,2025,59,0
919,919,23465,"Greyserman, Max",2025-457,2025-11-08,2025,62,0
919,919,26660,"Gordon, Will",2025-457,2025-11-08,2025,63,0
919,919,16395,"Kohles, Ben",2025-457,2025-11-08,2025,63,0
919,919,17365,"Mitchell, Keith",2025-457,2025-11-08,2025,63,0
919,919,19729,"Kanaya, Takumi",2025-457,2025-11-08,2025,63,0
919,919,30814,"Sargent, Gordon",2025-457,2025-11-08,2025,63,0
919,919,24837,"Goodwin, Noah",2025-457,2025-11-08,2025,63,0
919,919,27762,"Velo, Kevin",2025-457,2025-11-08,2025,69,0
919,919,19477,"Schenk, Adam",2025-457,2025-11-08,2025,69,0
919,919,8480,"Streelman, Kevin",2025-457,2025-11-08,2025,71,0
919,919,27996,"Cummins, Quade",2025-457,2025-11-08,2025,72,0
919,919,28016,"Gonzalez, Emilio",2025-457,2025-11-08,2025,72,0
919,919,19190,"Hoshino, Rikuya",2025-457,2025-11-08,2025,74,0
919,919,7960,"List, Luke",2025-457,2025-11-08,2025,75,0
919,919,33761,"Weaver, Tyler",2025-457,2025-11-08,2025,76,0
919,919,19865,"Hardy, Nick",2025-457,2025-11-08,2025,76,0
919,919,21995,"Springer, Hayden",2025-457,2025-11-08,2025,76,0
919,919,16333,"Hubbard, Mark",2025-457,2025-11-08,2025,76,0
919,919,27819,"Castillo, Ricky",2025-457,2025-11-08,2025,76,0
919,919,8820,"Snedeker, Brandt",2025-457,2025-11-08,2025,76,0
919,919,19872,"Riley, Davis",2025-457,2025-11-08,2025,76,0
919,919,32457,"Keefer, Johnny",2025-457,2025-11-08,2025,76,0
919,919,25094,"Fishburn, Patrick",2025-457,2025-11-08,2025,76,0
919,919,7820,"Palmer, Ryan",2025-457,2025-11-08,2025,76,0
919,919,16341,"Peterson, Paul",2025-457,2025-11-08,2025,76,0
919,919,15556,"Hughes, Mackenzie",2025-457,2025-11-08,2025,76,0
919,919,4163,"Donald, Luke",2025-457,2025-11-08,2025,76,0
919,919,23604,"Clark, Wyndham",2025-457,2025-11-08,2025,76,0
919,919,13126,"Taylor, Nick",2025-457,2025-11-08,2025,76,0
919,919,11657,"Norlander, Henrik",2025-457,2025-11-08,2025,76,0
919,919,25442,"Montgomery, Taylor",2025-457,2025-11-08,2025,76,0
919,919,30891,"Morales, Omar",2025-457,2025-11-08,2025,76,0
919,919,15330,"Griffin, Lanto",2025-457,2025-11-08,2025,76,0
919,919,28469,"Highsmith, Joe",2025-457,2025-11-08,2025,76,0
919,919,27164,"Phillips, Chandler",2025-457,2025-11-08,2025,76,0
919,919,17881,"Yu, Kevin",2025-457,2025-11-08,2025,76,0
919,919,18424,"Roy, Kevin",2025-457,2025-11-08,2025,76,0
919,919,24538,"Longmire, David",2025-457,2025-11-08,2025,76,0
919,919,25263,"Onishi, Kaito",2025-457,2025-11-08,2025,76,0
919,919,17422,"Del Solar, Cristobal",2025-457,2025-11-08,2025,76,0
919,919,18761,"Mullinax, Trey",2025-457,2025-11-08,2025,76,0
919,919,21412,"Capan III, Frankie",2025-457,2025-11-08,2025,76,0
919,919,27183,"Salinda, Isaiah",2025-457,2025-11-08,2025,76,0
919,919,15676,"Norgaard, Niklas",2025-457,2025-11-08,2025,76,0
919,919,15004,"Kim, Chan",2025-457,2025-11-08,2025,76,0
919,919,17550,"van Rooyen, Erik",2025-457,2025-11-08,2025,76,0
919,919,16394,"Jaeger, Stephan",2025-457,2025-11-08,2025,76,0
919,919,18770,"Rozner, Antoine",2025-457,2025-11-08,2025,76,0
919,919,14140,"Higgs, Harry",2025-457,2025-11-08,2025,76,0
919,919,12909,"Campos, Rafael",2025-457,2025-11-08,2025,76,0
919,919,16715,"Ryder, Sam",2025-457,2025-11-08,2025,76,0
919,919,23502,"Thornberry, Braden",2025-457,2025-11-08,2025,76,0
919,919,19620,"Pereda, Raul",2025-457,2025-11-08,2025,76,0
919,919,30892,"Riedel, Matthew",2025-457,2025-11-08,2025,76,0
919,919,34683,"Gil Leyva, Emilio",2025-457,2025-11-08,2025,76,0
919,919,13196,"Sapp, Garrett",2025-457,2025-11-08,2025,76,0
919,919,26850,"Svensson, Jesper",2025-457,2025-11-08,2025,76,0
919,919,34709,"Park, Hogan",2025-457,2025-11-08,2025,76,0
500,500,13562,"Matsuyama, Hideki",2021-7,2021-02-20,2021,68,0
500,9,13562,"Matsuyama, Hideki",2021-9,2021-03-06,2021,18,1
500,14,13562,"Matsuyama, Hideki",2021-536,2021-04-10,2021,1,2
500,23,13562,"Matsuyama, Hideki",2021-23,2021-06-05,2021,62,3
500,500,13562,"Matsuyama, Hideki",2022-7,2022-02-19,2022,39,4
500,9,13562,"Matsuyama, Hideki",2022-9,2022-03-05,2022,20,5
500,14,13562,"Matsuyama, Hideki",2022-14,2022-04-09,2022,14,6
500,500,13562,"Matsuyama, Hideki",2023-7,2023-02-18,2023,68,7
500,9,13562,"Matsuyama, Hideki",2023-9,2023-03-04,2023,73,8
500,14,13562,"Matsuyama, Hideki",2023-14,2023-04-08,2023,16,9
500,23,13562,"Matsuyama, Hideki",2023-23,2023-06-03,2023,16,10
500,500,13562,"Matsuyama, Hideki",2024-7,2024-02-17,2024,1,11
500,9,13562,"Matsuyama, Hideki",2024-9,2024-03-09,2024,12,12
500,14,13562,"Matsuyama, Hideki",2024-14,2024-04-13,2024,38,13
500,23,13562,"Matsuyama, Hideki",2024-23,2024-06-08,2024,8,14
500,9,13562,"Matsuyama, Hideki",2025-9,2025-03-08,2025,22,15
500,14,13562,"Matsuyama, Hideki",2025-14,2025-04-12,2025,21,16
500,241,13562,"Matsuyama, Hideki",2025-33,2025-05-17,2025,75,17
500,23,13562,"Matsuyama, Hideki",2025-23,2025-05-31,2025,38,18
500,500,19428,"Zalatoris, Will",2021-7,2021-02-20,2021,15,0
500,9,19428,"Zalatoris, Will",2021-9,2021-03-06,2021,10,1
500,14,19428,"Zalatoris, Will",2021-536,2021-04-10,2021,2,2
500,872,19428,"Zalatoris, Will",2021-480,2021-05-08,2021,78,3
500,500,19428,"Zalatoris, Will",2022-7,2022-02-19,2022,26,4
500,9,19428,"Zalatoris, Will",2022-9,2022-03-05,2022,38,5
500,14,19428,"Zalatoris, Will",2022-14,2022-04-09,2022,6,6
500,23,19428,"Zalatoris, Will",2022-23,2022-06-04,2022,5,7
500,500,19428,"Zalatoris, Will",2023-7,2023-02-18,2023,4,8
500,9,19428,"Zalatoris, Will",2023-9,2023-03-04,2023,53,9
500,500,19428,"Zalatoris, Will",2024-7,2024-02-17,2024,2,10
500,9,19428,"Zalatoris, Will",2024-9,2024-03-09,2024,4,11
500,14,19428,"Zalatoris, Will",2024-14,2024-04-13,2024,9,12
500,872,19428,"Zalatoris, Will",2024-480,2024-05-11,2024,60,13
500,23,19428,"Zalatoris, Will",2024-23,2024-06-08,2024,41,14
500,9,19428,"Zalatoris, Will",2025-9,2025-03-08,2025,22,15
500,14,19428,"Zalatoris, Will",2025-14,2025-04-12,2025,53,16
500,241,19428,"Zalatoris, Will",2025-33,2025-05-17,2025,75,17
500,500,7960,"List, Luke",2021-7,2021-02-20,2021,68,0
500,9,7960,"List, Luke",2021-9,2021-03-06,2021,63,1
500,872,7960,"List, Luke",2021-480,2021-05-08,2021,6,2
500,23,7960,"List, Luke",2021-23,2021-06-05,2021,69,3
500,500,7960,"List, Luke",2022-7,2022-02-19,2022,76,4
500,9,7960,"List, Luke",2022-9,2022-03-05,2022,78,5
500,14,7960,"List, Luke",2022-14,2022-04-09,2022,53,6
500,23,7960,"List, Luke",2022-23,2022-06-04,2022,26,7
500,500,7960,"List, Luke",2023-7,2023-02-18,2023,29,8
500,9,7960,"List, Luke",2023-9,2023-03-04,2023,73,9
500,872,7960,"List, Luke",2023-480,2023-05-06,2023,69,10
500,23,7960,"List, Luke",2023-23,2023-06-03,2023,16,11
500,500,7960,"List, Luke",2024-7,2024-02-17,2024,2,12
500,9,7960,"List, Luke",2024-9,2024-03-09,2024,56,13
500,14,7960,"List, Luke",2024-14,2024-04-13,2024,38,14
500,500,13965,"Hadwin, Adam",2021-7,2021-02-20,2021,26,0
500,9,13965,"Hadwin, Adam",2021-9,2021-03-06,2021,73,1
500,872,13965,"Hadwin, Adam",2021-480,2021-05-08,2021,78,2
500,23,13965,"Hadwin, Adam",2021-23,2021-06-05,2021,69,3
500,500,13965,"Hadwin, Adam",2022-7,2022-02-19,2022,76,4
500,23,13965,"Hadwin, Adam",2022-23,2022-06-04,2022,18,5
500,500,13965,"Hadwin, Adam",2023-7,2023-02-18,2023,66,6
500,9,13965,"Hadwin, Adam",2023-9,2023-03-04,2023,73,7
500,872,13965,"Hadwin, Adam",2023-480,2023-05-06,2023,69,8
500,23,13965,"Hadwin, Adam",2023-23,2023-06-03,2023,66,9
500,500,13965,"Hadwin, Adam",2024-7,2024-02-17,2024,4,10
500,9,13965,"Hadwin, Adam",2024-9,2024-03-09,2024,52,11
500,14,13965,"Hadwin, Adam",2024-14,2024-04-13,2024,53,12
500,872,13965,"Hadwin, Adam",2024-480,2024-05-11,2024,52,13
500,23,13965,"Hadwin, Adam",2024-23,2024-06-08,2024,3,14
500,9,13965,"Hadwin, Adam",2025-9,2025-03-08,2025,45,15
500,241,13965,"Hadwin, Adam",2025-33,2025-05-17,2025,75,16
500,23,13965,"Hadwin, Adam",2025-23,2025-05-31,2025,51,17
500,500,19895,"Schauffele, Xander",2021-7,2021-02-20,2021,15,0
500,14,19895,"Schauffele, Xander",2021-536,2021-04-10,2021,3,1
500,872,19895,"Schauffele, Xander",2021-480,2021-05-08,2021,14,2
500,23,19895,"Schauffele, Xander",2021-23,2021-06-05,2021,11,3
500,500,19895,"Schauffele, Xander",2022-7,2022-02-19,2022,13,4
500,14,19895,"Schauffele, Xander",2022-14,2022-04-09,2022,53,5
500,23,19895,"Schauffele, Xander",2022-23,2022-06-04,2022,18,6
500,500,19895,"Schauffele, Xander",2023-7,2023-02-18,2023,33,7
500,9,19895,"Schauffele, Xander",2023-9,2023-03-04,2023,39,8
500,14,19895,"Schauffele, Xander",2023-14,2023-04-08,2023,10,9
500,872,19895,"Schauffele, Xander",2023-480,2023-05-06,2023,2,10
500,23,19895,"Schauffele, Xander",2023-23,2023-06-03,2023,24,11
500,500,19895,"Schauffele, Xander",2024-7,2024-02-17,2024,4,12
500,9,19895,"Schauffele, Xander",2024-9,2024-03-09,2024,25,13
500,14,19895,"Schauffele, Xander",2024-14,2024-04-13,2024,8,14
500,872,19895,"Schauffele, Xander",2024-480,2024-05-11,2024,2,15
500,23,19895,"Schauffele, Xander",2024-23,2024-06-08,2024,8,16
500,9,19895,"Schauffele, Xander",2025-9,2025-03-08,2025,40,17
500,14,19895,"Schauffele, Xander",2025-14,2025-04-12,2025,8,18
500,241,19895,"Schauffele, Xander",2025-33,2025-05-17,2025,28,19
500,23,19895,"Schauffele, Xander",2025-23,2025-05-31,2025,25,20
500,500,15466,"Cantlay, Patrick",2021-7,2021-02-20,2021,15,0
500,14,15466,"Cantlay, Patrick",2021-536,2021-04-10,2021,55,1
500,872,15466,"Cantlay, Patrick",2021-480,2021-05-08,2021,78,2
500,23,15466,"Cantlay, Patrick",2021-23,2021-06-05,2021,1,3
500,500,15466,"Cantlay, Patrick",2022-7,2022-02-19,2022,33,4
500,14,15466,"Cantlay, Patrick",2022-14,2022-04-09,2022,39,5
500,23,15466,"Cantlay, Patrick",2022-23,2022-06-04,2022,3,6
500,500,15466,"Cantlay, Patrick",2023-7,2023-02-18,2023,3,7
500,9,15466,"Cantlay, Patrick",2023-9,2023-03-04,2023,4,8
500,14,15466,"Cantlay, Patrick",2023-14,2023-04-08,2023,14,9
500,872,15466,"Cantlay, Patrick",2023-480,2023-05-06,2023,21,10
500,23,15466,"Cantlay, Patrick",2023-23,2023-06-03,2023,30,11
500,500,15466,"Cantlay, Patrick",2024-7,2024-02-17,2024,4,12
500,9,15466,"Cantlay, Patrick",2024-9,2024-03-09,2024,36,13
500,14,15466,"Cantlay, Patrick",2024-14,2024-04-13,2024,22,14
500,872,15466,"Cantlay, Patrick",2024-480,2024-05-11,2024,29,15
500,23,15466,"Cantlay, Patrick",2024-23,2024-06-08,2024,53,16
500,9,15466,"Cantlay, Patrick",2025-9,2025-03-08,2025,31,17
500,14,15466,"Cantlay, Patrick",2025-14,2025-04-12,2025,36,18
500,241,15466,"Cantlay, Patrick",2025-33,2025-05-17,2025,75,19
500,23,15466,"Cantlay, Patrick",2025-23,2025-05-31,2025,12,20
500,9,14577,"English, Harris",2021-9,2021-03-06,2021,26,0
500,14,14577,"English, Harris",2021-536,2021-04-10,2021,21,1
500,872,14577,"English, Harris",2021-480,2021-05-08,2021,43,2
500,23,14577,"English, Harris",2022-23,2022-06-04,2022,71,3
500,500,14577,"English, Harris",2023-7,2023-02-18,2023,12,4
500,9,14577,"English, Harris",2023-9,2023-03-04,2023,2,5
500,14,14577,"English, Harris",2023-14,2023-04-08,2023,43,6
500,872,14577,"English, Harris",2023-480,2023-05-06,2023,3,7
500,23,14577,"English, Harris",2023-23,2023-06-03,2023,52,8
500,500,14577,"English, Harris",2024-7,2024-02-17,2024,7,9
500,9,14577,"English, Harris",2024-9,2024-03-09,2024,21,10
500,14,14577,"English, Harris",2024-14,2024-04-13,2024,22,11
500,872,14577,"English, Harris",2024-480,2024-05-11,2024,34,12
500,23,14577,"English, Harris",2024-23,2024-06-08,2024,53,13
500,9,14577,"English, Harris",2025-9,2025-03-08,2025,51,14
500,14,14577,"English, Harris",2025-14,2025-04-12,2025,12,15
500,241,14577,"English, Harris",2025-33,2025-05-17,2025,2,16
500,23,14577,"English, Harris",2025-23,2025-05-31,2025,12,17
500,500,15575,"Hoge, Tom",2021-7,2021-02-20,2021,52,0
500,9,15575,"Hoge, Tom",2021-9,2021-03-06,2021,73,1
500,872,15575,"Hoge, Tom",2021-480,2021-05-08,2021,78,2
500,23,15575,"Hoge, Tom",2021-23,2021-06-05,2021,69,3
500,500,15575,"Hoge, Tom",2022-7,2022-02-19,2022,76,4
500,9,15575,"Hoge, Tom",2022-9,2022-03-05,2022,32,5
500,14,15575,"Hoge, Tom",2022-14,2022-04-09,2022,39,6
500,23,15575,"Hoge, Tom",2022-23,2022-06-04,2022,71,7
500,500,15575,"Hoge, Tom",2023-7,2023-02-18,2023,14,8
500,9,15575,"Hoge, Tom",2023-9,2023-03-04,2023,73,9
500,14,15575,"Hoge, Tom",2023-14,2023-04-08,2023,54,10
500,23,15575,"Hoge, Tom",2023-23,2023-06-03,2023,65,11
500,500,15575,"Hoge, Tom",2024-7,2024-02-17,2024,8,12
500,9,15575,"Hoge, Tom",2024-9,2024-03-09,2024,12,13
500,872,15575,"Hoge, Tom",2024-480,2024-05-11,2024,38,14
500,23,15575,"Hoge, Tom",2024-23,2024-06-08,2024,45,15
500,9,15575,"Hoge, Tom",2025-9,2025-03-08,2025,40,16
500,14,15575,"Hoge, Tom",2025-14,2025-04-12,2025,14,17
500,241,15575,"Hoge, Tom",2025-33,2025-05-17,2025,75,18
500,23,15575,"Hoge, Tom",2025-23,2025-05-31,2025,7,19
500,9,9771,"Day, Jason",2021-9,2021-03-06,2021,31,0
500,14,9771,"Day, Jason",2021-536,2021-04-10,2021,55,1
500,872,9771,"Day, Jason",2021-480,2021-05-08,2021,78,2
500,23,9771,"Day, Jason",2022-23,2022-06-04,2022,31,3
500,500,9771,"Day, Jason",2023-7,2023-02-18,2023,9,4
500,9,9771,"Day, Jason",2023-9,2023-03-04,2023,10,5
500,14,9771,"Day, Jason",2023-14,2023-04-08,2023,39,6
500,872,9771,"Day, Jason",2023-480,2023-05-06,2023,69,7
500,23,9771,"Day, Jason",2023-23,2023-06-03,2023,66,8
500,500,9771,"Day, Jason",2024-7,2024-02-17,2024,9,9
500,9,9771,"Day, Jason",2024-9,2024-03-09,2024,36,10
500,14,9771,"Day, Jason",2024-14,2024-04-13,2024,30,11
500,872,9771,"Day, Jason",2024-480,2024-05-11,2024,4,12
500,23,9771,"Day, Jason",2024-23,2024-06-08,2024,33,13
500,9,9771,"Day, Jason",2025-9,2025-03-08,2025,8,14
500,14,9771,"Day, Jason",2025-14,2025-04-12,2025,8,15
500,241,9771,"Day, Jason",2025-33,2025-05-17,2025,75,16
500,9,12294,"Fleetwood, Tommy",2021-9,2021-03-06,2021,10,0
500,14,12294,"Fleetwood, Tommy",2021-536,2021-04-10,2021,46,1
500,872,12294,"Fleetwood, Tommy",2021-480,2021-05-08,2021,14,2
500,9,12294,"Fleetwood, Tommy",2022-9,2022-03-05,2022,20,3
500,14,12294,"Fleetwood, Tommy",2022-14,2022-04-09,2022,14,4
500,500,12294,"Fleetwood, Tommy",2023-7,2023-02-18,2023,20,5
500,9,12294,"Fleetwood, Tommy",2023-9,2023-03-04,2023,61,6
500,14,12294,"Fleetwood, Tommy",2023-14,2023-04-08,2023,33,7
500,872,12294,"Fleetwood, Tommy",2023-480,2023-05-06,2023,5,8
500,500,12294,"Fleetwood, Tommy",2024-7,2024-02-17,2024,10,9
500,9,12294,"Fleetwood, Tommy",2024-9,2024-03-09,2024,58,10
500,14,12294,"Fleetwood, Tommy",2024-14,2024-04-13,2024,3,11
500,872,12294,"Fleetwood, Tommy",2024-480,2024-05-11,2024,13,12
500,23,12294,"Fleetwood, Tommy",2024-23,2024-06-08,2024,20,13
500,9,12294,"Fleetwood, Tommy",2025-9,2025-03-08,2025,11,14
500,14,12294,"Fleetwood, Tommy",2025-14,2025-04-12,2025,21,15
500,241,12294,"Fleetwood, Tommy",2025-33,2025-05-17,2025,41,16
500,23,12294,"Fleetwood, Tommy",2025-23,2025-05-31,2025,16,17
500,500,18417,"Scheffler, Scottie",2021-7,2021-02-20,2021,20,0
500,14,18417,"Scheffler, Scottie",2021-536,2021-04-10,2021,18,1
500,23,18417,"Scheffler, Scottie",2021-23,2021-06-05,2021,3,2
500,500,18417,"Scheffler, Scottie",2022-7,2022-02-19,2022,7,3
500,9,18417,"Scheffler, Scottie",2022-9,2022-03-05,2022,1,4
500,14,18417,"Scheffler, Scottie",2022-14,2022-04-09,2022,1,5
500,500,18417,"Scheffler, Scottie",2023-7,2023-02-18,2023,12,6
500,9,18417,"Scheffler, Scottie",2023-9,2023-03-04,2023,4,7
500,14,18417,"Scheffler, Scottie",2023-14,2023-04-08,2023,10,8
500,23,18417,"Scheffler, Scottie",2023-23,2023-06-03,2023,3,9
500,500,18417,"Scheffler, Scottie",2024-7,2024-02-17,2024,10,10
500,9,18417,"Scheffler, Scottie",2024-9,2024-03-09,2024,1,11
500,14,18417,"Scheffler, Scottie",2024-14,2024-04-13,2024,1,12
500,23,18417,"Scheffler, Scottie",2024-23,2024-06-08,2024,1,13
500,9,18417,"Scheffler, Scottie",2025-9,2025-03-08,2025,11,14
500,14,18417,"Scheffler, Scottie",2025-14,2025-04-12,2025,4,15
500,241,18417,"Scheffler, Scottie",2025-33,2025-05-17,2025,1,16
500,23,18417,"Scheffler, Scottie",2025-23,2025-05-31,2025,1,17
500,500,19483,"Burns, Sam",2021-7,2021-02-20,2021,3,0
500,9,19483,"Burns, Sam",2021-9,2021-03-06,2021,73,1
500,23,19483,"Burns, Sam",2021-23,2021-06-05,2021,50,2
500,500,19483,"Burns, Sam",2022-7,2022-02-19,2022,76,3
500,9,19483,"Burns, Sam",2022-9,2022-03-05,2022,9,4
500,14,19483,"Burns, Sam",2022-14,2022-04-09,2022,53,5
500,500,19483,"Burns, Sam",2023-7,2023-02-18,2023,68,6
500,9,19483,"Burns, Sam",2023-9,2023-03-04,2023,73,7
500,14,19483,"Burns, Sam",2023-14,2023-04-08,2023,29,8
500,872,19483,"Burns, Sam",2023-480,2023-05-06,2023,69,9
500,23,19483,"Burns, Sam",2023-23,2023-06-03,2023,16,10
500,500,19483,"Burns, Sam",2024-7,2024-02-17,2024,10,11
500,9,19483,"Burns, Sam",2024-9,2024-03-09,2024,30,12
500,14,19483,"Burns, Sam",2024-14,2024-04-13,2024,61,13
500,872,19483,"Burns, Sam",2024-480,2024-05-11,2024,13,14
500,23,19483,"Burns, Sam",2024-23,2024-06-08,2024,15,15
500,9,19483,"Burns, Sam",2025-9,2025-03-08,2025,48,16
500,14,19483,"Burns, Sam",2025-14,2025-04-12,2025,46,17
500,241,19483,"Burns, Sam",2025-33,2025-05-17,2025,19,18
500,23,19483,"Burns, Sam",2025-23,2025-05-31,2025,12,19
500,500,21554,"Poston, J.T.",2021-7,2021-02-20,2021,43,0
500,9,21554,"Poston, J.T.",2021-9,2021-03-06,2021,73,1
500,872,21554,"Poston, J.T.",2021-480,2021-05-08,2021,26,2
500,23,21554,"Poston, J.T.",2021-23,2021-06-05,2021,65,3
500,500,21554,"Poston, J.T.",2022-7,2022-02-19,2022,76,4
500,23,21554,"Poston, J.T.",2022-23,2022-06-04,2022,37,5
500,500,21554,"Poston, J.T.",2023-7,2023-02-18,2023,68,6
500,14,21554,"Poston, J.T.",2023-14,2023-04-08,2023,34,7
500,872,21554,"Poston, J.T.",2023-480,2023-05-06,2023,69,8
500,23,21554,"Poston, J.T.",2023-23,2023-06-03,2023,38,9
500,500,21554,"Poston, J.T.",2024-7,2024-02-17,2024,10,10
500,9,21554,"Poston, J.T.",2024-9,2024-03-09,2024,55,11
500,14,21554,"Poston, J.T.",2024-14,2024-04-13,2024,30,12
500,872,21554,"Poston, J.T.",2024-480,2024-05-11,2024,60,13
500,23,21554,"Poston, J.T.",2024-23,2024-06-08,2024,22,14
500,9,21554,"Poston, J.T.",2025-9,2025-03-08,2025,50,15
500,14,21554,"Poston, J.T.",2025-14,2025-04-12,2025,42,16
500,241,21554,"Poston, J.T.",2025-33,2025-05-17,2025,5,17
500,23,21554,"Poston, J.T.",2025-23,2025-05-31,2025,58,18
500,9,13997,"Svensson, Adam",2022-9,2022-03-05,2022,78,0
500,23,13997,"Svensson, Adam",2022-23,2022-06-04,2022,45,1
500,500,13997,"Svensson, Adam",2023-7,2023-02-18,2023,9,2
500,9,13997,"Svensson, Adam",2023-9,2023-03-04,2023,24,3
500,14,13997,"Svensson, Adam",2023-14,2023-04-08,2023,54,4
500,872,13997,"Svensson, Adam",2023-480,2023-05-06,2023,27,5
500,23,13997,"Svensson, Adam",2023-23,2023-06-03,2023,66,6
500,500,13997,"Svensson, Adam",2024-7,2024-02-17,2024,10,7
500,9,13997,"Svensson, Adam",2024-9,2024-03-09,2024,58,8
500,872,13997,"Svensson, Adam",2024-480,2024-05-11,2024,47,9
500,23,13997,"Svensson, Adam",2024-23,2024-06-08,2024,27,10
500,9,21756,"Cole, Eric",2023-9,2023-03-04,2023,73,0
500,872,21756,"Cole, Eric",2023-480,2023-05-06,2023,69,1
500,23,21756,"Cole, Eric",2023-23,2023-06-03,2023,24,2
500,500,21756,"Cole, Eric",2024-7,2024-02-17,2024,10,3
500,9,21756,"Cole, Eric",2024-9,2024-03-09,2024,21,4
500,14,21756,"Cole, Eric",2024-14,2024-04-13,2024,52,5
500,872,21756,"Cole, Eric",2024-480,2024-05-11,2024,68,6
500,23,21756,"Cole, Eric",2024-23,2024-06-08,2024,45,7
500,9,21756,"Cole, Eric",2025-9,2025-03-08,2025,50,8
500,241,21756,"Cole, Eric",2025-33,2025-05-17,2025,41,9
500,23,21756,"Cole, Eric",2025-23,2025-05-31,2025,44,10
500,500,26651,"Young, Cameron",2022-7,2022-02-19,2022,2,0
500,9,26651,"Young, Cameron",2022-9,2022-03-05,2022,13,1
500,14,26651,"Young, Cameron",2022-14,2022-04-09,2022,53,2
500,23,26651,"Young, Cameron",2022-23,2022-06-04,2022,60,3
500,500,26651,"Young, Cameron",2023-7,2023-02-18,2023,20,4
500,9,26651,"Young, Cameron",2023-9,2023-03-04,2023,10,5
500,14,26651,"Young, Cameron",2023-14,2023-04-08,2023,7,6
500,872,26651,"Young, Cameron",2023-480,2023-05-06,2023,59,7
500,23,26651,"Young, Cameron",2023-23,2023-06-03,2023,66,8
500,500,26651,"Young, Cameron",2024-7,2024-02-17,2024,16,9
500,9,26651,"Young, Cameron",2024-9,2024-03-09,2024,36,10
500,14,26651,"Young, Cameron",2024-14,2024-04-13,2024,9,11
500,872,26651,"Young, Cameron",2024-480,2024-05-11,2024,34,12
500,23,26651,"Young, Cameron",2024-23,2024-06-08,2024,50,13
500,9,26651,"Young, Cameron",2025-9,2025-03-08,2025,51,14
500,14,26651,"Young, Cameron",2025-14,2025-04-12,2025,53,15
500,241,26651,"Young, Cameron",2025-33,2025-05-17,2025,47,16
500,23,26651,"Young, Cameron",2025-23,2025-05-31,2025,25,17
500,500,17538,"Homa, Max",2021-7,2021-02-20,2021,1,0
500,9,17538,"Homa, Max",2021-9,2021-03-06,2021,10,1
500,14,17538,"Homa, Max",2021-536,2021-04-10,2021,55,2
500,872,17538,"Homa, Max",2021-480,2021-05-08,2021,78,3
500,23,17538,"Homa, Max",2021-23,2021-06-05,2021,6,4
500,500,17538,"Homa, Max",2022-7,2022-02-19,2022,10,5
500,9,17538,"Homa, Max",2022-9,2022-03-05,2022,17,6
500,14,17538,"Homa, Max",2022-14,2022-04-09,2022,48,7
500,23,17538,"Homa, Max",2022-23,2022-06-04,2022,5,8
500,500,17538,"Homa, Max",2023-7,2023-02-18,2023,2,9
500,9,17538,"Homa, Max",2023-9,2023-03-04,2023,14,10
500,14,17538,"Homa, Max",2023-14,2023-04-08,2023,43,11
500,872,17538,"Homa, Max",2023-480,2023-05-06,2023,8,12
500,500,17538,"Homa, Max",2024-7,2024-02-17,2024,16,13
500,9,17538,"Homa, Max",2024-9,2024-03-09,2024,8,14
500,14,17538,"Homa, Max",2024-14,2024-04-13,2024,3,15
500,872,17538,"Homa, Max",2024-480,2024-05-11,2024,8,16
500,23,17538,"Homa, Max",2024-23,2024-06-08,2024,22,17
500,9,17538,"Homa, Max",2025-9,2025-03-08,2025,51,18
500,14,17538,"Homa, Max",2025-14,2025-04-12,2025,12,19
500,241,17538,"Homa, Max",2025-33,2025-05-17,2025,60,20
500,23,17538,"Homa, Max",2025-23,2025-05-31,2025,51,21
500,9,14459,"An, Byeong Hun",2021-9,2021-03-06,2021,43,0
500,872,14459,"An, Byeong Hun",2021-480,2021-05-08,2021,78,1
500,23,14459,"An, Byeong Hun",2021-23,2021-06-05,2021,69,2
500,872,14459,"An, Byeong Hun",2023-480,2023-05-06,2023,69,3
500,23,14459,"An, Byeong Hun",2023-23,2023-06-03,2023,24,4
500,500,14459,"An, Byeong Hun",2024-7,2024-02-17,2024,16,5
500,9,14459,"An, Byeong Hun",2024-9,2024-03-09,2024,8,6
500,14,14459,"An, Byeong Hun",2024-14,2024-04-13,2024,16,7
500,872,14459,"An, Byeong Hun",2024-480,2024-05-11,2024,3,8
500,23,14459,"An, Byeong Hun",2024-23,2024-06-08,2024,22,9
500,9,14459,"An, Byeong Hun",2025-9,2025-03-08,2025,8,10
500,14,14459,"An, Byeong Hun",2025-14,2025-04-12,2025,21,11
500,241,14459,"An, Byeong Hun",2025-33,2025-05-17,2025,74,12
500,23,14459,"An, Byeong Hun",2025-23,2025-05-31,2025,58,13
500,500,6430,"Scott, Adam",2021-7,2021-02-20,2021,38,0
500,14,6430,"Scott, Adam",2021-536,2021-04-10,2021,54,1
500,23,6430,"Scott, Adam",2021-23,2021-06-05,2021,16,2
500,500,6430,"Scott, Adam",2022-7,2022-02-19,2022,4,3
500,9,6430,"Scott, Adam",2022-9,2022-03-05,2022,26,4
500,14,6430,"Scott, Adam",2022-14,2022-04-09,2022,48,5
500,23,6430,"Scott, Adam",2022-23,2022-06-04,2022,67,6
500,500,6430,"Scott, Adam",2023-7,2023-02-18,2023,65,7
500,9,6430,"Scott, Adam",2023-9,2023-03-04,2023,31,8
500,14,6430,"Scott, Adam",2023-14,2023-04-08,2023,39,9
500,872,6430,"Scott, Adam",2023-480,2023-05-06,2023,5,10
500,23,6430,"Scott, Adam",2023-23,2023-06-03,2023,9,11
500,500,6430,"Scott, Adam",2024-7,2024-02-17,2024,19,12
500,9,6430,"Scott, Adam",2024-9,2024-03-09,2024,58,13
500,14,6430,"Scott, Adam",2024-14,2024-04-13,2024,22,14
500,872,6430,"Scott, Adam",2024-480,2024-05-11,2024,29,15
500,9,6430,"Scott, Adam",2025-9,2025-03-08,2025,36,16
500,14,6430,"Scott, Adam",2025-14,2025-04-12,2025,53,17
500,241,6430,"Scott, Adam",2025-33,2025-05-17,2025,19,18
500,23,6430,"Scott, Adam",2025-23,2025-05-31,2025,31,19
500,500,18841,"Hovland, Viktor",2021-7,2021-02-20,2021,5,0
500,9,18841,"Hovland, Viktor",2021-9,2021-03-06,2021,49,1
500,14,18841,"Hovland, Viktor",2021-536,2021-04-10,2021,21,2
500,872,18841,"Hovland, Viktor",2021-480,2021-05-08,2021,3,3
500,23,18841,"Hovland, Viktor",2021-23,2021-06-05,2021,47,4
500,500,18841,"Hovland, Viktor",2022-7,2022-02-19,2022,4,5
500,9,18841,"Hovland, Viktor",2022-9,2022-03-05,2022,2,6
500,14,18841,"Hovland, Viktor",2022-14,2022-04-09,2022,27,7
500,23,18841,"Hovland, Viktor",2022-23,2022-06-04,2022,51,8
500,500,18841,"Hovland, Viktor",2023-7,2023-02-18,2023,20,9
500,9,18841,"Hovland, Viktor",2023-9,2023-03-04,2023,10,10
500,14,18841,"Hovland, Viktor",2023-14,2023-04-08,2023,7,11
500,872,18841,"Hovland, Viktor",2023-480,2023-05-06,2023,43,12
500,23,18841,"Hovland, Viktor",2023-23,2023-06-03,2023,1,13
500,500,18841,"Hovland, Viktor",2024-7,2024-02-17,2024,19,14
500,9,18841,"Hovland, Viktor",2024-9,2024-03-09,2024,36,15
500,14,18841,"Hovland, Viktor",2024-14,2024-04-13,2024,61,16
500,872,18841,"Hovland, Viktor",2024-480,2024-05-11,2024,24,17
500,23,18841,"Hovland, Viktor",2024-23,2024-06-08,2024,15,18
500,9,18841,"Hovland, Viktor",2025-9,2025-03-08,2025,51,19
500,14,18841,"Hovland, Viktor",2025-14,2025-04-12,2025,21,20
500,241,18841,"Hovland, Viktor",2025-33,2025-05-17,2025,28,21
500,23,18841,"Hovland, Viktor",2025-23,2025-05-31,2025,25,22
500,500,22085,"Morikawa, Collin",2021-7,2021-02-20,2021,43,0
500,14,22085,"Morikawa, Collin",2021-536,2021-04-10,2021,18,1
500,23,22085,"Morikawa, Collin",2021-23,2021-06-05,2021,2,2
500,500,22085,"Morikawa, Collin",2022-7,2022-02-19,2022,2,3
500,14,22085,"Morikawa, Collin",2022-14,2022-04-09,2022,5,4
500,23,22085,"Morikawa, Collin",2022-23,2022-06-04,2022,71,5
500,500,22085,"Morikawa, Collin",2023-7,2023-02-18,2023,6,6
500,9,22085,"Morikawa, Collin",2023-9,2023-03-04,2023,73,7
500,14,22085,"Morikawa, Collin",2023-14,2023-04-08,2023,10,8
500,872,22085,"Morikawa, Collin",2023-480,2023-05-06,2023,69,9
500,500,22085,"Morikawa, Collin",2024-7,2024-02-17,2024,19,10
500,9,22085,"Morikawa, Collin",2024-9,2024-03-09,2024,58,11
500,14,22085,"Morikawa, Collin",2024-14,2024-04-13,2024,3,12
500,872,22085,"Morikawa, Collin",2024-480,2024-05-11,2024,16,13
500,23,22085,"Morikawa, Collin",2024-23,2024-06-08,2024,2,14
500,9,22085,"Morikawa, Collin",2025-9,2025-03-08,2025,2,15
500,14,22085,"Morikawa, Collin",2025-14,2025-04-12,2025,14,16
500,241,22085,"Morikawa, Collin",2025-33,2025-05-17,2025,50,17
500,23,22085,"Morikawa, Collin",2025-23,2025-05-31,2025,20,18
500,500,11676,"Finau, Tony",2021-7,2021-02-20,2021,2,0
500,14,11676,"Finau, Tony",2021-536,2021-04-10,2021,10,1
500,872,11676,"Finau, Tony",2021-480,2021-05-08,2021,78,2
500,23,11676,"Finau, Tony",2021-23,2021-06-05,2021,32,3
500,500,11676,"Finau, Tony",2022-7,2022-02-19,2022,33,4
500,14,11676,"Finau, Tony",2022-14,2022-04-09,2022,35,5
500,500,11676,"Finau, Tony",2023-7,2023-02-18,2023,20,6
500,9,11676,"Finau, Tony",2023-9,2023-03-04,2023,24,7
500,14,11676,"Finau, Tony",2023-14,2023-04-08,2023,26,8
500,872,11676,"Finau, Tony",2023-480,2023-05-06,2023,23,9
500,500,11676,"Finau, Tony",2024-7,2024-02-17,2024,19,10
500,14,11676,"Finau, Tony",2024-14,2024-04-13,2024,55,11
500,872,11676,"Finau, Tony",2024-480,2024-05-11,2024,52,12
500,23,11676,"Finau, Tony",2024-23,2024-06-08,2024,8,13
500,9,11676,"Finau, Tony",2025-9,2025-03-08,2025,36,14
500,14,11676,"Finau, Tony",2025-14,2025-04-12,2025,53,15
500,241,11676,"Finau, Tony",2025-33,2025-05-17,2025,19,16
500,23,11676,"Finau, Tony",2025-23,2025-05-31,2025,31,17
500,9,23950,"Aberg, Ludvig",2023-9,2023-03-04,2023,24,0
500,500,23950,"Aberg, Ludvig",2024-7,2024-02-17,2024,19,1
500,9,23950,"Aberg, Ludvig",2024-9,2024-03-09,2024,25,2
500,14,23950,"Aberg, Ludvig",2024-14,2024-04-13,2024,2,3
500,23,23950,"Aberg, Ludvig",2024-23,2024-06-08,2024,5,4
500,9,23950,"Aberg, Ludvig",2025-9,2025-03-08,2025,22,5
500,14,23950,"Aberg, Ludvig",2025-14,2025-04-12,2025,7,6
500,241,23950,"Aberg, Ludvig",2025-33,2025-05-17,2025,75,7
500,23,23950,"Aberg, Ludvig",2025-23,2025-05-31,2025,16,8
500,500,24766,"Kim, Tom",2023-7,2023-02-18,2023,45,0
500,9,24766,"Kim, Tom",2023-9,2023-03-04,2023,34,1
500,14,24766,"Kim, Tom",2023-14,2023-04-08,2023,16,2
500,872,24766,"Kim, Tom",2023-480,2023-05-06,2023,23,3
500,23,24766,"Kim, Tom",2023-23,2023-06-03,2023,66,4
500,500,24766,"Kim, Tom",2024-7,2024-02-17,2024,24,5
500,9,24766,"Kim, Tom",2024-9,2024-03-09,2024,52,6
500,14,24766,"Kim, Tom",2024-14,2024-04-13,2024,30,7
500,872,24766,"Kim, Tom",2024-480,2024-05-11,2024,47,8
500,23,24766,"Kim, Tom",2024-23,2024-06-08,2024,43,9
500,9,24766,"Kim, Tom",2025-9,2025-03-08,2025,51,10
500,14,24766,"Kim, Tom",2025-14,2025-04-12,2025,52,11
500,241,24766,"Kim, Tom",2025-33,2025-05-17,2025,71,12
500,500,10091,"McIlroy, Rory",2021-7,2021-02-20,2021,68,0
500,9,10091,"McIlroy, Rory",2021-9,2021-03-06,2021,10,1
500,14,10091,"McIlroy, Rory",2021-536,2021-04-10,2021,55,2
500,872,10091,"McIlroy, Rory",2021-480,2021-05-08,2021,1,3
500,23,10091,"McIlroy, Rory",2021-23,2021-06-05,2021,18,4
500,500,10091,"McIlroy, Rory",2022-7,2022-02-19,2022,10,5
500,9,10091,"McIlroy, Rory",2022-9,2022-03-05,2022,13,6
500,14,10091,"McIlroy, Rory",2022-14,2022-04-09,2022,2,7
500,23,10091,"McIlroy, Rory",2022-23,2022-06-04,2022,18,8
500,500,10091,"McIlroy, Rory",2023-7,2023-02-18,2023,29,9
500,9,10091,"McIlroy, Rory",2023-9,2023-03-04,2023,2,10
500,14,10091,"McIlroy, Rory",2023-14,2023-04-08,2023,54,11
500,872,10091,"McIlroy, Rory",2023-480,2023-05-06,2023,47,12
500,23,10091,"McIlroy, Rory",2023-23,2023-06-03,2023,7,13
500,500,10091,"McIlroy, Rory",2024-7,2024-02-17,2024,24,14
500,9,10091,"McIlroy, Rory",2024-9,2024-03-09,2024,21,15
500,14,10091,"McIlroy, Rory",2024-14,2024-04-13,2024,22,16
500,872,10091,"McIlroy, Rory",2024-480,2024-05-11,2024,1,17
500,23,10091,"McIlroy, Rory",2024-23,2024-06-08,2024,15,18
500,9,10091,"McIlroy, Rory",2025-9,2025-03-08,2025,15,19
500,14,10091,"McIlroy, Rory",2025-14,2025-04-12,2025,1,20
500,241,10091,"McIlroy, Rory",2025-33,2025-05-17,2025,47,21
500,500,17576,"Conners, Corey",2021-7,2021-02-20,2021,68,0
500,9,17576,"Conners, Corey",2021-9,2021-03-06,2021,3,1
500,14,17576,"Conners, Corey",2021-536,2021-04-10,2021,8,2
500,872,17576,"Conners, Corey",2021-480,2021-05-08,2021,43,3
500,23,17576,"Conners, Corey",2021-23,2021-06-05,2021,53,4
500,500,17576,"Conners, Corey",2022-7,2022-02-19,2022,76,5
500,9,17576,"Conners, Corey",2022-9,2022-03-05,2022,11,6
500,14,17576,"Conners, Corey",2022-14,2022-04-09,2022,6,7
500,23,17576,"Conners, Corey",2022-23,2022-06-04,2022,13,8
500,500,17576,"Conners, Corey",2023-7,2023-02-18,2023,61,9
500,9,17576,"Conners, Corey",2023-9,2023-03-04,2023,21,10
500,14,17576,"Conners, Corey",2023-14,2023-04-08,2023,54,11
500,872,17576,"Conners, Corey",2023-480,2023-05-06,2023,8,12
500,23,17576,"Conners, Corey",2023-23,2023-06-03,2023,66,13
500,500,17576,"Conners, Corey",2024-7,2024-02-17,2024,24,14
500,9,17576,"Conners, Corey",2024-9,2024-03-09,2024,18,15
500,14,17576,"Conners, Corey",2024-14,2024-04-13,2024,38,16
500,872,17576,"Conners, Corey",2024-480,2024-05-11,2024,13,17
500,23,17576,"Conners, Corey",2024-23,2024-06-08,2024,20,18
500,9,17576,"Conners, Corey",2025-9,2025-03-08,2025,3,19
500,14,17576,"Conners, Corey",2025-14,2025-04-12,2025,8,20
500,241,17576,"Conners, Corey",2025-33,2025-05-17,2025,19,21
500,23,17576,"Conners, Corey",2025-23,2025-05-31,2025,25,22
500,500,25157,"Hodges, Lee",2022-7,2022-02-19,2022,39,0
500,9,25157,"Hodges, Lee",2022-9,2022-03-05,2022,78,1
500,500,25157,"Hodges, Lee",2023-7,2023-02-18,2023,18,2
500,9,25157,"Hodges, Lee",2023-9,2023-03-04,2023,73,3
500,872,25157,"Hodges, Lee",2023-480,2023-05-06,2023,69,4
500,23,25157,"Hodges, Lee",2023-23,2023-06-03,2023,12,5
500,500,25157,"Hodges, Lee",2024-7,2024-02-17,2024,24,6
500,9,25157,"Hodges, Lee",2024-9,2024-03-09,2024,12,7
500,14,25157,"Hodges, Lee",2024-14,2024-04-13,2024,61,8
500,872,25157,"Hodges, Lee",2024-480,2024-05-11,2024,24,9
500,23,25157,"Hodges, Lee",2024-23,2024-06-08,2024,45,10
500,241,25157,"Hodges, Lee",2025-33,2025-05-17,2025,75,11
500,500,14578,"Henley, Russell",2021-7,2021-02-20,2021,38,0
500,872,14578,"Henley, Russell",2021-480,2021-05-08,2021,72,1
500,23,14578,"Henley, Russell",2021-23,2021-06-05,2021,69,2
500,500,14578,"Henley, Russell",2022-7,2022-02-19,2022,33,3
500,9,14578,"Henley, Russell",2022-9,2022-03-05,2022,13,4
500,14,14578,"Henley, Russell",2022-14,2022-04-09,2022,30,5
500,500,14578,"Henley, Russell",2023-7,2023-02-18,2023,68,6
500,9,14578,"Henley, Russell",2023-9,2023-03-04,2023,53,7
500,14,14578,"Henley, Russell",2023-14,2023-04-08,2023,4,8
500,23,14578,"Henley, Russell",2023-23,2023-06-03,2023,16,9
500,500,14578,"Henley, Russell",2024-7,2024-02-17,2024,24,10
500,9,14578,"Henley, Russell",2024-9,2024-03-09,2024,4,11
500,14,14578,"Henley, Russell",2024-14,2024-04-13,2024,38,12
500,872,14578,"Henley, Russell",2024-480,2024-05-11,2024,10,13
500,23,14578,"Henley, Russell",2024-23,2024-06-08,2024,27,14
500,9,14578,"Henley, Russell",2025-9,2025-03-08,2025,1,15
500,14,14578,"Henley, Russell",2025-14,2025-04-12,2025,53,16
500,241,14578,"Henley, Russell",2025-33,2025-05-17,2025,75,17
500,23,14578,"Henley, Russell",2025-23,2025-05-31,2025,5,18
500,9,18103,"Bezuidenhout, Christiaan",2021-9,2021-03-06,2021,7,0
500,14,18103,"Bezuidenhout, Christiaan",2021-536,2021-04-10,2021,40,1
500,23,18103,"Bezuidenhout, Christiaan",2021-23,2021-06-05,2021,37,2
500,500,18103,"Bezuidenhout, Christiaan",2022-7,2022-02-19,2022,76,3
500,9,18103,"Bezuidenhout, Christiaan",2022-9,2022-03-05,2022,20,4
500,14,18103,"Bezuidenhout, Christiaan",2022-14,2022-04-09,2022,44,5
500,500,18103,"Bezuidenhout, Christiaan",2023-7,2023-02-18,2023,58,6
500,9,18103,"Bezuidenhout, Christiaan",2023-9,2023-03-04,2023,73,7
500,23,18103,"Bezuidenhout, Christiaan",2023-23,2023-06-03,2023,38,8
500,500,18103,"Bezuidenhout, Christiaan",2024-7,2024-02-17,2024,24,9
500,9,18103,"Bezuidenhout, Christiaan",2024-9,2024-03-09,2024,44,10
500,872,18103,"Bezuidenhout, Christiaan",2024-480,2024-05-11,2024,16,11
500,23,18103,"Bezuidenhout, Christiaan",2024-23,2024-06-08,2024,4,12
500,9,18103,"Bezuidenhout, Christiaan",2025-9,2025-03-08,2025,19,13
500,14,18103,"Bezuidenhout, Christiaan",2025-14,2025-04-12,2025,53,14
500,241,18103,"Bezuidenhout, Christiaan",2025-33,2025-05-17,2025,50,15
500,23,18103,"Bezuidenhout, Christiaan",2025-23,2025-05-31,2025,58,16
500,872,15470,"Hossler, Beau",2021-480,2021-05-08,2021,77,0
500,500,15470,"Hossler, Beau",2022-7,2022-02-19,2022,48,1
500,9,15470,"Hossler, Beau",2022-9,2022-03-05,2022,20,2
500,23,15470,"Hossler, Beau",2022-23,2022-06-04,2022,32,3
500,500,15470,"Hossler, Beau",2023-7,2023-02-18,2023,68,4
500,9,15470,"Hossler, Beau",2023-9,2023-03-04,2023,73,5
500,872,15470,"Hossler, Beau",2023-480,2023-05-06,2023,47,6
500,23,15470,"Hossler, Beau",2023-23,2023-06-03,2023,24,7
500,500,15470,"Hossler, Beau",2024-7,2024-02-17,2024,24,8
500,241,15470,"Hossler, Beau",2025-33,2025-05-17,2025,19,9
500,872,10104,"Power, Seamus",2021-480,2021-05-08,2021,54,0
500,500,10104,"Power, Seamus",2022-7,2022-02-19,2022,76,1
500,9,10104,"Power, Seamus",2022-9,2022-03-05,2022,78,2
500,14,10104,"Power, Seamus",2022-14,2022-04-09,2022,27,3
500,23,10104,"Power, Seamus",2022-23,2022-06-04,2022,71,4
500,500,10104,"Power, Seamus",2023-7,2023-02-18,2023,14,5
500,9,10104,"Power, Seamus",2023-9,2023-03-04,2023,72,6
500,14,10104,"Power, Seamus",2023-14,2023-04-08,2023,46,7
500,872,10104,"Power, Seamus",2023-480,2023-05-06,2023,18,8
500,23,10104,"Power, Seamus",2023-23,2023-06-03,2023,41,9
500,500,10104,"Power, Seamus",2024-7,2024-02-17,2024,31,10
500,9,10104,"Power, Seamus",2024-9,2024-03-09,2024,21,11
500,872,10104,"Power, Seamus",2024-480,2024-05-11,2024,16,12
500,23,10104,"Power, Seamus",2024-23,2024-06-08,2024,27,13
500,241,10104,"Power, Seamus",2025-33,2025-05-17,2025,75,14
500,500,15556,"Hughes, Mackenzie",2021-7,2021-02-20,2021,32,0
500,14,15556,"Hughes, Mackenzie",2021-536,2021-04-10,2021,40,1
500,872,15556,"Hughes, Mackenzie",2021-480,2021-05-08,2021,78,2
500,23,15556,"Hughes, Mackenzie",2021-23,2021-06-05,2021,69,3
500,500,15556,"Hughes, Mackenzie",2022-7,2022-02-19,2022,76,4
500,14,15556,"Hughes, Mackenzie",2022-14,2022-04-09,2022,50,5
500,23,15556,"Hughes, Mackenzie",2022-23,2022-06-04,2022,37,6
500,500,15556,"Hughes, Mackenzie",2023-7,2023-02-18,2023,50,7
500,9,15556,"Hughes, Mackenzie",2023-9,2023-03-04,2023,61,8
500,14,15556,"Hughes, Mackenzie",2023-14,2023-04-08,2023,29,9
500,872,15556,"Hughes, Mackenzie",2023-480,2023-05-06,2023,69,10
500,23,15556,"Hughes, Mackenzie",2023-23,2023-06-03,2023,66,11
500,500,15556,"Hughes, Mackenzie",2024-7,2024-02-17,2024,31,12
500,9,15556,"Hughes, Mackenzie",2024-9,2024-03-09,2024,30,13
500,872,15556,"Hughes, Mackenzie",2024-480,2024-05-11,2024,6,14
500,23,15556,"Hughes, Mackenzie",2024-23,2024-06-08,2024,53,15
500,9,15556,"Hughes, Mackenzie",2025-9,2025-03-08,2025,22,16
500,241,15556,"Hughes, Mackenzie",2025-33,2025-05-17,2025,75,17
500,23,15556,"Hughes, Mackenzie",2025-23,2025-05-31,2025,39,18
500,500,12425,"Todd, Brendon",2021-7,2021-02-20,2021,68,0
500,9,12425,"Todd, Brendon",2021-9,2021-03-06,2021,57,1
500,14,12425,"Todd, Brendon",2021-536,2021-04-10,2021,46,2
500,23,12425,"Todd, Brendon",2021-23,2021-06-05,2021,53,3
500,9,12425,"Todd, Brendon",2022-9,2022-03-05,2022,60,4
500,500,12425,"Todd, Brendon",2023-7,2023-02-18,2023,68,5
500,9,12425,"Todd, Brendon",2023-9,2023-03-04,2023,39,6
500,872,12425,"Todd, Brendon",2023-480,2023-05-06,2023,8,7
500,500,12425,"Todd, Brendon",2024-7,2024-02-17,2024,31,8
500,9,12425,"Todd, Brendon",2024-9,2024-03-09,2024,6,9
500,872,12425,"Todd, Brendon",2024-480,2024-05-11,2024,60,10
500,23,12425,"Todd, Brendon",2024-23,2024-06-08,2024,53,11
500,500,21944,"Moore, Taylor",2022-7,2022-02-19,2022,21,0
500,9,21944,"Moore, Taylor",2022-9,2022-03-05,2022,42,1
500,23,21944,"Moore, Taylor",2022-23,2022-06-04,2022,71,2
500,500,21944,"Moore, Taylor",2023-7,2023-02-18,2023,68,3
500,9,21944,"Moore, Taylor",2023-9,2023-03-04,2023,39,4
500,14,21944,"Moore, Taylor",2023-14,2023-04-08,2023,39,5
500,872,21944,"Moore, Taylor",2023-480,2023-05-06,2023,27,6
500,500,21944,"Moore, Taylor",2024-7,2024-02-17,2024,31,7
500,9,21944,"Moore, Taylor",2024-9,2024-03-09,2024,48,8
500,14,21944,"Moore, Taylor",2024-14,2024-04-13,2024,20,9
500,872,21944,"Moore, Taylor",2024-480,2024-05-11,2024,38,10
500,23,21944,"Moore, Taylor",2024-23,2024-06-08,2024,53,11
500,241,21944,"Moore, Taylor",2025-33,2025-05-17,2025,19,12
500,500,7399,"Glover, Lucas",2021-7,2021-02-20,2021,68,0
500,9,7399,"Glover, Lucas",2021-9,2021-03-06,2021,66,1
500,872,7399,"Glover, Lucas",2021-480,2021-05-08,2021,78,2
500,23,7399,"Glover, Lucas",2021-23,2021-06-05,2021,37,3
500,9,7399,"Glover, Lucas",2022-9,2022-03-05,2022,74,4
500,14,7399,"Glover, Lucas",2022-14,2022-04-09,2022,30,5
500,23,7399,"Glover, Lucas",2022-23,2022-06-04,2022,60,6
500,500,7399,"Glover, Lucas",2023-7,2023-02-18,2023,68,7
500,9,7399,"Glover, Lucas",2023-9,2023-03-04,2023,73,8
500,872,7399,"Glover, Lucas",2023-480,2023-05-06,2023,69,9
500,23,7399,"Glover, Lucas",2023-23,2023-06-03,2023,66,10
500,500,7399,"Glover, Lucas",2024-7,2024-02-17,2024,35,11
500,9,7399,"Glover, Lucas",2024-9,2024-03-09,2024,30,12
500,14,7399,"Glover, Lucas",2024-14,2024-04-13,2024,20,13
500,872,7399,"Glover, Lucas",2024-480,2024-05-11,2024,16,14
500,23,7399,"Glover, Lucas",2024-23,2024-06-08,2024,53,15
500,9,7399,"Glover, Lucas",2025-9,2025-03-08,2025,36,16
500,14,7399,"Glover, Lucas",2025-14,2025-04-12,2025,53,17
500,241,7399,"Glover, Lucas",2025-33,2025-05-17,2025,37,18
500,23,7399,"Glover, Lucas",2025-23,2025-05-31,2025,58,19
500,500,12965,"Fowler, Rickie",2021-7,2021-02-20,2021,20,0
500,9,12965,"Fowler, Rickie",2021-9,2021-03-06,2021,72,1
500,872,12965,"Fowler, Rickie",2021-480,2021-05-08,2021,78,2
500,23,12965,"Fowler, Rickie",2021-23,2021-06-05,2021,11,3
500,500,12965,"Fowler, Rickie",2022-7,2022-02-19,2022,55,4
500,9,12965,"Fowler, Rickie",2022-9,2022-03-05,2022,52,5
500,23,12965,"Fowler, Rickie",2022-23,2022-06-04,2022,64,6
500,500,12965,"Fowler, Rickie",2023-7,2023-02-18,2023,20,7
500,9,12965,"Fowler, Rickie",2023-9,2023-03-04,2023,31,8
500,872,12965,"Fowler, Rickie",2023-480,2023-05-06,2023,14,9
500,23,12965,"Fowler, Rickie",2023-23,2023-06-03,2023,9,10
500,500,12965,"Fowler, Rickie",2024-7,2024-02-17,2024,35,11
500,9,12965,"Fowler, Rickie",2024-9,2024-03-09,2024,36,12
500,14,12965,"Fowler, Rickie",2024-14,2024-04-13,2024,30,13
500,872,12965,"Fowler, Rickie",2024-480,2024-05-11,2024,43,14
500,23,12965,"Fowler, Rickie",2024-23,2024-06-08,2024,53,15
500,241,12965,"Fowler, Rickie",2025-33,2025-05-17,2025,75,16
500,23,12965,"Fowler, Rickie",2025-23,2025-05-31,2025,7,17
500,23,23014,"Theegala, Sahith",2021-23,2021-06-05,2021,32,0
500,500,23014,"Theegala, Sahith",2022-7,2022-02-19,2022,48,1
500,9,23014,"Theegala, Sahith",2022-9,2022-03-05,2022,78,2
500,23,23014,"Theegala, Sahith",2022-23,2022-06-04,2022,5,3
500,500,23014,"Theegala, Sahith",2023-7,2023-02-18,2023,6,4
500,9,23014,"Theegala, Sahith",2023-9,2023-03-04,2023,14,5
500,14,23014,"Theegala, Sahith",2023-14,2023-04-08,2023,9,6
500,872,23014,"Theegala, Sahith",2023-480,2023-05-06,2023,56,7
500,23,23014,"Theegala, Sahith",2023-23,2023-06-03,2023,58,8
500,500,23014,"Theegala, Sahith",2024-7,2024-02-17,2024,37,9
500,9,23014,"Theegala, Sahith",2024-9,2024-03-09,2024,6,10
500,14,23014,"Theegala, Sahith",2024-14,2024-04-13,2024,45,11
500,872,23014,"Theegala, Sahith",2024-480,2024-05-11,2024,52,12
500,23,23014,"Theegala, Sahith",2024-23,2024-06-08,2024,12,13
500,9,23014,"Theegala, Sahith",2025-9,2025-03-08,2025,51,14
500,14,23014,"Theegala, Sahith",2025-14,2025-04-12,2025,29,15
500,23,23014,"Theegala, Sahith",2025-23,2025-05-31,2025,58,16
500,9,24968,"Griffin, Ben",2023-9,2023-03-04,2023,14,0
500,872,24968,"Griffin, Ben",2023-480,2023-05-06,2023,69,1
500,23,24968,"Griffin, Ben",2023-23,2023-06-03,2023,66,2
500,500,24968,"Griffin, Ben",2024-7,2024-02-17,2024,37,3
500,23,24968,"Griffin, Ben",2024-23,2024-06-08,2024,53,4
500,9,24968,"Griffin, Ben",2025-9,2025-03-08,2025,45,5
500,241,24968,"Griffin, Ben",2025-33,2025-05-17,2025,8,6
500,23,24968,"Griffin, Ben",2025-23,2025-05-31,2025,2,7
500,9,23602,"Hojgaard, Nicolai",2022-9,2022-03-05,2022,78,0
500,23,23602,"Hojgaard, Nicolai",2023-23,2023-06-03,2023,66,1
500,500,23602,"Hojgaard, Nicolai",2024-7,2024-02-17,2024,39,2
500,9,23602,"Hojgaard, Nicolai",2024-9,2024-03-09,2024,58,3
500,14,23602,"Hojgaard, Nicolai",2024-14,2024-04-13,2024,16,4
500,14,23602,"Hojgaard, Nicolai",2025-14,2025-04-12,2025,53,5
500,241,23602,"Hojgaard, Nicolai",2025-33,2025-05-17,2025,41,6
500,500,12577,"Woodland, Gary",2021-7,2021-02-20,2021,68,0
500,14,12577,"Woodland, Gary",2021-536,2021-04-10,2021,40,1
500,872,12577,"Woodland, Gary",2021-480,2021-05-08,2021,5,2
500,23,12577,"Woodland, Gary",2021-23,2021-06-05,2021,69,3
500,9,12577,"Woodland, Gary",2022-9,2022-03-05,2022,5,4
500,14,12577,"Woodland, Gary",2022-14,2022-04-09,2022,53,5
500,23,12577,"Woodland, Gary",2022-23,2022-06-04,2022,71,6
500,500,12577,"Woodland, Gary",2023-7,2023-02-18,2023,9,7
500,9,12577,"Woodland, Gary",2023-9,2023-03-04,2023,73,8
500,14,12577,"Woodland, Gary",2023-14,2023-04-08,2023,14,9
500,872,12577,"Woodland, Gary",2023-480,2023-05-06,2023,14,10
500,23,12577,"Woodland, Gary",2023-23,2023-06-03,2023,24,11
500,500,12577,"Woodland, Gary",2024-7,2024-02-17,2024,39,12
500,14,12577,"Woodland, Gary",2024-14,2024-04-13,2024,61,13
500,872,12577,"Woodland, Gary",2024-480,2024-05-11,2024,38,14
500,241,12577,"Woodland, Gary",2025-33,2025-05-17,2025,75,15
500,23,21891,"Kitayama, Kurt",2022-23,2022-06-04,2022,71,0
500,500,21891,"Kitayama, Kurt",2023-7,2023-02-18,2023,68,1
500,9,21891,"Kitayama, Kurt",2023-9,2023-03-04,2023,1,2
500,14,21891,"Kitayama, Kurt",2023-14,2023-04-08,2023,54,3
500,872,21891,"Kitayama, Kurt",2023-480,2023-05-06,2023,69,4
500,23,21891,"Kitayama, Kurt",2023-23,2023-06-03,2023,66,5
500,500,21891,"Kitayama, Kurt",2024-7,2024-02-17,2024,39,6
500,9,21891,"Kitayama, Kurt",2024-9,2024-03-09,2024,58,7
500,14,21891,"Kitayama, Kurt",2024-14,2024-04-13,2024,35,8
500,872,21891,"Kitayama, Kurt",2024-480,2024-05-11,2024,34,9
500,23,21891,"Kitayama, Kurt",2024-23,2024-06-08,2024,53,10
500,241,21891,"Kitayama, Kurt",2025-33,2025-05-17,2025,75,11
500,500,19870,"McCarthy, Denny",2021-7,2021-02-20,2021,68,0
500,9,19870,"McCarthy, Denny",2021-9,2021-03-06,2021,26,1
500,872,19870,"McCarthy, Denny",2021-480,2021-05-08,2021,78,2
500,23,19870,"McCarthy, Denny",2021-23,2021-06-05,2021,69,3
500,9,19870,"McCarthy, Denny",2022-9,2022-03-05,2022,61,4
500,23,19870,"McCarthy, Denny",2022-23,2022-06-04,2022,5,5
500,500,19870,"McCarthy, Denny",2023-7,2023-02-18,2023,14,6
500,872,19870,"McCarthy, Denny",2023-480,2023-05-06,2023,8,7
500,23,19870,"McCarthy, Denny",2023-23,2023-06-03,2023,2,8
500,500,19870,"McCarthy, Denny",2024-7,2024-02-17,2024,39,9
500,9,19870,"McCarthy, Denny",2024-9,2024-03-09,2024,48,10
500,14,19870,"McCarthy, Denny",2024-14,2024-04-13,2024,45,11
500,872,19870,"McCarthy, Denny",2024-480,2024-05-11,2024,6,12
500,23,19870,"McCarthy, Denny",2024-23,2024-06-08,2024,39,13
500,9,19870,"McCarthy, Denny",2025-9,2025-03-08,2025,18,14
500,14,19870,"McCarthy, Denny",2025-14,2025-04-12,2025,29,15
500,241,19870,"McCarthy, Denny",2025-33,2025-05-17,2025,8,16
500,23,19870,"McCarthy, Denny",2025-23,2025-05-31,2025,55,17
500,500,13126,"Taylor, Nick",2021-7,2021-02-20,2021,20,0
500,9,13126,"Taylor, Nick",2021-9,2021-03-06,2021,73,1
500,872,13126,"Taylor, Nick",2021-480,2021-05-08,2021,26,2
500,23,13126,"Taylor, Nick",2021-23,2021-06-05,2021,42,3
500,9,13126,"Taylor, Nick",2022-9,2022-03-05,2022,32,4
500,500,13126,"Taylor, Nick",2023-7,2023-02-18,2023,33,5
500,9,13126,"Taylor, Nick",2023-9,2023-03-04,2023,73,6
500,500,13126,"Taylor, Nick",2024-7,2024-02-17,2024,39,7
500,9,13126,"Taylor, Nick",2024-9,2024-03-09,2024,12,8
500,14,13126,"Taylor, Nick",2024-14,2024-04-13,2024,61,9
500,872,13126,"Taylor, Nick",2024-480,2024-05-11,2024,43,10
500,23,13126,"Taylor, Nick",2024-23,2024-06-08,2024,27,11
500,9,13126,"Taylor, Nick",2025-9,2025-03-08,2025,31,12
500,14,13126,"Taylor, Nick",2025-14,2025-04-12,2025,40,13
500,241,13126,"Taylor, Nick",2025-33,2025-05-17,2025,75,14
500,23,13126,"Taylor, Nick",2025-23,2025-05-31,2025,4,15
500,500,8825,"Harman, Brian",2021-7,2021-02-20,2021,43,0
500,14,8825,"Harman, Brian",2021-536,2021-04-10,2021,12,1
500,872,8825,"Harman, Brian",2021-480,2021-05-08,2021,18,2
500,14,8825,"Harman, Brian",2022-14,2022-04-09,2022,53,3
500,23,8825,"Harman, Brian",2022-23,2022-06-04,2022,18,4
500,500,8825,"Harman, Brian",2023-7,2023-02-18,2023,68,5
500,9,8825,"Harman, Brian",2023-9,2023-03-04,2023,73,6
500,14,8825,"Harman, Brian",2023-14,2023-04-08,2023,54,7
500,872,8825,"Harman, Brian",2023-480,2023-05-06,2023,69,8
500,23,8825,"Harman, Brian",2023-23,2023-06-03,2023,66,9
500,500,8825,"Harman, Brian",2024-7,2024-02-17,2024,44,10
500,9,8825,"Harman, Brian",2024-9,2024-03-09,2024,12,11
500,14,8825,"Harman, Brian",2024-14,2024-04-13,2024,61,12
500,872,8825,"Harman, Brian",2024-480,2024-05-11,2024,47,13
500,23,8825,"Harman, Brian",2024-23,2024-06-08,2024,33,14
500,9,8825,"Harman, Brian",2025-9,2025-03-08,2025,40,15
500,14,8825,"Harman, Brian",2025-14,2025-04-12,2025,36,16
500,241,8825,"Harman, Brian",2025-33,2025-05-17,2025,60,17
500,23,8825,"Harman, Brian",2025-23,2025-05-31,2025,58,18
500,9,17488,"Im, Sungjae",2021-9,2021-03-06,2021,21,0
500,14,17488,"Im, Sungjae",2021-536,2021-04-10,2021,55,1
500,872,17488,"Im, Sungjae",2021-480,2021-05-08,2021,78,2
500,23,17488,"Im, Sungjae",2021-23,2021-06-05,2021,69,3
500,500,17488,"Im, Sungjae",2022-7,2022-02-19,2022,33,4
500,9,17488,"Im, Sungjae",2022-9,2022-03-05,2022,20,5
500,14,17488,"Im, Sungjae",2022-14,2022-04-09,2022,8,6
500,23,17488,"Im, Sungjae",2022-23,2022-06-04,2022,10,7
500,500,17488,"Im, Sungjae",2023-7,2023-02-18,2023,56,8
500,9,17488,"Im, Sungjae",2023-9,2023-03-04,2023,21,9
500,14,17488,"Im, Sungjae",2023-14,2023-04-08,2023,16,10
500,872,17488,"Im, Sungjae",2023-480,2023-05-06,2023,8,11
500,23,17488,"Im, Sungjae",2023-23,2023-06-03,2023,41,12
500,500,17488,"Im, Sungjae",2024-7,2024-02-17,2024,44,13
500,9,17488,"Im, Sungjae",2024-9,2024-03-09,2024,18,14
500,14,17488,"Im, Sungjae",2024-14,2024-04-13,2024,61,15
500,872,17488,"Im, Sungjae",2024-480,2024-05-11,2024,4,16
500,23,17488,"Im, Sungjae",2024-23,2024-06-08,2024,8,17
500,9,17488,"Im, Sungjae",2025-9,2025-03-08,2025,19,18
500,14,17488,"Im, Sungjae",2025-14,2025-04-12,2025,5,19
500,241,17488,"Im, Sungjae",2025-33,2025-05-17,2025,75,20
500,23,17488,"Im, Sungjae",2025-23,2025-05-31,2025,16,21
500,500,14704,"Putnam, Andrew",2021-7,2021-02-20,2021,32,0
500,9,14704,"Putnam, Andrew",2021-9,2021-03-06,2021,4,1
500,872,14704,"Putnam, Andrew",2021-480,2021-05-08,2021,43,2
500,500,14704,"Putnam, Andrew",2022-7,2022-02-19,2022,48,3
500,9,14704,"Putnam, Andrew",2022-9,2022-03-05,2022,78,4
500,23,14704,"Putnam, Andrew",2022-23,2022-06-04,2022,71,5
500,500,14704,"Putnam, Andrew",2023-7,2023-02-18,2023,68,6
500,9,14704,"Putnam, Andrew",2023-9,2023-03-04,2023,34,7
500,23,14704,"Putnam, Andrew",2023-23,2023-06-03,2023,5,8
500,500,14704,"Putnam, Andrew",2024-7,2024-02-17,2024,44,9
500,9,14704,"Putnam, Andrew",2024-9,2024-03-09,2024,8,10
500,872,14704,"Putnam, Andrew",2024-480,2024-05-11,2024,29,11
500,23,14704,"Putnam, Andrew",2024-23,2024-06-08,2024,45,12
500,500,12808,"Grillo, Emiliano",2021-7,2021-02-20,2021,68,0
500,9,12808,"Grillo, Emiliano",2021-9,2021-03-06,2021,21,1
500,872,12808,"Grillo, Emiliano",2021-480,2021-05-08,2021,14,2
500,23,12808,"Grillo, Emiliano",2021-23,2021-06-05,2021,69,3
500,500,12808,"Grillo, Emiliano",2022-7,2022-02-19,2022,21,4
500,23,12808,"Grillo, Emiliano",2022-23,2022-06-04,2022,32,5
500,500,12808,"Grillo, Emiliano",2023-7,2023-02-18,2023,67,6
500,9,12808,"Grillo, Emiliano",2023-9,2023-03-04,2023,39,7
500,872,12808,"Grillo, Emiliano",2023-480,2023-05-06,2023,23,8
500,23,12808,"Grillo, Emiliano",2023-23,2023-06-03,2023,48,9
500,500,12808,"Grillo, Emiliano",2024-7,2024-02-17,2024,44,10
500,9,12808,"Grillo, Emiliano",2024-9,2024-03-09,2024,8,11
500,14,12808,"Grillo, Emiliano",2024-14,2024-04-13,2024,61,12
500,872,12808,"Grillo, Emiliano",2024-480,2024-05-11,2024,64,13
500,23,12808,"Grillo, Emiliano",2024-23,2024-06-08,2024,27,14
500,500,14609,"Kim, Si Woo",2021-7,2021-02-20,2021,68,0
500,14,14609,"Kim, Si Woo",2021-536,2021-04-10,2021,12,1
500,23,14609,"Kim, Si Woo",2021-23,2021-06-05,2021,9,2
500,500,14609,"Kim, Si Woo",2022-7,2022-02-19,2022,73,3
500,9,14609,"Kim, Si Woo",2022-9,2022-03-05,2022,26,4
500,14,14609,"Kim, Si Woo",2022-14,2022-04-09,2022,39,5
500,23,14609,"Kim, Si Woo",2022-23,2022-06-04,2022,13,6
500,500,14609,"Kim, Si Woo",2023-7,2023-02-18,2023,68,7
500,9,14609,"Kim, Si Woo",2023-9,2023-03-04,2023,39,8
500,14,14609,"Kim, Si Woo",2023-14,2023-04-08,2023,29,9
500,872,14609,"Kim, Si Woo",2023-480,2023-05-06,2023,43,10
500,23,14609,"Kim, Si Woo",2023-23,2023-06-03,2023,4,11
500,500,14609,"Kim, Si Woo",2024-7,2024-02-17,2024,44,12
500,9,14609,"Kim, Si Woo",2024-9,2024-03-09,2024,30,13
500,14,14609,"Kim, Si Woo",2024-14,2024-04-13,2024,30,14
500,872,14609,"Kim, Si Woo",2024-480,2024-05-11,2024,16,15
500,23,14609,"Kim, Si Woo",2024-23,2024-06-08,2024,15,16
500,9,14609,"Kim, Si Woo",2025-9,2025-03-08,2025,19,17
500,241,14609,"Kim, Si Woo",2025-33,2025-05-17,2025,8,18
500,23,14609,"Kim, Si Woo",2025-23,2025-05-31,2025,31,19
500,500,17786,"Davis, Cameron",2021-7,2021-02-20,2021,43,0
500,9,17786,"Davis, Cameron",2021-9,2021-03-06,2021,73,1
500,872,17786,"Davis, Cameron",2021-480,2021-05-08,2021,26,2
500,23,17786,"Davis, Cam",2021-23,2021-06-05,2021,69,3
500,500,17786,"Davis, Cam",2022-7,2022-02-19,2022,48,4
500,9,17786,"Davis, Cam",2022-9,2022-03-05,2022,78,5
500,14,17786,"Davis, Cameron",2022-14,2022-04-09,2022,46,6
500,23,17786,"Davis, Cam",2022-23,2022-06-04,2022,53,7
500,500,17786,"Davis, Cam",2023-7,2023-02-18,2023,68,8
500,9,17786,"Davis, Cam",2023-9,2023-03-04,2023,73,9
500,872,17786,"Davis, Cam",2023-480,2023-05-06,2023,59,10
500,23,17786,"Davis, Cam",2023-23,2023-06-03,2023,66,11
500,500,17786,"Davis, Cam",2024-7,2024-02-17,2024,49,12
500,9,17786,"Davis, Cam",2024-9,2024-03-09,2024,18,13
500,14,17786,"Davis, Cameron",2024-14,2024-04-13,2024,12,14
500,872,17786,"Davis, Cam",2024-480,2024-05-11,2024,38,15
500,23,17786,"Davis, Cam",2024-23,2024-06-08,2024,50,16
500,9,17786,"Davis, Cam",2025-9,2025-03-08,2025,51,17
500,14,17786,"Davis, Cam",2025-14,2025-04-12,2025,53,18
500,241,17786,"Davis, Cam",2025-33,2025-05-17,2025,19,19
500,23,17786,"Davis, Cam",2025-23,2025-05-31,2025,58,20
500,500,5768,"Hoffman, Charley",2021-7,2021-02-20,2021,52,0
500,9,5768,"Hoffman, Charley",2021-9,2021-03-06,2021,10,1
500,23,5768,"Hoffman, Charley",2021-23,2021-06-05,2021,57,2
500,500,5768,"Hoffman, Charley",2022-7,2022-02-19,2022,71,3
500,23,5768,"Hoffman, Charley",2022-23,2022-06-04,2022,71,4
500,9,5768,"Hoffman, Charley",2023-9,2023-03-04,2023,73,5
500,500,5768,"Hoffman, Charley",2024-7,2024-02-17,2024,50,6
500,23,25334,"Johnson, Chase",2021-23,2021-06-05,2021,69,0
500,500,25334,"Johnson, Chase",2024-7,2024-02-17,2024,51,1
500,500,17511,"Straka, Sepp",2021-7,2021-02-20,2021,43,0
500,9,17511,"Straka, Sepp",2021-9,2021-03-06,2021,73,1
500,872,17511,"Straka, Sepp",2021-480,2021-05-08,2021,54,2
500,23,17511,"Straka, Sepp",2021-23,2021-06-05,2021,69,3
500,500,17511,"Straka, Sepp",2022-7,2022-02-19,2022,15,4
500,9,17511,"Straka, Sepp",2022-9,2022-03-05,2022,78,5
500,14,17511,"Straka, Sepp",2022-14,2022-04-09,2022,30,6
500,23,17511,"Straka, Sepp",2022-23,2022-06-04,2022,45,7
500,500,17511,"Straka, Sepp",2023-7,2023-02-18,2023,45,8
500,9,17511,"Straka, Sepp",2023-9,2023-03-04,2023,73,9
500,14,17511,"Straka, Sepp",2023-14,2023-04-08,2023,46,10
500,872,17511,"Straka, Sepp",2023-480,2023-05-06,2023,69,11
500,23,17511,"Straka, Sepp",2023-23,2023-06-03,2023,16,12
500,500,17511,"Straka, Sepp",2024-7,2024-02-17,2024,52,13
500,9,17511,"Straka, Sepp",2024-9,2024-03-09,2024,57,14
500,14,17511,"Straka, Sepp",2024-14,2024-04-13,2024,16,15
500,872,17511,"Straka, Sepp",2024-480,2024-05-11,2024,8,16
500,23,17511,"Straka, Sepp",2024-23,2024-06-08,2024,5,17
500,9,17511,"Straka, Sepp",2025-9,2025-03-08,2025,5,18
500,14,17511,"Straka, Sepp",2025-14,2025-04-12,2025,53,19
500,241,17511,"Straka, Sepp",2025-33,2025-05-17,2025,75,20
500,23,17511,"Straka, Sepp",2025-23,2025-05-31,2025,3,21
500,872,17536,"Spaun, J.J.",2021-480,2021-05-08,2021,18,0
500,500,17536,"Spaun, J.J.",2022-7,2022-02-19,2022,76,1
500,9,17536,"Spaun, J.J.",2022-9,2022-03-05,2022,52,2
500,14,17536,"Spaun, J.J.",2022-14,2022-04-09,2022,23,3
500,500,17536,"Spaun, J.J.",2023-7,2023-02-18,2023,33,4
500,9,17536,"Spaun, J.J.",2023-9,2023-03-04,2023,73,5
500,872,17536,"Spaun, J.J.",2023-480,2023-05-06,2023,27,6
500,23,17536,"Spaun, J.J.",2023-23,2023-06-03,2023,30,7
500,500,17536,"Spaun, J.J.",2024-7,2024-02-17,2024,52,8
500,9,17536,"Spaun, J.J.",2025-9,2025-03-08,2025,31,9
500,14,17536,"Spaun, J.J.",2025-14,2025-04-12,2025,50,10
500,241,17536,"Spaun, J.J.",2025-33,2025-05-17,2025,37,11
500,23,17536,"Spaun, J.J.",2025-23,2025-05-31,2025,58,12
500,500,13872,"Bradley, Keegan",2021-7,2021-02-20,2021,60,0
500,9,13872,"Bradley, Keegan",2021-9,2021-03-06,2021,10,1
500,872,13872,"Bradley, Keegan",2021-480,2021-05-08,2021,18,2
500,23,13872,"Bradley, Keegan",2021-23,2021-06-05,2021,69,3
500,500,13872,"Bradley, Keegan",2022-7,2022-02-19,2022,48,4
500,9,13872,"Bradley, Keegan",2022-9,2022-03-05,2022,11,5
500,23,13872,"Bradley, Keegan",2022-23,2022-06-04,2022,37,6
500,500,13872,"Bradley, Keegan",2023-7,2023-02-18,2023,68,7
500,9,13872,"Bradley, Keegan",2023-9,2023-03-04,2023,10,8
500,14,13872,"Bradley, Keegan",2023-14,2023-04-08,2023,23,9
500,872,13872,"Bradley, Keegan",2023-480,2023-05-06,2023,35,10
500,23,13872,"Bradley, Keegan",2023-23,2023-06-03,2023,30,11
500,500,13872,"Bradley, Keegan",2024-7,2024-02-17,2024,52,12
500,9,13872,"Bradley, Keegan",2024-9,2024-03-09,2024,36,13
500,14,13872,"Bradley, Keegan",2024-14,2024-04-13,2024,22,14
500,872,13872,"Bradley, Keegan",2024-480,2024-05-11,2024,21,15
500,23,13872,"Bradley, Keegan",2024-23,2024-06-08,2024,43,16
500,9,13872,"Bradley, Keegan",2025-9,2025-03-08,2025,5,17
500,14,13872,"Bradley, Keegan",2025-14,2025-04-12,2025,53,18
500,241,13872,"Bradley, Keegan",2025-33,2025-05-17,2025,8,19
500,23,13872,"Bradley, Keegan",2025-23,2025-05-31,2025,7,20
500,500,6169,"Kuchar, Matt",2021-7,2021-02-20,2021,68,0
500,14,6169,"Kuchar, Matt",2021-536,2021-04-10,2021,55,1
500,500,6169,"Kuchar, Matt",2022-7,2022-02-19,2022,67,2
500,23,6169,"Kuchar, Matt",2022-23,2022-06-04,2022,45,3
500,500,6169,"Kuchar, Matt",2023-7,2023-02-18,2023,8,4
500,872,6169,"Kuchar, Matt",2023-480,2023-05-06,2023,23,5
500,23,6169,"Kuchar, Matt",2023-23,2023-06-03,2023,62,6
500,500,6169,"Kuchar, Matt",2024-7,2024-02-17,2024,52,7
500,872,6169,"Kuchar, Matt",2024-480,2024-05-11,2024,34,8
500,23,6169,"Kuchar, Matt",2024-23,2024-06-08,2024,33,9
500,23,6169,"Kuchar, Matt",2025-23,2025-05-31,2025,25,10
500,500,16283,"Rodgers, Patrick",2021-7,2021-02-20,2021,12,0
500,9,16283,"Rodgers, Patrick",2021-9,2021-03-06,2021,57,1
500,872,16283,"Rodgers, Patrick",2021-480,2021-05-08,2021,37,2
500,23,16283,"Rodgers, Patrick",2021-23,2021-06-05,2021,69,3
500,500,16283,"Rodgers, Patrick",2022-7,2022-02-19,2022,76,4
500,9,16283,"Rodgers, Patrick",2022-9,2022-03-05,2022,38,5
500,23,16283,"Rodgers, Patrick",2022-23,2022-06-04,2022,71,6
500,500,16283,"Rodgers, Patrick",2023-7,2023-02-18,2023,68,7
500,9,16283,"Rodgers, Patrick",2023-9,2023-03-04,2023,73,8
500,872,16283,"Rodgers, Patrick",2023-480,2023-05-06,2023,69,9
500,23,16283,"Rodgers, Patrick",2023-23,2023-06-03,2023,30,10
500,500,16283,"Rodgers, Patrick",2024-7,2024-02-17,2024,52,11
500,9,16283,"Rodgers, Patrick",2024-9,2024-03-09,2024,25,12
500,872,16283,"Rodgers, Patrick",2024-480,2024-05-11,2024,29,13
500,23,16283,"Rodgers, Patrick",2024-23,2024-06-08,2024,53,14
500,9,16283,"Rodgers, Patrick",2025-9,2025-03-08,2025,22,15
500,241,16283,"Rodgers, Patrick",2025-33,2025-05-17,2025,75,16
500,500,23604,"Clark, Wyndham",2021-7,2021-02-20,2021,8,0
500,9,23604,"Clark, Wyndham",2021-9,2021-03-06,2021,73,1
500,872,23604,"Clark, Wyndham",2021-480,2021-05-08,2021,43,2
500,23,23604,"Clark, Wyndham",2021-23,2021-06-05,2021,69,3
500,23,23604,"Clark, Wyndham",2022-23,2022-06-04,2022,37,4
500,500,23604,"Clark, Wyndham",2023-7,2023-02-18,2023,33,5
500,9,23604,"Clark, Wyndham",2023-9,2023-03-04,2023,34,6
500,872,23604,"Clark, Wyndham",2023-480,2023-05-06,2023,1,7
500,23,23604,"Clark, Wyndham",2023-23,2023-06-03,2023,12,8
500,500,23604,"Clark, Wyndham",2024-7,2024-02-17,2024,52,9
500,9,23604,"Clark, Wyndham",2024-9,2024-03-09,2024,2,10
500,14,23604,"Clark, Wyndham",2024-14,2024-04-13,2024,61,11
500,872,23604,"Clark, Wyndham",2024-480,2024-05-11,2024,47,12
500,23,23604,"Clark, Wyndham",2024-23,2024-06-08,2024,53,13
500,9,23604,"Clark, Wyndham",2025-9,2025-03-08,2025,22,14
500,14,23604,"Clark, Wyndham",2025-14,2025-04-12,2025,46,15
500,241,23604,"Clark, Wyndham",2025-33,2025-05-17,2025,50,16
500,23,23604,"Clark, Wyndham",2025-23,2025-05-31,2025,56,17
500,500,28270,"Dunlap, Nick",2024-7,2024-02-17,2024,52,0
500,9,28270,"Dunlap, Nick",2024-9,2024-03-09,2024,48,1
500,14,28270,"Dunlap, Nick",2024-14,2024-04-13,2024,61,2
500,872,28270,"Dunlap, Nick",2024-480,2024-05-11,2024,24,3
500,23,28270,"Dunlap, Nick",2024-23,2024-06-08,2024,12,4
500,9,28270,"Dunlap, Nick",2025-9,2025-03-08,2025,51,5
500,14,28270,"Dunlap, Nick",2025-14,2025-04-12,2025,53,6
500,241,28270,"Dunlap, Nick",2025-33,2025-05-17,2025,75,7
500,23,28270,"Dunlap, Nick",2025-23,2025-05-31,2025,44,8
500,500,18474,"Smalley, Alex",2022-7,2022-02-19,2022,72,0
500,9,18474,"Smalley, Alex",2022-9,2022-03-05,2022,38,1
500,23,18474,"Smalley, Alex",2022-23,2022-06-04,2022,71,2
500,500,18474,"Smalley, Alex",2023-7,2023-02-18,2023,68,3
500,9,18474,"Smalley, Alex",2023-9,2023-03-04,2023,73,4
500,872,18474,"Smalley, Alex",2023-480,2023-05-06,2023,18,5
500,23,18474,"Smalley, Alex",2023-23,2023-06-03,2023,66,6
500,500,18474,"Smalley, Alex",2024-7,2024-02-17,2024,52,7
500,241,18474,"Smalley, Alex",2025-33,2025-05-17,2025,28,8
500,500,14139,"Thomas, Justin",2021-7,2021-02-20,2021,68,0
500,14,14139,"Thomas, Justin",2021-536,2021-04-10,2021,21,1
500,872,14139,"Thomas, Justin",2021-480,2021-05-08,2021,26,2
500,23,14139,"Thomas, Justin",2021-23,2021-06-05,2021,42,3
500,500,14139,"Thomas, Justin",2022-7,2022-02-19,2022,6,4
500,14,14139,"Thomas, Justin",2022-14,2022-04-09,2022,8,5
500,500,14139,"Thomas, Justin",2023-7,2023-02-18,2023,20,6
500,9,14139,"Thomas, Justin",2023-9,2023-03-04,2023,21,7
500,14,14139,"Thomas, Justin",2023-14,2023-04-08,2023,54,8
500,872,14139,"Thomas, Justin",2023-480,2023-05-06,2023,14,9
500,23,14139,"Thomas, Justin",2023-23,2023-06-03,2023,66,10
500,500,14139,"Thomas, Justin",2024-7,2024-02-17,2024,52,11
500,9,14139,"Thomas, Justin",2024-9,2024-03-09,2024,12,12
500,14,14139,"Thomas, Justin",2024-14,2024-04-13,2024,61,13
500,872,14139,"Thomas, Justin",2024-480,2024-05-11,2024,21,14
500,23,14139,"Thomas, Justin",2024-23,2024-06-08,2024,33,15
500,9,14139,"Thomas, Justin",2025-9,2025-03-08,2025,36,16
500,14,14139,"Thomas, Justin",2025-14,2025-04-12,2025,36,17
500,241,14139,"Thomas, Justin",2025-33,2025-05-17,2025,75,18
500,23,14139,"Thomas, Justin",2025-23,2025-05-31,2025,31,19
500,872,16715,"Ryder, Sam",2021-480,2021-05-08,2021,78,0
500,500,16715,"Ryder, Sam",2022-7,2022-02-19,2022,26,1
500,9,16715,"Ryder, Sam",2022-9,2022-03-05,2022,61,2
500,23,16715,"Ryder, Sam",2022-23,2022-06-04,2022,71,3
500,500,16715,"Ryder, Sam",2023-7,2023-02-18,2023,20,4
500,9,16715,"Ryder, Sam",2023-9,2023-03-04,2023,73,5
500,872,16715,"Ryder, Sam",2023-480,2023-05-06,2023,69,6
500,23,16715,"Ryder, Sam",2023-23,2023-06-03,2023,56,7
500,500,16715,"Ryder, Sam",2024-7,2024-02-17,2024,52,8
500,500,19865,"Hardy, Nick",2023-7,2023-02-18,2023,68,0
500,9,19865,"Hardy, Nick",2023-9,2023-03-04,2023,73,1
500,872,19865,"Hardy, Nick",2023-480,2023-05-06,2023,68,2
500,23,19865,"Hardy, Nick",2023-23,2023-06-03,2023,66,3
500,500,19865,"Hardy, Nick",2024-7,2024-02-17,2024,52,4
500,500,25442,"Montgomery, Taylor",2023-7,2023-02-18,2023,68,0
500,9,25442,"Montgomery, Taylor",2023-9,2023-03-04,2023,39,1
500,872,25442,"Montgomery, Taylor",2023-480,2023-05-06,2023,69,2
500,23,25442,"Montgomery, Taylor",2023-23,2023-06-03,2023,41,3
500,500,25442,"Montgomery, Taylor",2024-7,2024-02-17,2024,52,4
500,500,17646,"Fitzpatrick, Matthew",2021-7,2021-02-20,2021,5,0
500,9,17646,"Fitzpatrick, Matthew",2021-9,2021-03-06,2021,10,1
500,14,17646,"Fitzpatrick, Matthew",2021-536,2021-04-10,2021,34,2
500,23,17646,"Fitzpatrick, Matt",2021-23,2021-06-05,2021,69,3
500,9,17646,"Fitzpatrick, Matt",2022-9,2022-03-05,2022,9,4
500,14,17646,"Fitzpatrick, Matthew",2022-14,2022-04-09,2022,14,5
500,23,17646,"Fitzpatrick, Matt",2022-23,2022-06-04,2022,71,6
500,500,17646,"Fitzpatrick, Matt",2023-7,2023-02-18,2023,68,7
500,9,17646,"Fitzpatrick, Matt",2023-9,2023-03-04,2023,14,8
500,14,17646,"Fitzpatrick, Matthew",2023-14,2023-04-08,2023,10,9
500,872,17646,"Fitzpatrick, Matt",2023-480,2023-05-06,2023,35,10
500,23,17646,"Fitzpatrick, Matt",2023-23,2023-06-03,2023,9,11
500,500,17646,"Fitzpatrick, Matt",2024-7,2024-02-17,2024,52,12
500,9,17646,"Fitzpatrick, Matt",2024-9,2024-03-09,2024,58,13
500,14,17646,"Fitzpatrick, Matt",2024-14,2024-04-13,2024,22,14
500,872,17646,"Fitzpatrick, Matt",2024-480,2024-05-11,2024,52,15
500,23,17646,"Fitzpatrick, Matt",2024-23,2024-06-08,2024,5,16
500,9,17646,"Fitzpatrick, Matt",2025-9,2025-03-08,2025,22,17
500,14,17646,"Fitzpatrick, Matt",2025-14,2025-04-12,2025,40,18
500,241,17646,"Fitzpatrick, Matt",2025-33,2025-05-17,2025,8,19
500,23,17646,"Fitzpatrick, Matt",2025-23,2025-05-31,2025,31,20
500,9,12423,"Kirk, Chris",2021-9,2021-03-06,2021,8,0
500,23,12423,"Kirk, Chris",2021-23,2021-06-05,2021,26,1
500,9,12423,"Kirk, Chris",2022-9,2022-03-05,2022,5,2
500,23,12423,"Kirk, Chris",2022-23,2022-06-04,2022,53,3
500,9,12423,"Kirk, Chris",2023-9,2023-03-04,2023,39,4
500,14,12423,"Kirk, Chris",2023-14,2023-04-08,2023,23,5
500,872,12423,"Kirk, Chris",2023-480,2023-05-06,2023,56,6
500,23,12423,"Kirk, Chris",2023-23,2023-06-03,2023,66,7
500,500,12423,"Kirk, Chris",2024-7,2024-02-17,2024,52,8
500,9,12423,"Kirk, Chris",2024-9,2024-03-09,2024,44,9
500,14,12423,"Kirk, Chris",2024-14,2024-04-13,2024,16,10
500,872,12423,"Kirk, Chris",2024-480,2024-05-11,2024,43,11
500,23,12423,"Kirk, Chris",2024-23,2024-06-08,2024,53,12
500,9,12423,"Kirk, Chris",2025-9,2025-03-08,2025,22,13
500,14,12423,"Kirk, Chris",2025-14,2025-04-12,2025,53,14
500,241,12423,"Kirk, Chris",2025-33,2025-05-17,2025,55,15
500,23,12423,"Kirk, Chris",2025-23,2025-05-31,2025,58,16
500,872,19477,"Schenk, Adam",2021-480,2021-05-08,2021,78,0
500,500,19477,"Schenk, Adam",2022-7,2022-02-19,2022,76,1
500,9,19477,"Schenk, Adam",2022-9,2022-03-05,2022,42,2
500,23,19477,"Schenk, Adam",2022-23,2022-06-04,2022,26,3
500,500,19477,"Schenk, Adam",2023-7,2023-02-18,2023,50,4
500,9,19477,"Schenk, Adam",2023-9,2023-03-04,2023,31,5
500,872,19477,"Schenk, Adam",2023-480,2023-05-06,2023,69,6
500,23,19477,"Schenk, Adam",2023-23,2023-06-03,2023,7,7
500,500,19477,"Schenk, Adam",2024-7,2024-02-17,2024,52,8
500,9,19477,"Schenk, Adam",2024-9,2024-03-09,2024,58,9
500,14,19477,"Schenk, Adam",2024-14,2024-04-13,2024,12,10
500,872,19477,"Schenk, Adam",2024-480,2024-05-11,2024,64,11
500,23,19477,"Schenk, Adam",2024-23,2024-06-08,2024,53,12
500,14,19477,"Schenk, Adam",2025-14,2025-04-12,2025,53,13
500,872,14655,"Murray, Grayson",2021-480,2021-05-08,2021,78,0
500,500,14655,"Murray, Grayson",2024-7,2024-02-17,2024,52,1
500,9,14655,"Murray, Grayson",2024-9,2024-03-09,2024,25,2
500,14,14655,"Murray, Grayson",2024-14,2024-04-13,2024,51,3
500,872,14655,"Murray, Grayson",2024-480,2024-05-11,2024,10,4
500,500,17881,"Yu, Kevin",2024-7,2024-02-17,2024,52,0
500,14,17881,"Yu, Kevin",2025-14,2025-04-12,2025,53,1
500,241,17881,"Yu, Kevin",2025-33,2025-05-17,2025,50,2
500,500,19195,"Rahm, Jon",2021-7,2021-02-20,2021,5,0
500,14,19195,"Rahm, Jon",2021-536,2021-04-10,2021,5,1
500,872,19195,"Rahm, Jon",2021-480,2021-05-08,2021,78,2
500,500,19195,"Rahm, Jon",2022-7,2022-02-19,2022,21,3
500,9,19195,"Rahm, Jon",2022-9,2022-03-05,2022,17,4
500,14,19195,"Rahm, Jon",2022-14,2022-04-09,2022,27,5
500,23,19195,"Rahm, Jon",2022-23,2022-06-04,2022,10,6
500,500,19195,"Rahm, Jon",2023-7,2023-02-18,2023,1,7
500,9,19195,"Rahm, Jon",2023-9,2023-03-04,2023,39,8
500,14,19195,"Rahm, Jon",2023-14,2023-04-08,2023,1,9
500,23,19195,"Rahm, Jon",2023-23,2023-06-03,2023,16,10
500,14,19195,"Rahm, Jon",2024-14,2024-04-13,2024,45,11
500,14,19195,"Rahm, Jon",2025-14,2025-04-12,2025,14,12
500,241,19195,"Rahm, Jon",2025-33,2025-05-17,2025,8,13
500,9,17365,"Mitchell, Keith",2021-9,2021-03-06,2021,43,0
500,872,17365,"Mitchell, Keith",2021-480,2021-05-08,2021,3,1
500,9,17365,"Mitchell, Keith",2022-9,2022-03-05,2022,61,2
500,23,17365,"Mitchell, Keith",2022-23,2022-06-04,2022,18,3
500,500,17365,"Mitchell, Keith",2023-7,2023-02-18,2023,5,4
500,9,17365,"Mitchell, Keith",2023-9,2023-03-04,2023,24,5
500,14,17365,"Mitchell, Keith",2023-14,2023-04-08,2023,53,6
500,872,17365,"Mitchell, Keith",2023-480,2023-05-06,2023,59,7
500,23,17365,"Mitchell, Keith",2023-23,2023-06-03,2023,48,8
500,241,17365,"Mitchell, Keith",2025-33,2025-05-17,2025,75,9
500,9,13900,"Lowry, Shane",2021-9,2021-03-06,2021,73,0
500,14,13900,"Lowry, Shane",2021-536,2021-04-10,2021,21,1
500,872,13900,"Lowry, Shane",2021-480,2021-05-08,2021,65,2
500,23,13900,"Lowry, Shane",2021-23,2021-06-05,2021,6,3
500,14,13900,"Lowry, Shane",2022-14,2022-04-09,2022,3,4
500,23,13900,"Lowry, Shane",2022-23,2022-06-04,2022,32,5
500,500,13900,"Lowry, Shane",2023-7,2023-02-18,2023,14,6
500,9,13900,"Lowry, Shane",2023-9,2023-03-04,2023,67,7
500,14,13900,"Lowry, Shane",2023-14,2023-04-08,2023,16,8
500,872,13900,"Lowry, Shane",2023-480,2023-05-06,2023,69,9
500,23,13900,"Lowry, Shane",2023-23,2023-06-03,2023,16,10
500,9,13900,"Lowry, Shane",2024-9,2024-03-09,2024,3,11
500,14,13900,"Lowry, Shane",2024-14,2024-04-13,2024,43,12
500,872,13900,"Lowry, Shane",2024-480,2024-05-11,2024,47,13
500,23,13900,"Lowry, Shane",2024-23,2024-06-08,2024,49,14
500,9,13900,"Lowry, Shane",2025-9,2025-03-08,2025,7,15
500,14,13900,"Lowry, Shane",2025-14,2025-04-12,2025,42,16
500,241,13900,"Lowry, Shane",2025-33,2025-05-17,2025,75,17
500,23,13900,"Lowry, Shane",2025-23,2025-05-31,2025,23,18
500,9,12920,"Willett, Danny",2021-9,2021-03-06,2021,31,0
500,14,12920,"Willett, Danny",2021-536,2021-04-10,2021,55,1
500,23,12920,"Willett, Danny",2021-23,2021-06-05,2021,26,2
500,9,12920,"Willett, Danny",2022-9,2022-03-05,2022,52,3
500,14,12920,"Willett, Danny",2022-14,2022-04-09,2022,12,4
500,23,12920,"Willett, Danny",2022-23,2022-06-04,2022,71,5
500,500,12920,"Willett, Danny",2023-7,2023-02-18,2023,18,6
500,9,12920,"Willett, Danny",2023-9,2023-03-04,2023,34,7
500,14,12920,"Willett, Danny",2023-14,2023-04-08,2023,54,8
500,872,12920,"Willett, Danny",2023-480,2023-05-06,2023,69,9
500,23,12920,"Willett, Danny",2023-23,2023-06-03,2023,54,10
500,14,12920,"Willett, Danny",2024-14,2024-04-13,2024,45,11
500,14,12920,"Willett, Danny",2025-14,2025-04-12,2025,42,12
500,500,10943,"Lashley, Nate",2021-7,2021-02-20,2021,57,0
500,872,10943,"Lashley, Nate",2021-480,2021-05-08,2021,78,1
500,23,10943,"Lashley, Nate",2022-23,2022-06-04,2022,71,2
500,500,10943,"Lashley, Nate",2023-7,2023-02-18,2023,20,3
500,872,10943,"Lashley, Nate",2023-480,2023-05-06,2023,27,4
500,500,14926,"Malnati, Peter",2021-7,2021-02-20,2021,68,0
500,9,14926,"Malnati, Peter",2021-9,2021-03-06,2021,73,1
500,872,14926,"Malnati, Peter",2021-480,2021-05-08,2021,43,2
500,23,14926,"Malnati, Peter",2021-23,2021-06-05,2021,69,3
500,500,14926,"Malnati, Peter",2022-7,2022-02-19,2022,26,4
500,9,14926,"Malnati, Peter",2022-9,2022-03-05,2022,78,5
500,23,14926,"Malnati, Peter",2022-23,2022-06-04,2022,71,6
500,500,14926,"Malnati, Peter",2023-7,2023-02-18,2023,20,7
500,9,14926,"Malnati, Peter",2023-9,2023-03-04,2023,73,8
500,23,14926,"Malnati, Peter",2023-23,2023-06-03,2023,66,9
500,14,14926,"Malnati, Peter",2024-14,2024-04-13,2024,61,10
500,872,14926,"Malnati, Peter",2024-480,2024-05-11,2024,66,11
500,23,14926,"Malnati, Peter",2024-23,2024-06-08,2024,33,12
500,9,21237,"Hickok, Kramer",2021-9,2021-03-06,2021,73,0
500,872,21237,"Hickok, Kramer",2021-480,2021-05-08,2021,51,1
500,500,21237,"Hickok, Kramer",2022-7,2022-02-19,2022,76,2
500,23,21237,"Hickok, Kramer",2022-23,2022-06-04,2022,64,3
500,500,21237,"Hickok, Kramer",2023-7,2023-02-18,2023,29,4
500,872,21237,"Hickok, Kramer",2023-480,2023-05-06,2023,40,5
500,500,18554,"Rai, Aaron",2022-7,2022-02-19,2022,61,0
500,9,18554,"Rai, Aaron",2022-9,2022-03-05,2022,78,1
500,23,18554,"Rai, Aaron",2022-23,2022-06-04,2022,26,2
500,500,18554,"Rai, Aaron",2023-7,2023-02-18,2023,29,3
500,9,18554,"Rai, Aaron",2023-9,2023-03-04,2023,53,4
500,872,18554,"Rai, Aaron",2023-480,2023-05-06,2023,69,5
500,23,18554,"Rai, Aaron",2023-23,2023-06-03,2023,66,6
500,9,18554,"Rai, Aaron",2025-9,2025-03-08,2025,11,7
500,14,18554,"Rai, Aaron",2025-14,2025-04-12,2025,27,8
500,241,18554,"Rai, Aaron",2025-33,2025-05-17,2025,19,9
500,23,18554,"Rai, Aaron",2025-23,2025-05-31,2025,58,10
500,500,21688,"Kim, S.H.",2023-7,2023-02-18,2023,33,0
500,9,21688,"Kim, S.H.",2023-9,2023-03-04,2023,39,1
500,872,21688,"Kim, S.H.",2023-480,2023-05-06,2023,69,2
500,23,21688,"Kim, S.H.",2023-23,2023-06-03,2023,41,3
500,500,18187,"Duncan, Tyler",2021-7,2021-02-20,2021,38,0
500,9,18187,"Duncan, Tyler",2021-9,2021-03-06,2021,57,1
500,872,18187,"Duncan, Tyler",2021-480,2021-05-08,2021,78,2
500,23,18187,"Duncan, Tyler",2021-23,2021-06-05,2021,69,3
500,500,18187,"Duncan, Tyler",2023-7,2023-02-18,2023,33,4
500,872,18187,"Duncan, Tyler",2023-480,2023-05-06,2023,69,5
500,500,14181,"Detry, Thomas",2023-7,2023-02-18,2023,33,0
500,9,14181,"Detry, Thomas",2023-9,2023-03-04,2023,24,1
500,23,14181,"Detry, Thomas",2023-23,2023-06-03,2023,48,2
500,23,14181,"Detry, Thomas",2024-23,2024-06-08,2024,41,3
500,9,14181,"Detry, Thomas",2025-9,2025-03-08,2025,51,4
500,14,14181,"Detry, Thomas",2025-14,2025-04-12,2025,53,5
500,241,14181,"Detry, Thomas",2025-33,2025-05-17,2025,75,6
500,23,14181,"Detry, Thomas",2025-23,2025-05-31,2025,39,7
500,872,4163,"Donald, Luke",2021-480,2021-05-08,2021,78,0
500,23,4163,"Donald, Luke",2022-23,2022-06-04,2022,71,1
500,500,4163,"Donald, Luke",2023-7,2023-02-18,2023,40,2
500,9,4163,"Donald, Luke",2023-9,2023-03-04,2023,39,3
500,23,4163,"Donald, Luke",2023-23,2023-06-03,2023,38,4
500,241,4163,"Donald, Luke",2025-33,2025-05-17,2025,60,5
500,9,14796,"Hatton, Tyrrell",2021-9,2021-03-06,2021,21,0
500,14,14796,"Hatton, Tyrrell",2021-536,2021-04-10,2021,18,1
500,9,14796,"Hatton, Tyrrell",2022-9,2022-03-05,2022,2,2
500,14,14796,"Hatton, Tyrrell",2022-14,2022-04-09,2022,52,3
500,500,14796,"Hatton, Tyrrell",2023-7,2023-02-18,2023,40,4
500,9,14796,"Hatton, Tyrrell",2023-9,2023-03-04,2023,4,5
500,14,14796,"Hatton, Tyrrell",2023-14,2023-04-08,2023,34,6
500,872,14796,"Hatton, Tyrrell",2023-480,2023-05-06,2023,3,7
500,23,14796,"Hatton, Tyrrell",2023-23,2023-06-03,2023,12,8
500,14,14796,"Hatton, Tyrrell",2024-14,2024-04-13,2024,9,9
500,14,14796,"Hatton, Tyrrell",2025-14,2025-04-12,2025,14,10
500,241,14796,"Hatton, Tyrrell",2025-33,2025-05-17,2025,60,11
500,9,16394,"Jaeger, Stephan",2022-9,2022-03-05,2022,52,0
500,500,16394,"Jaeger, Stephan",2023-7,2023-02-18,2023,40,1
500,872,16394,"Jaeger, Stephan",2023-480,2023-05-06,2023,27,2
500,23,16394,"Jaeger, Stephan",2023-23,2023-06-03,2023,24,3
500,9,16394,"Jaeger, Stephan",2024-9,2024-03-09,2024,44,4
500,14,16394,"Jaeger, Stephan",2024-14,2024-04-13,2024,61,5
500,872,16394,"Jaeger, Stephan",2024-480,2024-05-11,2024,21,6
500,23,16394,"Jaeger, Stephan",2024-23,2024-06-08,2024,53,7
500,9,16394,"Jaeger, Stephan",2025-9,2025-03-08,2025,51,8
500,14,16394,"Jaeger, Stephan",2025-14,2025-04-12,2025,52,9
500,241,16394,"Jaeger, Stephan",2025-33,2025-05-17,2025,70,10
500,23,16394,"Jaeger, Stephan",2025-23,2025-05-31,2025,39,11
500,872,22050,"Suh, Justin",2021-480,2021-05-08,2021,78,0
500,500,22050,"Suh, Justin",2023-7,2023-02-18,2023,40,1
500,9,22050,"Suh, Justin",2023-9,2023-03-04,2023,24,2
500,872,22050,"Suh, Justin",2023-480,2023-05-06,2023,59,3
500,23,22050,"Suh, Justin",2023-23,2023-06-03,2023,41,4
500,872,13127,"Tway, Kevin",2021-480,2021-05-08,2021,72,0
500,500,13127,"Tway, Kevin",2022-7,2022-02-19,2022,48,1
500,9,13127,"Tway, Kevin",2022-9,2022-03-05,2022,78,2
500,500,13127,"Tway, Kevin",2023-7,2023-02-18,2023,40,3
500,872,13127,"Tway, Kevin",2023-480,2023-05-06,2023,69,4
500,872,13127,"Tway, Kevin",2024-480,2024-05-11,2024,43,5
500,500,14196,"Meronk, Adrian",2023-7,2023-02-18,2023,45,0
500,9,14196,"Meronk, Adrian",2023-9,2023-03-04,2023,73,1
500,14,14196,"Meronk, Adrian",2023-14,2023-04-08,2023,54,2
500,14,14196,"Meronk, Adrian",2024-14,2024-04-13,2024,61,3
500,500,12946,"Thompson, Michael",2021-7,2021-02-20,2021,68,0
500,14,12946,"Thompson, Michael",2021-536,2021-04-10,2021,34,1
500,872,12946,"Thompson, Michael",2021-480,2021-05-08,2021,78,2
500,23,12946,"Thompson, Michael",2021-23,2021-06-05,2021,64,3
500,9,12946,"Thompson, Michael",2022-9,2022-03-05,2022,78,4
500,500,12946,"Thompson, Michael",2023-7,2023-02-18,2023,45,5
500,872,12946,"Thompson, Michael",2023-480,2023-05-06,2023,69,6
500,14,5321,"Woods, Tiger",2022-14,2022-04-09,2022,47,0
500,500,5321,"Woods, Tiger",2023-7,2023-02-18,2023,45,1
500,14,5321,"Woods, Tiger",2024-14,2024-04-13,2024,60,2
500,500,15016,"Schwab, Matthias",2023-7,2023-02-18,2023,50,0
500,872,15016,"Schwab, Matthias",2023-480,2023-05-06,2023,69,1
500,500,15473,"Long, Adam",2021-7,2021-02-20,2021,68,0
500,9,15473,"Long, Adam",2021-9,2021-03-06,2021,73,1
500,872,15473,"Long, Adam",2021-480,2021-05-08,2021,78,2
500,23,15473,"Long, Adam",2021-23,2021-06-05,2021,26,3
500,500,15473,"Long, Adam",2022-7,2022-02-19,2022,75,4
500,9,15473,"Long, Adam",2022-9,2022-03-05,2022,32,5
500,23,15473,"Long, Adam",2022-23,2022-06-04,2022,71,6
500,500,15473,"Long, Adam",2023-7,2023-02-18,2023,50,7
500,872,15473,"Long, Adam",2023-480,2023-05-06,2023,69,8
500,23,15473,"Long, Adam",2023-23,2023-06-03,2023,66,9
500,500,7899,"Piercy, Scott",2021-7,2021-02-20,2021,64,0
500,872,7899,"Piercy, Scott",2021-480,2021-05-08,2021,11,1
500,500,7899,"Piercy, Scott",2022-7,2022-02-19,2022,61,2
500,9,7899,"Piercy, Scott",2022-9,2022-03-05,2022,78,3
500,500,7899,"Piercy, Scott",2023-7,2023-02-18,2023,50,4
500,872,7899,"Piercy, Scott",2023-480,2023-05-06,2023,69,5
500,500,8480,"Streelman, Kevin",2021-7,2021-02-20,2021,52,0
500,872,8480,"Streelman, Kevin",2021-480,2021-05-08,2021,26,1
500,23,8480,"Streelman, Kevin",2021-23,2021-06-05,2021,13,2
500,9,8480,"Streelman, Kevin",2022-9,2022-03-05,2022,78,3
500,23,8480,"Streelman, Kevin",2022-23,2022-06-04,2022,71,4
500,500,8480,"Streelman, Kevin",2023-7,2023-02-18,2023,50,5
500,9,8480,"Streelman, Kevin",2023-9,2023-03-04,2023,73,6
500,872,8480,"Streelman, Kevin",2023-480,2023-05-06,2023,18,7
500,23,8480,"Streelman, Kevin",2023-23,2023-06-03,2023,66,8
500,872,13508,"Vegas, Jhonattan",2021-480,2021-05-08,2021,43,0
500,500,13508,"Vegas, Jhonattan",2022-7,2022-02-19,2022,55,1
500,23,13508,"Vegas, Jhonattan",2022-23,2022-06-04,2022,37,2
500,500,13508,"Vegas, Jhonattan",2023-7,2023-02-18,2023,56,3
500,14,13508,"Vegas, Jhonattan",2025-14,2025-04-12,2025,53,4
500,241,13508,"Vegas, Jhonattan",2025-33,2025-05-17,2025,5,5
500,23,13508,"Vegas, Jhonattan",2025-23,2025-05-31,2025,44,6
500,500,19948,"Taylor, Ben",2023-7,2023-02-18,2023,58,0
500,9,19948,"Taylor, Ben",2023-9,2023-03-04,2023,53,1
500,872,19948,"Taylor, Ben",2023-480,2023-05-06,2023,69,2
500,23,19948,"Taylor, Ben",2023-23,2023-06-03,2023,66,3
500,872,17064,"Herbert, Lucas",2021-480,2021-05-08,2021,78,0
500,23,17064,"Herbert, Lucas",2021-23,2021-06-05,2021,18,1
500,9,17064,"Herbert, Lucas",2022-9,2022-03-05,2022,7,2
500,14,17064,"Herbert, Lucas",2022-14,2022-04-09,2022,53,3
500,23,17064,"Herbert, Lucas",2022-23,2022-06-04,2022,48,4
500,500,17064,"Herbert, Lucas",2023-7,2023-02-18,2023,58,5
500,9,17064,"Herbert, Lucas",2023-9,2023-03-04,2023,73,6
500,23,17064,"Herbert, Lucas",2023-23,2023-06-03,2023,66,7
500,9,18761,"Mullinax, Trey",2022-9,2022-03-05,2022,78,0
500,500,18761,"Mullinax, Trey",2023-7,2023-02-18,2023,62,1
500,9,18761,"Mullinax, Trey",2023-9,2023-03-04,2023,8,2
500,872,18761,"Mullinax, Trey",2023-480,2023-05-06,2023,47,3
500,23,18761,"Mullinax, Trey",2023-23,2023-06-03,2023,66,4
500,500,24550,"Ghim, Doug",2021-7,2021-02-20,2021,68,0
500,9,24550,"Ghim, Doug",2021-9,2021-03-06,2021,36,1
500,23,24550,"Ghim, Doug",2021-23,2021-06-05,2021,69,2
500,500,24550,"Ghim, Doug",2022-7,2022-02-19,2022,76,3
500,9,24550,"Ghim, Doug",2022-9,2022-03-05,2022,78,4
500,23,24550,"Ghim, Doug",2022-23,2022-06-04,2022,60,5
500,500,24550,"Ghim, Doug",2023-7,2023-02-18,2023,62,6
500,872,24550,"Ghim, Doug",2023-480,2023-05-06,2023,27,7
500,500,15980,"Lipsky, David",2022-7,2022-02-19,2022,76,0
500,9,15980,"Lipsky, David",2022-9,2022-03-05,2022,26,1
500,23,15980,"Lipsky, David",2022-23,2022-06-04,2022,37,2
500,500,15980,"Lipsky, David",2023-7,2023-02-18,2023,62,3
500,9,15980,"Lipsky, David",2023-9,2023-03-04,2023,65,4
500,872,15980,"Lipsky, David",2023-480,2023-05-06,2023,69,5
500,23,15980,"Lipsky, David",2023-23,2023-06-03,2023,12,6
500,500,7959,"Holmes, J.B.",2021-7,2021-02-20,2021,57,0
500,872,7959,"Holmes, J.B.",2021-480,2021-05-08,2021,78,1
500,500,7959,"Holmes, J.B.",2023-7,2023-02-18,2023,67,2
500,500,14636,"Spieth, Jordan",2021-7,2021-02-20,2021,15,0
500,9,14636,"Spieth, Jordan",2021-9,2021-03-06,2021,4,1
500,14,14636,"Spieth, Jordan",2021-536,2021-04-10,2021,3,2
500,23,14636,"Spieth, Jordan",2021-23,2021-06-05,2021,18,3
500,500,14636,"Spieth, Jordan",2022-7,2022-02-19,2022,26,4
500,14,14636,"Spieth, Jordan",2022-14,2022-04-09,2022,53,5
500,23,14636,"Spieth, Jordan",2022-23,2022-06-04,2022,18,6
500,500,14636,"Spieth, Jordan",2023-7,2023-02-18,2023,68,7
500,9,14636,"Spieth, Jordan",2023-9,2023-03-04,2023,4,8
500,14,14636,"Spieth, Jordan",2023-14,2023-04-08,2023,4,9
500,872,14636,"Spieth, Jordan",2023-480,2023-05-06,2023,69,10
500,23,14636,"Spieth, Jordan",2023-23,2023-06-03,2023,5,11
500,9,14636,"Spieth, Jordan",2024-9,2024-03-09,2024,30,12
500,14,14636,"Spieth, Jordan",2024-14,2024-04-13,2024,61,13
500,872,14636,"Spieth, Jordan",2024-480,2024-05-11,2024,29,14
500,23,14636,"Spieth, Jordan",2024-23,2024-06-08,2024,53,15
500,14,14636,"Spieth, Jordan",2025-14,2025-04-12,2025,14,16
500,241,14636,"Spieth, Jordan",2025-33,2025-05-17,2025,75,17
500,23,14636,"Spieth, Jordan",2025-23,2025-05-31,2025,7,18
500,23,17723,"Lower, Justin",2022-23,2022-06-04,2022,71,0
500,500,17723,"Lower, Justin",2023-7,2023-02-18,2023,68,1
500,9,17723,"Lower, Justin",2023-9,2023-03-04,2023,73,2
500,872,17723,"Lower, Justin",2023-480,2023-05-06,2023,69,3
500,23,17723,"Lower, Justin",2023-23,2023-06-03,2023,66,4
500,9,17723,"Lower, Justin",2024-9,2024-03-09,2024,36,5
500,241,17723,"Lower, Justin",2025-33,2025-05-17,2025,60,6
500,14,21074,"Nakajima, Keita",2022-14,2022-04-09,2022,53,0
500,500,21074,"Nakajima, Keita",2023-7,2023-02-18,2023,68,1
500,241,21074,"Nakajima, Keita",2025-33,2025-05-17,2025,75,2
500,14,6093,"Rose, Justin",2021-536,2021-04-10,2021,7,0
500,9,6093,"Rose, Justin",2022-9,2022-03-05,2022,78,1
500,14,6093,"Rose, Justin",2022-14,2022-04-09,2022,53,2
500,500,6093,"Rose, Justin",2023-7,2023-02-18,2023,68,3
500,9,6093,"Rose, Justin",2023-9,2023-03-04,2023,73,4
500,14,6093,"Rose, Justin",2023-14,2023-04-08,2023,16,5
500,9,6093,"Rose, Justin",2024-9,2024-03-09,2024,58,6
500,14,6093,"Rose, Justin",2024-14,2024-04-13,2024,61,7
500,872,6093,"Rose, Justin",2024-480,2024-05-11,2024,52,8
500,23,6093,"Rose, Justin",2024-23,2024-06-08,2024,53,9
500,9,6093,"Rose, Justin",2025-9,2025-03-08,2025,8,10
500,14,6093,"Rose, Justin",2025-14,2025-04-12,2025,2,11
500,241,6093,"Rose, Justin",2025-33,2025-05-17,2025,75,12
500,23,6093,"Rose, Justin",2025-23,2025-05-31,2025,44,13
500,500,10419,"Noren, Alex",2021-7,2021-02-20,2021,12,0
500,9,10419,"Noren, Alex",2021-9,2021-03-06,2021,49,1
500,23,10419,"Noren, Alex",2021-23,2021-06-05,2021,13,2
500,500,10419,"Noren, Alex",2022-7,2022-02-19,2022,48,3
500,23,10419,"Noren, Alex",2022-23,2022-06-04,2022,71,4
500,500,10419,"Noren, Alex",2023-7,2023-02-18,2023,68,5
500,9,10419,"Noren, Alex",2023-9,2023-03-04,2023,61,6
500,14,10419,"Noren, Alex",2023-14,2023-04-08,2023,54,7
500,872,10419,"Noren, Alex",2023-480,2023-05-06,2023,69,8
500,23,10419,"Noren, Alex",2023-23,2023-06-03,2023,52,9
500,872,10419,"Noren, Alex",2024-480,2024-05-11,2024,24,10
500,23,10419,"Noren, Alex",2024-23,2024-06-08,2024,22,11
500,241,10419,"Noren, Alex",2025-33,2025-05-17,2025,17,12
500,23,10419,"Noren, Alex",2025-23,2025-05-31,2025,39,13
500,9,13470,"Kizzire, Patton",2021-9,2021-03-06,2021,57,0
500,872,13470,"Kizzire, Patton",2021-480,2021-05-08,2021,58,1
500,23,13470,"Kizzire, Patton",2021-23,2021-06-05,2021,69,2
500,500,13470,"Kizzire, Patton",2022-7,2022-02-19,2022,61,3
500,9,13470,"Kizzire, Patton",2022-9,2022-03-05,2022,32,4
500,23,13470,"Kizzire, Patton",2022-23,2022-06-04,2022,71,5
500,500,13470,"Kizzire, Patton",2023-7,2023-02-18,2023,68,6
500,9,13470,"Kizzire, Patton",2023-9,2023-03-04,2023,73,7
500,872,13470,"Kizzire, Patton",2023-480,2023-05-06,2023,69,8
500,14,13470,"Kizzire, Patton",2025-14,2025-04-12,2025,53,9
500,500,24481,"Redman, Doc",2021-7,2021-02-20,2021,68,0
500,9,24481,"Redman, Doc",2021-9,2021-03-06,2021,66,1
500,872,24481,"Redman, Doc",2021-480,2021-05-08,2021,78,2
500,23,24481,"Redman, Doc",2021-23,2021-06-05,2021,42,3
500,500,24481,"Redman, Doc",2022-7,2022-02-19,2022,61,4
500,500,24481,"Redman, Doc",2023-7,2023-02-18,2023,68,5
500,872,24481,"Redman, Doc",2023-480,2023-05-06,2023,69,6
500,500,23505,"McGreevy, Max",2023-7,2023-02-18,2023,68,0
500,872,23505,"McGreevy, Max",2023-480,2023-05-06,2023,69,1
500,9,23505,"McGreevy, Max",2025-9,2025-03-08,2025,40,2
500,241,23505,"McGreevy, Max",2025-33,2025-05-17,2025,75,3
500,500,13367,"Merritt, Troy",2021-7,2021-02-20,2021,68,0
500,872,13367,"Merritt, Troy",2021-480,2021-05-08,2021,78,1
500,23,13367,"Merritt, Troy",2021-23,2021-06-05,2021,50,2
500,500,13367,"Merritt, Troy",2022-7,2022-02-19,2022,76,3
500,9,13367,"Merritt, Troy",2022-9,2022-03-05,2022,74,4
500,23,13367,"Merritt, Troy",2022-23,2022-06-04,2022,53,5
500,500,13367,"Merritt, Troy",2023-7,2023-02-18,2023,68,6
500,9,13367,"Merritt, Troy",2023-9,2023-03-04,2023,73,7
500,872,13367,"Merritt, Troy",2023-480,2023-05-06,2023,69,8
500,23,13367,"Merritt, Troy",2023-23,2023-06-03,2023,66,9
500,500,11826,"Lee, Danny",2021-7,2021-02-20,2021,52,0
500,9,11826,"Lee, Danny",2021-9,2021-03-06,2021,49,1
500,23,11826,"Lee, Danny",2021-23,2021-06-05,2021,69,2
500,500,11826,"Lee, Danny",2022-7,2022-02-19,2022,21,3
500,9,11826,"Lee, Danny",2022-9,2022-03-05,2022,61,4
500,23,11826,"Lee, Danny",2022-23,2022-06-04,2022,71,5
500,500,11826,"Lee, Danny",2023-7,2023-02-18,2023,68,6
500,9,23542,"Champ, Cameron",2021-9,2021-03-06,2021,73,0
500,14,23542,"Champ, Cameron",2021-536,2021-04-10,2021,26,1
500,500,23542,"Champ, Cameron",2022-7,2022-02-19,2022,67,2
500,9,23542,"Champ, Cameron",2022-9,2022-03-05,2022,61,3
500,14,23542,"Champ, Cameron",2022-14,2022-04-09,2022,10,4
500,23,23542,"Champ, Cameron",2022-23,2022-06-04,2022,71,5
500,500,23542,"Champ, Cameron",2023-7,2023-02-18,2023,68,6
500,14,23542,"Champ, Cameron",2023-14,2023-04-08,2023,54,7
500,872,23542,"Champ, Cameron",2023-480,2023-05-06,2023,69,8
500,500,11955,"Frittelli, Dylan",2021-7,2021-02-20,2021,68,0
500,9,11955,"Frittelli, Dylan",2021-9,2021-03-06,2021,73,1
500,14,11955,"Frittelli, Dylan",2021-536,2021-04-10,2021,55,2
500,23,11955,"Frittelli, Dylan",2021-23,2021-06-05,2021,69,3
500,500,11955,"Frittelli, Dylan",2022-7,2022-02-19,2022,26,4
500,9,11955,"Frittelli, Dylan",2022-9,2022-03-05,2022,42,5
500,500,11955,"Frittelli, Dylan",2023-7,2023-02-18,2023,68,6
500,872,11955,"Frittelli, Dylan",2023-480,2023-05-06,2023,69,7
500,500,22985,"Smotherman, Austin",2023-7,2023-02-18,2023,68,0
500,872,22985,"Smotherman, Austin",2023-480,2023-05-06,2023,69,1
500,9,27364,"Thompson, Davis",2022-9,2022-03-05,2022,42,0
500,500,27364,"Thompson, Davis",2023-7,2023-02-18,2023,68,1
500,9,27364,"Thompson, Davis",2023-9,2023-03-04,2023,53,2
500,872,27364,"Thompson, Davis",2023-480,2023-05-06,2023,69,3
500,23,27364,"Thompson, Davis",2023-23,2023-06-03,2023,56,4
500,23,27364,"Thompson, Davis",2024-23,2024-06-08,2024,27,5
500,9,27364,"Thompson, Davis",2025-9,2025-03-08,2025,51,6
500,14,27364,"Thompson, Davis",2025-14,2025-04-12,2025,46,7
500,241,27364,"Thompson, Davis",2025-33,2025-05-17,2025,75,8
500,23,27364,"Thompson, Davis",2025-23,2025-05-31,2025,49,9
500,23,25213,"Wu, Brandon",2022-23,2022-06-04,2022,69,0
500,500,25213,"Wu, Brandon",2023-7,2023-02-18,2023,68,1
500,23,25213,"Wu, Brandon",2023-23,2023-06-03,2023,66,2
500,500,19840,"Ramey, Chad",2023-7,2023-02-18,2023,68,0
500,872,19840,"Ramey, Chad",2023-480,2023-05-06,2023,35,1
500,23,19840,"Ramey, Chad",2023-23,2023-06-03,2023,66,2
500,500,30690,"Wall, Jack",2023-7,2023-02-18,2023,68,0
500,9,11328,"Kisner, Kevin",2021-9,2021-03-06,2021,36,0
500,14,11328,"Kisner, Kevin",2021-536,2021-04-10,2021,55,1
500,9,11328,"Kisner, Kevin",2022-9,2022-03-05,2022,78,2
500,14,11328,"Kisner, Kevin",2022-14,2022-04-09,2022,44,3
500,500,11328,"Kisner, Kevin",2023-7,2023-02-18,2023,68,4
500,9,11328,"Kisner, Kevin",2023-9,2023-03-04,2023,73,5
500,14,11328,"Kisner, Kevin",2023-14,2023-04-08,2023,54,6
500,23,11328,"Kisner, Kevin",2023-23,2023-06-03,2023,66,7
500,500,5665,"Cink, Stewart",2021-7,2021-02-20,2021,68,0
500,14,5665,"Cink, Stewart",2021-536,2021-04-10,2021,12,1
500,872,5665,"Cink, Stewart",2021-480,2021-05-08,2021,37,2
500,23,5665,"Cink, Stewart",2021-23,2021-06-05,2021,47,3
500,14,5665,"Cink, Stewart",2022-14,2022-04-09,2022,53,4
500,23,5665,"Cink, Stewart",2022-23,2022-06-04,2022,71,5
500,500,5665,"Cink, Stewart",2023-7,2023-02-18,2023,68,6
500,9,5665,"Cink, Stewart",2023-9,2023-03-04,2023,73,7
500,872,5665,"Cink, Stewart",2023-480,2023-05-06,2023,67,8
500,23,5665,"Cink, Stewart",2023-23,2023-06-03,2023,60,9
500,500,14509,"Dahmen, Joel",2021-7,2021-02-20,2021,68,0
500,9,14509,"Dahmen, Joel",2021-9,2021-03-06,2021,73,1
500,872,14509,"Dahmen, Joel",2021-480,2021-05-08,2021,18,2
500,23,14509,"Dahmen, Joel",2021-23,2021-06-05,2021,32,3
500,500,14509,"Dahmen, Joel",2022-7,2022-02-19,2022,74,4
500,23,14509,"Dahmen, Joel",2022-23,2022-06-04,2022,32,5
500,500,14509,"Dahmen, Joel",2023-7,2023-02-18,2023,68,6
500,9,14509,"Dahmen, Joel",2023-9,2023-03-04,2023,73,7
500,872,14509,"Dahmen, Joel",2023-480,2023-05-06,2023,69,8
500,23,14509,"Dahmen, Joel",2023-23,2023-06-03,2023,66,9
500,9,11276,"Horschel, Billy",2021-9,2021-03-06,2021,73,0
500,14,11276,"Horschel, Billy",2021-536,2021-04-10,2021,50,1
500,23,11276,"Horschel, Billy",2021-23,2021-06-05,2021,67,2
500,9,11276,"Horschel, Billy",2022-9,2022-03-05,2022,2,3
500,14,11276,"Horschel, Billy",2022-14,2022-04-09,2022,43,4
500,23,11276,"Horschel, Billy",2022-23,2022-06-04,2022,1,5
500,500,11276,"Horschel, Billy",2023-7,2023-02-18,2023,68,6
500,9,11276,"Horschel, Billy",2023-9,2023-03-04,2023,73,7
500,14,11276,"Horschel, Billy",2023-14,2023-04-08,2023,52,8
500,23,11276,"Horschel, Billy",2023-23,2023-06-03,2023,66,9
500,872,11276,"Horschel, Billy",2024-480,2024-05-11,2024,52,10
500,23,11276,"Horschel, Billy",2024-23,2024-06-08,2024,15,11
500,9,11276,"Horschel, Billy",2025-9,2025-03-08,2025,51,12
500,14,11276,"Horschel, Billy",2025-14,2025-04-12,2025,53,13
500,500,16333,"Hubbard, Mark",2021-7,2021-02-20,2021,68,0
500,9,16333,"Hubbard, Mark",2021-9,2021-03-06,2021,43,1
500,872,16333,"Hubbard, Mark",2021-480,2021-05-08,2021,78,2
500,23,16333,"Hubbard, Mark",2021-23,2021-06-05,2021,42,3
500,500,16333,"Hubbard, Mark",2023-7,2023-02-18,2023,68,4
500,872,16333,"Hubbard, Mark",2023-480,2023-05-06,2023,27,5
500,23,16333,"Hubbard, Mark",2023-23,2023-06-03,2023,30,6
500,9,25363,"Buckley, Hayden",2022-9,2022-03-05,2022,68,0
500,500,25363,"Buckley, Hayden",2023-7,2023-02-18,2023,68,1
500,9,25363,"Buckley, Hayden",2023-9,2023-03-04,2023,73,2
500,872,25363,"Buckley, Hayden",2023-480,2023-05-06,2023,43,3
500,23,25363,"Buckley, Hayden",2023-23,2023-06-03,2023,66,4
500,500,14852,"Streb, Robert",2021-7,2021-02-20,2021,68,0
500,9,14852,"Streb, Robert",2021-9,2021-03-06,2021,73,1
500,14,14852,"Streb, Robert",2021-536,2021-04-10,2021,55,2
500,872,14852,"Streb, Robert",2021-480,2021-05-08,2021,78,3
500,23,14852,"Streb, Robert",2021-23,2021-06-05,2021,69,4
500,500,14852,"Streb, Robert",2022-7,2022-02-19,2022,76,5
500,23,14852,"Streb, Robert",2022-23,2022-06-04,2022,71,6
500,500,14852,"Streb, Robert",2023-7,2023-02-18,2023,68,7
500,872,14852,"Streb, Robert",2023-480,2023-05-06,2023,69,8
500,872,15852,"Kraft, Kelly",2021-480,2021-05-08,2021,78,0
500,500,15852,"Kraft, Kelly",2023-7,2023-02-18,2023,68,1
500,872,15852,"Kraft, Kelly",2023-480,2023-05-06,2023,69,2
500,872,10423,"Brehm, Ryan",2021-480,2021-05-08,2021,78,0
500,23,10423,"Brehm, Ryan",2022-23,2022-06-04,2022,71,1
500,500,10423,"Brehm, Ryan",2023-7,2023-02-18,2023,68,2
500,9,10423,"Brehm, Ryan",2023-9,2023-03-04,2023,73,3
500,9,20706,"Wallace, Matt",2021-9,2021-03-06,2021,18,0
500,14,20706,"Wallace, Matt",2021-536,2021-04-10,2021,34,1
500,872,20706,"Wallace, Matt",2021-480,2021-05-08,2021,6,2
500,23,20706,"Wallace, Matt",2021-23,2021-06-05,2021,69,3
500,500,20706,"Wallace, Matt",2022-7,2022-02-19,2022,76,4
500,9,20706,"Wallace, Matt",2022-9,2022-03-05,2022,78,5
500,500,20706,"Wallace, Matt",2023-7,2023-02-18,2023,68,6
500,872,20706,"Wallace, Matt",2023-480,2023-05-06,2023,69,7
500,23,20706,"Wallace, Matt",2023-23,2023-06-03,2023,48,8
500,241,20706,"Wallace, Matt",2025-33,2025-05-17,2025,17,9
500,500,11374,"Hahn, James",2021-7,2021-02-20,2021,15,0
500,872,11374,"Hahn, James",2021-480,2021-05-08,2021,78,1
500,23,11374,"Hahn, James",2021-23,2021-06-05,2021,69,2
500,500,11374,"Hahn, James",2022-7,2022-02-19,2022,61,3
500,500,11374,"Hahn, James",2023-7,2023-02-18,2023,68,4
500,872,11374,"Hahn, James",2023-480,2023-05-06,2023,69,5
500,500,7961,"Reavie, Chez",2021-7,2021-02-20,2021,68,0
500,9,7961,"Reavie, Chez",2021-9,2021-03-06,2021,49,1
500,872,7961,"Reavie, Chez",2021-480,2021-05-08,2021,78,2
500,500,7961,"Reavie, Chez",2022-7,2022-02-19,2022,10,3
500,9,7961,"Reavie, Chez",2022-9,2022-03-05,2022,77,4
500,500,7961,"Reavie, Chez",2023-7,2023-02-18,2023,68,5
500,9,7961,"Reavie, Chez",2023-9,2023-03-04,2023,73,6
500,872,7961,"Reavie, Chez",2023-480,2023-05-06,2023,69,7
500,23,7961,"Reavie, Chez",2023-23,2023-06-03,2023,58,8
500,500,13831,"Knox, Russell",2021-7,2021-02-20,2021,68,0
500,9,13831,"Knox, Russell",2021-9,2021-03-06,2021,70,1
500,872,13831,"Knox, Russell",2021-480,2021-05-08,2021,18,2
500,23,13831,"Knox, Russell",2021-23,2021-06-05,2021,57,3
500,500,13831,"Knox, Russell",2022-7,2022-02-19,2022,33,4
500,23,13831,"Knox, Russell",2022-23,2022-06-04,2022,71,5
500,500,13831,"Knox, Russell",2023-7,2023-02-18,2023,68,6
500,872,13831,"Knox, Russell",2023-480,2023-05-06,2023,69,7
500,500,9586,"Laird, Martin",2021-7,2021-02-20,2021,68,0
500,9,9586,"Laird, Martin",2021-9,2021-03-06,2021,43,1
500,14,9586,"Laird, Martin",2021-536,2021-04-10,2021,38,2
500,23,9586,"Laird, Martin",2021-23,2021-06-05,2021,53,3
500,500,9586,"Laird, Martin",2022-7,2022-02-19,2022,39,4
500,9,9586,"Laird, Martin",2022-9,2022-03-05,2022,52,5
500,23,9586,"Laird, Martin",2022-23,2022-06-04,2022,37,6
500,500,9586,"Laird, Martin",2023-7,2023-02-18,2023,68,7
500,9,9586,"Laird, Martin",2023-9,2023-03-04,2023,39,8
500,872,9586,"Laird, Martin",2023-480,2023-05-06,2023,69,9
500,500,29304,"Byrd, Marcus",2023-7,2023-02-18,2023,68,0
500,872,29304,"Byrd, Marcus",2023-480,2023-05-06,2023,69,1
500,872,14967,"Hadley, Chesson",2021-480,2021-05-08,2021,78,0
500,500,14967,"Hadley, Chesson",2022-7,2022-02-19,2022,76,1
500,500,14967,"Hadley, Chesson",2023-7,2023-02-18,2023,68,2
500,872,14967,"Hadley, Chesson",2023-480,2023-05-06,2023,69,3
500,9,23482,"Sigg, Greyson",2022-9,2022-03-05,2022,68,0
500,500,23482,"Sigg, Greyson",2023-7,2023-02-18,2023,68,1
500,9,23482,"Sigg, Greyson",2023-9,2023-03-04,2023,61,2
500,872,23482,"Sigg, Greyson",2023-480,2023-05-06,2023,69,3
500,500,13497,"Lee, Kyoung-Hoon",2021-7,2021-02-20,2021,66,0
500,9,13497,"Lee, Kyoung-Hoon",2021-9,2021-03-06,2021,73,1
500,872,13497,"Lee, Kyoung-Hoon",2021-480,2021-05-08,2021,58,2
500,23,13497,"Lee, K.H.",2021-23,2021-06-05,2021,65,3
500,500,13497,"Lee, K.H.",2022-7,2022-02-19,2022,26,4
500,9,13497,"Lee, K.H.",2022-9,2022-03-05,2022,42,5
500,14,13497,"Lee, Kyoung-Hoon",2022-14,2022-04-09,2022,53,6
500,23,13497,"Lee, K.H.",2022-23,2022-06-04,2022,53,7
500,500,13497,"Lee, K.H.",2023-7,2023-02-18,2023,68,8
500,9,13497,"Lee, K.H.",2023-9,2023-03-04,2023,53,9
500,14,13497,"Lee, Kyounghoon",2023-14,2023-04-08,2023,23,10
500,872,13497,"Lee, K.H.",2023-480,2023-05-06,2023,8,11
500,23,13497,"Lee, K.H.",2023-23,2023-06-03,2023,66,12
500,872,12359,"Stallings, Scott",2021-480,2021-05-08,2021,43,0
500,500,12359,"Stallings, Scott",2022-7,2022-02-19,2022,76,1
500,9,12359,"Stallings, Scott",2022-9,2022-03-05,2022,78,2
500,23,12359,"Stallings, Scott",2022-23,2022-06-04,2022,71,3
500,500,12359,"Stallings, Scott",2023-7,2023-02-18,2023,68,4
500,9,12359,"Stallings, Scott",2023-9,2023-03-04,2023,73,5
500,14,12359,"Stallings, Scott",2023-14,2023-04-08,2023,26,6
500,23,12359,"Stallings, Scott",2023-23,2023-06-03,2023,66,7
500,500,7955,"Watney, Nick",2022-7,2022-02-19,2022,55,0
500,9,7955,"Watney, Nick",2022-9,2022-03-05,2022,20,1
500,23,7955,"Watney, Nick",2022-23,2022-06-04,2022,71,2
500,500,7955,"Watney, Nick",2023-7,2023-02-18,2023,68,3
500,872,7955,"Watney, Nick",2023-480,2023-05-06,2023,69,4
500,500,7655,"Molinari, Francesco",2021-7,2021-02-20,2021,8,0
500,9,7655,"Molinari, Francesco",2021-9,2021-03-06,2021,73,1
500,14,7655,"Molinari, Francesco",2021-536,2021-04-10,2021,52,2
500,872,7655,"Molinari, Francesco",2021-480,2021-05-08,2021,78,3
500,500,7655,"Molinari, Francesco",2022-7,2022-02-19,2022,55,4
500,14,7655,"Molinari, Francesco",2022-14,2022-04-09,2022,53,5
500,23,7655,"Molinari, Francesco",2022-23,2022-06-04,2022,26,6
500,500,7655,"Molinari, Francesco",2023-7,2023-02-18,2023,68,7
500,9,7655,"Molinari, Francesco",2023-9,2023-03-04,2023,14,8
500,14,7655,"Molinari, Francesco",2023-14,2023-04-08,2023,54,9
500,872,7655,"Molinari, Francesco",2023-480,2023-05-06,2023,40,10
500,23,7655,"Molinari, Francesco",2023-23,2023-06-03,2023,66,11
500,500,16433,"NeSmith, Matthew",2021-7,2021-02-20,2021,20,0
500,9,16433,"NeSmith, Matthew",2021-9,2021-03-06,2021,73,1
500,872,16433,"NeSmith, Matthew",2021-480,2021-05-08,2021,58,2
500,23,16433,"NeSmith, Matthew",2021-23,2021-06-05,2021,69,3
500,500,16433,"NeSmith, Matthew",2022-7,2022-02-19,2022,55,4
500,23,16433,"NeSmith, Matthew",2022-23,2022-06-04,2022,37,5
500,500,16433,"NeSmith, Matthew",2023-7,2023-02-18,2023,68,6
500,9,16433,"NeSmith, Matthew",2023-9,2023-03-04,2023,39,7
500,872,16433,"NeSmith, Matthew",2023-480,2023-05-06,2023,35,8
500,23,16433,"NeSmith, Matt",2023-23,2023-06-03,2023,66,9
500,500,13486,"Kim, Yeongsu",2023-7,2023-02-18,2023,68,0
500,500,20519,"Tarren, Callum",2023-7,2023-02-18,2023,68,0
500,9,20519,"Tarren, Callum",2023-9,2023-03-04,2023,73,1
500,872,20519,"Tarren, Callum",2023-480,2023-05-06,2023,64,2
500,500,18079,"Niemann, Joaquin",2021-7,2021-02-20,2021,43,0
500,14,18079,"Niemann, Joaquin",2021-536,2021-04-10,2021,40,1
500,872,18079,"Niemann, Joaquin",2021-480,2021-05-08,2021,18,2
500,23,18079,"Niemann, Joaquin",2021-23,2021-06-05,2021,69,3
500,500,18079,"Niemann, Joaquin",2022-7,2022-02-19,2022,1,4
500,14,18079,"Niemann, Joaquin",2022-14,2022-04-09,2022,35,5
500,23,18079,"Niemann, Joaquin",2022-23,2022-06-04,2022,3,6
500,14,18079,"Niemann, Joaquin",2023-14,2023-04-08,2023,16,7
500,14,18079,"Niemann, Joaquin",2024-14,2024-04-13,2024,22,8
500,14,18079,"Niemann, Joaquin",2025-14,2025-04-12,2025,29,9
500,241,18079,"Niemann, Joaquin",2025-33,2025-05-17,2025,8,10
500,500,18634,"McNealy, Maverick",2021-7,2021-02-20,2021,68,0
500,9,18634,"McNealy, Maverick",2021-9,2021-03-06,2021,49,1
500,872,18634,"McNealy, Maverick",2021-480,2021-05-08,2021,78,2
500,500,18634,"McNealy, Maverick",2022-7,2022-02-19,2022,7,3
500,9,18634,"McNealy, Maverick",2022-9,2022-03-05,2022,73,4
500,9,18634,"McNealy, Maverick",2025-9,2025-03-08,2025,51,5
500,14,18634,"McNealy, Maverick",2025-14,2025-04-12,2025,32,6
500,241,18634,"McNealy, Maverick",2025-33,2025-05-17,2025,33,7
500,23,18634,"McNealy, Maverick",2025-23,2025-05-31,2025,5,8
500,500,15475,"Pan, C.T.",2021-7,2021-02-20,2021,20,0
500,9,15475,"Pan, C.T.",2021-9,2021-03-06,2021,73,1
500,14,15475,"Pan, C.T.",2021-536,2021-04-10,2021,55,2
500,872,15475,"Pan, C.T.",2021-480,2021-05-08,2021,18,3
500,23,15475,"Pan, C.T.",2021-23,2021-06-05,2021,57,4
500,500,15475,"Pan, C.T.",2022-7,2022-02-19,2022,9,5
500,23,15475,"Pan, C.T.",2022-23,2022-06-04,2022,53,6
500,872,15475,"Pan, C.T.",2023-480,2023-05-06,2023,69,7
500,9,15475,"Pan, C.T.",2024-9,2024-03-09,2024,51,8
500,500,14013,"Tringale, Cameron",2021-7,2021-02-20,2021,26,0
500,9,14013,"Tringale, Cameron",2021-9,2021-03-06,2021,31,1
500,872,14013,"Tringale, Cameron",2021-480,2021-05-08,2021,78,2
500,23,14013,"Tringale, Cameron",2021-23,2021-06-05,2021,26,3
500,500,14013,"Tringale, Cameron",2022-7,2022-02-19,2022,13,4
500,9,14013,"Tringale, Cameron",2022-9,2022-03-05,2022,78,5
500,23,14013,"Tringale, Cameron",2022-23,2022-06-04,2022,48,6
500,500,8605,"Jones, Matt",2021-7,2021-02-20,2021,8,0
500,9,8605,"Jones, Matt",2021-9,2021-03-06,2021,73,1
500,14,8605,"Jones, Matt",2021-536,2021-04-10,2021,26,2
500,872,8605,"Jones, Matt",2021-480,2021-05-08,2021,37,3
500,23,8605,"Jones, Matt",2021-23,2021-06-05,2021,69,4
500,500,8605,"Jones, Matt",2022-7,2022-02-19,2022,15,5
500,9,8605,"Jones, Matt",2022-9,2022-03-05,2022,52,6
500,23,8605,"Jones, Matt",2022-23,2022-06-04,2022,71,7
500,500,7649,"Leishman, Marc",2021-7,2021-02-20,2021,32,0
500,9,7649,"Leishman, Marc",2021-9,2021-03-06,2021,73,1
500,14,7649,"Leishman, Marc",2021-536,2021-04-10,2021,5,2
500,23,7649,"Leishman, Marc",2021-23,2021-06-05,2021,57,3
500,500,7649,"Leishman, Marc",2022-7,2022-02-19,2022,15,4
500,9,7649,"Leishman, Marc",2022-9,2022-03-05,2022,68,5
500,14,7649,"Leishman, Marc",2022-14,2022-04-09,2022,30,6
500,23,7649,"Leishman, Marc",2022-23,2022-06-04,2022,71,7
500,9,23323,"MacIntyre, Robert",2021-9,2021-03-06,2021,36,0
500,14,23323,"MacIntyre, Robert",2021-536,2021-04-10,2021,12,1
500,500,23323,"MacIntyre, Robert",2022-7,2022-02-19,2022,15,2
500,14,23323,"MacIntyre, Robert",2022-14,2022-04-09,2022,23,3
500,9,23323,"MacIntyre, Robert",2025-9,2025-03-08,2025,11,4
500,14,23323,"MacIntyre, Robert",2025-14,2025-04-12,2025,53,5
500,241,23323,"MacIntyre, Robert",2025-33,2025-05-17,2025,47,6
500,23,23323,"MacIntyre, Robert",2025-23,2025-05-31,2025,20,7
500,500,19455,"Pereira, Mito",2022-7,2022-02-19,2022,15,0
500,23,19455,"Pereira, Mito",2022-23,2022-06-04,2022,13,1
500,14,19455,"Pereira, Mito",2023-14,2023-04-08,2023,43,2
500,9,7108,"Casey, Paul",2021-9,2021-03-06,2021,10,0
500,14,7108,"Casey, Paul",2021-536,2021-04-10,2021,26,1
500,500,7108,"Casey, Paul",2022-7,2022-02-19,2022,15,2
500,9,7108,"Casey, Paul",2022-9,2022-03-05,2022,72,3
500,500,20770,"Munoz, Sebastian",2021-7,2021-02-20,2021,43,0
500,9,20770,"Munoz, Sebastian",2021-9,2021-03-06,2021,49,1
500,14,20770,"Munoz, Sebastian",2021-536,2021-04-10,2021,40,2
500,872,20770,"Munoz, Sebastian",2021-480,2021-05-08,2021,78,3
500,23,20770,"Munoz, Sebastian",2021-23,2021-06-05,2021,69,4
500,500,20770,"Munoz, Sebastian",2022-7,2022-02-19,2022,21,5
500,9,20770,"Munoz, Sebastian",2022-9,2022-03-05,2022,26,6
500,500,12337,"Kokrak, Jason",2021-7,2021-02-20,2021,32,0
500,9,12337,"Kokrak, Jason",2021-9,2021-03-06,2021,8,1
500,14,12337,"Kokrak, Jason",2021-536,2021-04-10,2021,49,2
500,500,12337,"Kokrak, Jason",2022-7,2022-02-19,2022,26,3
500,9,12337,"Kokrak, Jason",2022-9,2022-03-05,2022,26,4
500,14,12337,"Kokrak, Jason",2022-14,2022-04-09,2022,14,5
500,14,12337,"Kokrak, Jason",2023-14,2023-04-08,2023,54,6
500,500,15856,"Smith, Cameron",2021-7,2021-02-20,2021,4,0
500,14,15856,"Smith, Cameron",2021-536,2021-04-10,2021,10,1
500,23,15856,"Smith, Cameron",2021-23,2021-06-05,2021,69,2
500,500,15856,"Smith, Cameron",2022-7,2022-02-19,2022,33,3
500,14,15856,"Smith, Cameron",2022-14,2022-04-09,2022,3,4
500,23,15856,"Smith, Cameron",2022-23,2022-06-04,2022,13,5
500,14,15856,"Smith, Cameron",2023-14,2023-04-08,2023,34,6
500,14,15856,"Smith, Cameron",2024-14,2024-04-13,2024,6,7
500,14,15856,"Smith, Cameron",2025-14,2025-04-12,2025,53,8
500,241,15856,"Smith, Cameron",2025-33,2025-05-17,2025,75,9
500,500,14735,"Ortiz, Carlos",2021-7,2021-02-20,2021,68,0
500,14,14735,"Ortiz, Carlos",2021-536,2021-04-10,2021,55,1
500,872,14735,"Ortiz, Carlos",2021-480,2021-05-08,2021,65,2
500,23,14735,"Ortiz, Carlos",2021-23,2021-06-05,2021,16,3
500,500,14735,"Ortiz, Carlos",2022-7,2022-02-19,2022,39,4
500,9,14735,"Ortiz, Carlos",2022-9,2022-03-05,2022,78,5
500,23,14735,"Ortiz, Carlos",2022-23,2022-06-04,2022,64,6
500,9,17550,"van Rooyen, Erik",2021-9,2021-03-06,2021,57,0
500,872,17550,"van Rooyen, Erik",2021-480,2021-05-08,2021,78,1
500,500,17550,"van Rooyen, Erik",2022-7,2022-02-19,2022,39,2
500,9,17550,"van Rooyen, Erik",2022-9,2022-03-05,2022,78,3
500,14,17550,"van Rooyen, Erik",2022-14,2022-04-09,2022,53,4
500,23,17550,"van Rooyen, Erik",2022-23,2022-06-04,2022,71,5
500,872,17550,"van Rooyen, Erik",2023-480,2023-05-06,2023,69,6
500,9,17550,"van Rooyen, Erik",2024-9,2024-03-09,2024,25,7
500,14,17550,"Van Rooyen, Erik",2024-14,2024-04-13,2024,55,8
500,241,17550,"Van Rooyen, Erik",2025-33,2025-05-17,2025,75,9
500,500,5689,"Garcia, Sergio",2021-7,2021-02-20,2021,68,0
500,14,5689,"Garcia, Sergio",2021-536,2021-04-10,2021,55,1
500,500,5689,"Garcia, Sergio",2022-7,2022-02-19,2022,39,2
500,9,5689,"Garcia, Sergio",2022-9,2022-03-05,2022,38,3
500,14,5689,"Garcia, Sergio",2022-14,2022-04-09,2022,23,4
500,14,5689,"Garcia, Sergio",2023-14,2023-04-08,2023,54,5
500,14,5689,"Garcia, Sergio",2024-14,2024-04-13,2024,61,6
500,14,5689,"Garcia, Sergio",2025-14,2025-04-12,2025,53,7
500,241,5689,"Garcia, Sergio",2025-33,2025-05-17,2025,67,8
500,500,15330,"Griffin, Lanto",2021-7,2021-02-20,2021,26,0
500,9,15330,"Griffin, Lanto",2021-9,2021-03-06,2021,21,1
500,14,15330,"Griffin, Lanto",2021-536,2021-04-10,2021,55,2
500,872,15330,"Griffin, Lanto",2021-480,2021-05-08,2021,26,3
500,23,15330,"Griffin, Lanto",2021-23,2021-06-05,2021,69,4
500,500,15330,"Griffin, Lanto",2022-7,2022-02-19,2022,39,5
500,9,15330,"Griffin, Lanto",2022-9,2022-03-05,2022,52,6
500,23,15330,"Griffin, Lanto",2022-23,2022-06-04,2022,51,7
500,872,15330,"Griffin, Lanto",2023-480,2023-05-06,2023,69,8
500,23,15330,"Griffin, Lanto",2023-23,2023-06-03,2023,64,9
500,500,18238,"Ancer, Abraham",2021-7,2021-02-20,2021,68,0
500,14,18238,"Ancer, Abraham",2021-536,2021-04-10,2021,26,1
500,872,18238,"Ancer, Abraham",2021-480,2021-05-08,2021,2,2
500,500,18238,"Ancer, Abraham",2022-7,2022-02-19,2022,39,3
500,14,18238,"Ancer, Abraham",2022-14,2022-04-09,2022,53,4
500,23,18238,"Ancer, Abraham",2022-23,2022-06-04,2022,32,5
500,14,18238,"Ancer, Abraham",2023-14,2023-04-08,2023,39,6
500,500,6762,"Perez, Pat",2021-7,2021-02-20,2021,68,0
500,9,6762,"Perez, Pat",2021-9,2021-03-06,2021,36,1
500,872,6762,"Perez, Pat",2021-480,2021-05-08,2021,26,2
500,500,6762,"Perez, Pat",2022-7,2022-02-19,2022,39,3
500,9,6762,"Perez, Pat",2022-9,2022-03-05,2022,42,4
500,23,6762,"Perez, Pat",2022-23,2022-06-04,2022,26,5
500,500,14140,"Higgs, Harry",2021-7,2021-02-20,2021,68,0
500,872,14140,"Higgs, Harry",2021-480,2021-05-08,2021,78,1
500,23,14140,"Higgs, Harry",2021-23,2021-06-05,2021,68,2
500,500,14140,"Higgs, Harry",2022-7,2022-02-19,2022,55,3
500,14,14140,"Higgs, Harry",2022-14,2022-04-09,2022,14,4
500,23,14140,"Higgs, Harry",2025-23,2025-05-31,2025,51,5
500,500,13022,"Stuard, Brian",2021-7,2021-02-20,2021,68,0
500,9,13022,"Stuard, Brian",2021-9,2021-03-06,2021,73,1
500,872,13022,"Stuard, Brian",2021-480,2021-05-08,2021,37,2
500,500,13022,"Stuard, Brian",2022-7,2022-02-19,2022,61,3
500,872,21943,"Lebioda, Hank",2021-480,2021-05-08,2021,51,0
500,500,21943,"Lebioda, Hank",2022-7,2022-02-19,2022,67,1
500,9,22051,"Wise, Aaron",2021-9,2021-03-06,2021,73,0
500,872,22051,"Wise, Aaron",2021-480,2021-05-08,2021,9,1
500,23,22051,"Wise, Aaron",2021-23,2021-06-05,2021,9,2
500,500,22051,"Wise, Aaron",2022-7,2022-02-19,2022,67,3
500,9,22051,"Wise, Aaron",2022-9,2022-03-05,2022,17,4
500,23,22051,"Wise, Aaron",2022-23,2022-06-04,2022,2,5
500,9,22051,"Wise, Aaron",2023-9,2023-03-04,2023,73,6
500,872,25908,"Whaley, Vincent",2021-480,2021-05-08,2021,26,0
500,500,25908,"Whaley, Vince",2022-7,2022-02-19,2022,76,1
500,9,25908,"Whaley, Vince",2022-9,2022-03-05,2022,61,2
500,500,29197,"Brennan, Michael",2022-7,2022-02-19,2022,76,0
500,500,7334,"Watson, Bubba",2021-7,2021-02-20,2021,68,0
500,14,7334,"Watson, Bubba",2021-536,2021-04-10,2021,26,1
500,872,7334,"Watson, Bubba",2021-480,2021-05-08,2021,18,2
500,500,7334,"Watson, Bubba",2022-7,2022-02-19,2022,76,3
500,14,7334,"Watson, Bubba",2022-14,2022-04-09,2022,39,4
500,14,7334,"Watson, Bubba",2023-14,2023-04-08,2023,54,5
500,14,7334,"Watson, Bubba",2024-14,2024-04-13,2024,61,6
500,14,7334,"Watson, Bubba",2025-14,2025-04-12,2025,14,7
500,500,12422,"Johnson, Dustin",2021-7,2021-02-20,2021,8,0
500,14,12422,"Johnson, Dustin",2021-536,2021-04-10,2021,55,1
500,500,12422,"Johnson, Dustin",2022-7,2022-02-19,2022,76,2
500,14,12422,"Johnson, Dustin",2022-14,2022-04-09,2022,12,3
500,14,12422,"Johnson, Dustin",2023-14,2023-04-08,2023,48,4
500,14,12422,"Johnson, Dustin",2024-14,2024-04-13,2024,61,5
500,14,12422,"Johnson, Dustin",2025-14,2025-04-12,2025,53,6
500,241,12422,"Johnson, Dustin",2025-33,2025-05-17,2025,75,7
500,500,12069,"Stanley, Kyle",2021-7,2021-02-20,2021,32,0
500,9,12069,"Stanley, Kyle",2021-9,2021-03-06,2021,73,1
500,872,12069,"Stanley, Kyle",2021-480,2021-05-08,2021,26,2
500,23,12069,"Stanley, Kyle",2021-23,2021-06-05,2021,42,3
500,500,12069,"Stanley, Kyle",2022-7,2022-02-19,2022,76,4
500,9,12669,"Lahiri, Anirban",2021-9,2021-03-06,2021,73,0
500,500,12669,"Lahiri, Anirban",2022-7,2022-02-19,2022,76,1
500,9,12669,"Lahiri, Anirban",2022-9,2022-03-05,2022,74,2
500,23,12669,"Lahiri, Anirban",2022-23,2022-06-04,2022,71,3
500,500,13944,"Pieters, Thomas",2022-7,2022-02-19,2022,76,0
500,9,13944,"Pieters, Thomas",2022-9,2022-03-05,2022,32,1
500,14,13944,"Pieters, Thomas",2022-14,2022-04-09,2022,53,2
500,14,13944,"Pieters, Thomas",2023-14,2023-04-08,2023,48,3
500,500,17780,"Pendrith, Taylor",2022-7,2022-02-19,2022,76,0
500,9,17780,"Pendrith, Taylor",2022-9,2022-03-05,2022,42,1
500,9,17780,"Pendrith, Taylor",2023-9,2023-03-04,2023,73,2
500,872,17780,"Pendrith, Taylor",2023-480,2023-05-06,2023,69,3
500,23,17780,"Pendrith, Taylor",2023-23,2023-06-03,2023,60,4
500,872,17780,"Pendrith, Taylor",2024-480,2024-05-11,2024,10,5
500,23,17780,"Pendrith, Taylor",2024-23,2024-06-08,2024,33,6
500,9,17780,"Pendrith, Taylor",2025-9,2025-03-08,2025,51,7
500,14,17780,"Pendrith, Taylor",2025-14,2025-04-12,2025,53,8
500,241,17780,"Pendrith, Taylor",2025-33,2025-05-17,2025,5,9
500,23,17780,"Pendrith, Taylor",2025-23,2025-05-31,2025,12,10
500,500,19047,"Lee, Jaekyeong",2022-7,2022-02-19,2022,76,0
500,500,16243,"Koepka, Brooks",2021-7,2021-02-20,2021,38,0
500,14,16243,"Koepka, Brooks",2021-536,2021-04-10,2021,55,1
500,500,16243,"Koepka, Brooks",2022-7,2022-02-19,2022,76,2
500,14,16243,"Koepka, Brooks",2022-14,2022-04-09,2022,53,3
500,14,16243,"Koepka, Brooks",2023-14,2023-04-08,2023,2,4
500,14,16243,"Koepka, Brooks",2024-14,2024-04-13,2024,45,5
500,14,16243,"Koepka, Brooks",2025-14,2025-04-12,2025,53,6
500,241,16243,"Koepka, Brooks",2025-33,2025-05-17,2025,75,7
500,872,18695,"Hagy, Brandon",2021-480,2021-05-08,2021,26,0
500,23,18695,"Hagy, Brandon",2021-23,2021-06-05,2021,50,1
500,500,18695,"Hagy, Brandon",2022-7,2022-02-19,2022,76,2
500,23,18695,"Hagy, Brandon",2022-23,2022-06-04,2022,71,3
500,500,7452,"Na, Kevin",2021-7,2021-02-20,2021,38,0
500,9,7452,"Na, Kevin",2021-9,2021-03-06,2021,43,1
500,14,7452,"Na, Kevin",2021-536,2021-04-10,2021,12,2
500,500,7452,"Na, Kevin",2022-7,2022-02-19,2022,76,3
500,9,7452,"Na, Kevin",2022-9,2022-03-05,2022,78,4
500,14,7452,"Na, Kevin",2022-14,2022-04-09,2022,14,5
500,500,16602,"Varner III, Harold",2021-7,2021-02-20,2021,62,0
500,9,16602,"Varner III, Harold",2021-9,2021-03-06,2021,21,1
500,872,16602,"Varner III, Harold",2021-480,2021-05-08,2021,78,2
500,23,16602,"Varner III, Harold",2021-23,2021-06-05,2021,47,3
500,500,16602,"Varner III, Harold",2022-7,2022-02-19,2022,76,4
500,14,16602,"Varner III, Harold",2022-14,2022-04-09,2022,23,5
500,14,16602,"Varner III, Harold",2023-14,2023-04-08,2023,29,6
500,500,16841,"Lee, Min Woo",2022-7,2022-02-19,2022,76,0
500,9,16841,"Lee, Min Woo",2022-9,2022-03-05,2022,78,1
500,14,16841,"Lee, Min Woo",2022-14,2022-04-09,2022,14,2
500,23,16841,"Lee, Min Woo",2022-23,2022-06-04,2022,71,3
500,9,16841,"Lee, Min Woo",2023-9,2023-03-04,2023,73,4
500,14,16841,"Lee, Min Woo",2023-14,2023-04-08,2023,54,5
500,9,16841,"Lee, Min Woo",2024-9,2024-03-09,2024,44,6
500,14,16841,"Lee, Min Woo",2024-14,2024-04-13,2024,22,7
500,9,16841,"Lee, Min Woo",2025-9,2025-03-08,2025,51,8
500,14,16841,"Lee, Min Woo",2025-14,2025-04-12,2025,49,9
500,241,16841,"Lee, Min Woo",2025-33,2025-05-17,2025,75,10
500,23,16841,"Lee, Min Woo",2025-23,2025-05-31,2025,49,11
500,500,11952,"Grace, Branden",2021-7,2021-02-20,2021,20,0
500,9,11952,"Grace, Branden",2021-9,2021-03-06,2021,26,1
500,23,11952,"Grace, Branden",2021-23,2021-06-05,2021,4,2
500,500,11952,"Grace, Branden",2022-7,2022-02-19,2022,76,3
500,9,11952,"Grace, Branden",2022-9,2022-03-05,2022,78,4
500,500,11019,"Steele, Brendan",2021-7,2021-02-20,2021,43,0
500,9,11019,"Steele, Brendan",2021-9,2021-03-06,2021,18,1
500,872,11019,"Steele, Brendan",2021-480,2021-05-08,2021,70,2
500,23,11019,"Steele, Brendan",2021-23,2021-06-05,2021,37,3
500,500,11019,"Steele, Brendan",2022-7,2022-02-19,2022,76,4
500,9,11019,"Steele, Brendan",2022-9,2022-03-05,2022,26,5
500,23,11019,"Steele, Brendan",2022-23,2022-06-04,2022,10,6
500,500,11657,"Norlander, Henrik",2021-7,2021-02-20,2021,68,0
500,9,11657,"Norlander, Henrik",2021-9,2021-03-06,2021,71,1
500,872,11657,"Norlander, Henrik",2021-480,2021-05-08,2021,78,2
500,23,11657,"Norlander, Henrik",2021-23,2021-06-05,2021,69,3
500,500,11657,"Norlander, Henrik",2022-7,2022-02-19,2022,76,4
500,9,11657,"Norlander, Henrik",2022-9,2022-03-05,2022,78,5
500,872,11657,"Norlander, Henrik",2023-480,2023-05-06,2023,47,6
500,872,14050,"Sloan, Roger",2021-480,2021-05-08,2021,58,0
500,500,14050,"Sloan, Roger",2022-7,2022-02-19,2022,76,1
500,9,14838,"Reed, Patrick",2021-9,2021-03-06,2021,73,0
500,14,14838,"Reed, Patrick",2021-536,2021-04-10,2021,8,1
500,872,14838,"Reed, Patrick",2021-480,2021-05-08,2021,6,2
500,23,14838,"Reed, Patrick",2021-23,2021-06-05,2021,5,3
500,500,14838,"Reed, Patrick",2022-7,2022-02-19,2022,76,4
500,9,14838,"Reed, Patrick",2022-9,2022-03-05,2022,78,5
500,14,14838,"Reed, Patrick",2022-14,2022-04-09,2022,35,6
500,23,14838,"Reed, Patrick",2022-23,2022-06-04,2022,53,7
500,14,14838,"Reed, Patrick",2023-14,2023-04-08,2023,4,8
500,14,14838,"Reed, Patrick",2024-14,2024-04-13,2024,12,9
500,14,14838,"Reed, Patrick",2025-14,2025-04-12,2025,3,10
500,241,14838,"Reed, Patrick",2025-33,2025-05-17,2025,75,11
500,14,7820,"Palmer, Ryan",2021-536,2021-04-10,2021,34,0
500,500,7820,"Palmer, Ryan",2022-7,2022-02-19,2022,76,1
500,14,7820,"Palmer, Ryan",2022-14,2022-04-09,2022,53,2
500,23,7820,"Palmer, Ryan",2022-23,2022-06-04,2022,71,3
500,9,7820,"Palmer, Ryan",2023-9,2023-03-04,2023,53,4
500,872,7820,"Palmer, Ryan",2023-480,2023-05-06,2023,35,5
500,500,18580,"Gooch, Talor",2021-7,2021-02-20,2021,12,0
500,9,18580,"Gooch, Talor",2021-9,2021-03-06,2021,43,1
500,872,18580,"Gooch, Talor",2021-480,2021-05-08,2021,26,2
500,23,18580,"Gooch, Talor",2021-23,2021-06-05,2021,18,3
500,500,18580,"Gooch, Talor",2022-7,2022-02-19,2022,76,4
500,9,18580,"Gooch, Talor",2022-9,2022-03-05,2022,7,5
500,14,18580,"Gooch, Talor",2022-14,2022-04-09,2022,14,6
500,14,18580,"Gooch, Talor",2023-14,2023-04-08,2023,34,7
500,500,14000,"Landry, Andrew",2021-7,2021-02-20,2021,26,0
500,500,14000,"Landry, Andrew",2022-7,2022-02-19,2022,76,1
500,872,14000,"Landry, Andrew",2023-480,2023-05-06,2023,69,2
500,500,7398,"Schwartzel, Charl",2021-7,2021-02-20,2021,62,0
500,9,7398,"Schwartzel, Charl",2021-9,2021-03-06,2021,73,1
500,14,7398,"Schwartzel, Charl",2021-536,2021-04-10,2021,26,2
500,872,7398,"Schwartzel, Charl",2021-480,2021-05-08,2021,14,3
500,23,7398,"Schwartzel, Charl",2021-23,2021-06-05,2021,53,4
500,500,7398,"Schwartzel, Charl",2022-7,2022-02-19,2022,76,5
500,9,7398,"Schwartzel, Charl",2022-9,2022-03-05,2022,78,6
500,14,7398,"Schwartzel, Charl",2022-14,2022-04-09,2022,10,7
500,14,7398,"Schwartzel, Charl",2023-14,2023-04-08,2023,50,8
500,14,7398,"Schwartzel, Charl",2024-14,2024-04-13,2024,61,9
500,14,7398,"Schwartzel, Charl",2025-14,2025-04-12,2025,36,10
500,500,26512,"Beverly, Aaron",2022-7,2022-02-19,2022,76,0
500,500,2881,"Furyk, Jim",2021-7,2021-02-20,2021,26,0
500,500,8479,"Harrington, Scott",2021-7,2021-02-20,2021,26,0
500,872,8479,"Harrington, Scott",2021-480,2021-05-08,2021,78,1
500,500,14081,"Hoag, Bo",2021-7,2021-02-20,2021,32,0
500,9,14081,"Hoag, Bo",2021-9,2021-03-06,2021,26,1
500,872,14081,"Hoag, Bo",2021-480,2021-05-08,2021,78,2
500,23,14081,"Hoag, Bo",2021-23,2021-06-05,2021,13,3
500,23,14081,"Hoag, Bo",2022-23,2022-06-04,2022,71,4
500,23,14081,"Hoag, Bo",2023-23,2023-06-03,2023,66,5
500,500,21236,"Bryan, Wesley",2021-7,2021-02-20,2021,43,0
500,500,17584,"McCumber, Tyler",2021-7,2021-02-20,2021,52,0
500,9,17584,"McCumber, Tyler",2021-9,2021-03-06,2021,73,1
500,872,17584,"McCumber, Tyler",2021-480,2021-05-08,2021,78,2
500,23,17584,"McCumber, Tyler",2021-23,2021-06-05,2021,69,3
500,500,19364,"Werenski, Richy",2021-7,2021-02-20,2021,57,0
500,9,19364,"Werenski, Richy",2021-9,2021-03-06,2021,4,1
500,872,19364,"Werenski, Richy",2021-480,2021-05-08,2021,37,2
500,23,19364,"Werenski, Richy",2021-23,2021-06-05,2021,69,3
500,872,19364,"Werenski, Richy",2023-480,2023-05-06,2023,69,4
500,500,5951,"Gay, Brian",2021-7,2021-02-20,2021,60,0
500,9,5951,"Gay, Brian",2021-9,2021-03-06,2021,73,1
500,14,5951,"Gay, Brian",2021-536,2021-04-10,2021,55,2
500,23,5951,"Gay, Brian",2021-23,2021-06-05,2021,69,3
500,500,25919,"Wolff, Matthew",2021-7,2021-02-20,2021,64,0
500,9,25919,"Wolff, Matthew",2022-9,2022-03-05,2022,61,1
500,14,25919,"Wolff, Matthew",2022-14,2022-04-09,2022,53,2
500,23,25919,"Wolff, Matthew",2022-23,2022-06-04,2022,71,3
500,500,7881,"Kang, Sung",2021-7,2021-02-20,2021,67,0
500,9,7881,"Kang, Sung",2021-9,2021-03-06,2021,73,1
500,872,7881,"Kang, Sung",2021-480,2021-05-08,2021,78,2
500,23,7881,"Kang, Sung",2021-23,2021-06-05,2021,32,3
500,500,18579,"Cook, Austin",2021-7,2021-02-20,2021,68,0
500,9,18579,"Cook, Austin",2021-9,2021-03-06,2021,73,1
500,872,18579,"Cook, Austin",2021-480,2021-05-08,2021,78,2
500,872,18579,"Cook, Austin",2023-480,2023-05-06,2023,69,3
500,500,8469,"Armour, Ryan",2021-7,2021-02-20,2021,68,0
500,872,8469,"Armour, Ryan",2021-480,2021-05-08,2021,78,1
500,872,8469,"Armour, Ryan",2023-480,2023-05-06,2023,56,2
500,500,7589,"Kim, Tae Hoon",2021-7,2021-02-20,2021,68,0
500,500,8820,"Snedeker, Brandt",2021-7,2021-02-20,2021,68,0
500,9,8820,"Snedeker, Brandt",2021-9,2021-03-06,2021,68,1
500,9,8820,"Snedeker, Brandt",2022-9,2022-03-05,2022,78,2
500,23,8820,"Snedeker, Brandt",2022-23,2022-06-04,2022,60,3
500,23,8820,"Snedeker, Brandt",2023-23,2023-06-03,2023,41,4
500,23,8820,"Snedeker, Brandt",2024-23,2024-06-08,2024,53,5
500,23,8820,"Snedeker, Brandt",2025-23,2025-05-31,2025,7,6
500,500,19841,"DeChambeau, Bryson",2021-7,2021-02-20,2021,68,0
500,9,19841,"DeChambeau, Bryson",2021-9,2021-03-06,2021,1,1
500,14,19841,"DeChambeau, Bryson",2021-536,2021-04-10,2021,46,2
500,872,19841,"DeChambeau, Bryson",2021-480,2021-05-08,2021,9,3
500,23,19841,"DeChambeau, Bryson",2021-23,2021-06-05,2021,18,4
500,14,19841,"DeChambeau, Bryson",2022-14,2022-04-09,2022,53,5
500,23,19841,"DeChambeau, Bryson",2022-23,2022-06-04,2022,71,6
500,14,19841,"DeChambeau, Bryson",2023-14,2023-04-08,2023,54,7
500,14,19841,"DeChambeau, Bryson",2024-14,2024-04-13,2024,6,8
500,14,19841,"DeChambeau, Bryson",2025-14,2025-04-12,2025,5,9
500,241,19841,"DeChambeau, Bryson",2025-33,2025-05-17,2025,2,10
500,500,6930,"Taylor, Vaughn",2021-7,2021-02-20,2021,68,0
500,872,6930,"Taylor, Vaughn",2021-480,2021-05-08,2021,78,1
500,23,6930,"Taylor, Vaughn",2021-23,2021-06-05,2021,18,2
500,500,9171,"Villegas, Camilo",2021-7,2021-02-20,2021,68,0
500,9,9171,"Villegas, Camilo",2021-9,2021-03-06,2021,73,1
500,23,9171,"Villegas, Camilo",2021-23,2021-06-05,2021,69,2
500,23,9171,"Villegas, Camilo",2022-23,2022-06-04,2022,53,3
500,14,9171,"Villegas, Camilo",2024-14,2024-04-13,2024,35,4
500,500,21549,"Mack III, Willie",2021-7,2021-02-20,2021,68,0
500,872,21549,"Mack III, Willie",2023-480,2023-05-06,2023,69,1
500,500,18635,"Shelton, Robby",2021-7,2021-02-20,2021,68,0
500,9,18635,"Shelton, Robby",2021-9,2021-03-06,2021,73,1
500,872,18635,"Shelton, Robby",2021-480,2021-05-08,2021,78,2
500,23,18635,"Shelton, Robby",2021-23,2021-06-05,2021,32,3
500,9,18635,"Shelton, Robby",2023-9,2023-03-04,2023,39,4
500,872,18635,"Shelton, Robby",2023-480,2023-05-06,2023,69,5
500,23,18635,"Shelton, Robby",2023-23,2023-06-03,2023,66,6
500,500,12846,"Herman, Jim",2021-7,2021-02-20,2021,68,0
500,9,12846,"Herman, Jim",2021-9,2021-03-06,2021,73,1
500,14,12846,"Herman, Jim",2021-536,2021-04-10,2021,53,2
500,23,12846,"Herman, Jim",2021-23,2021-06-05,2021,26,3
500,872,12846,"Herman, Jim",2023-480,2023-05-06,2023,69,4
500,500,26211,"Augenstein, John",2021-7,2021-02-20,2021,68,0
500,9,26211,"Augenstein, John",2021-9,2021-03-06,2021,73,1
500,500,21875,"Widing, Tim",2021-7,2021-02-20,2021,68,0
500,500,13026,"Zhang, Xinjun",2021-7,2021-02-20,2021,68,0
500,872,13026,"Zhang, Xinjun",2021-480,2021-05-08,2021,78,1
500,23,13026,"Zhang, Xinjun",2021-23,2021-06-05,2021,26,2
500,500,7293,"Walker, Jimmy",2021-7,2021-02-20,2021,68,0
500,14,7293,"Walker, Jimmy",2021-536,2021-04-10,2021,55,1
500,872,7293,"Walker, Jimmy",2021-480,2021-05-08,2021,72,2
500,23,7293,"Walker, Jimmy",2021-23,2021-06-05,2021,6,3
500,872,7293,"Walker, Jimmy",2023-480,2023-05-06,2023,14,4
500,241,7293,"Walker, Jimmy",2025-33,2025-05-17,2025,75,5
500,500,6892,"Howell III, Charles",2021-7,2021-02-20,2021,68,0
500,9,6892,"Howell III, Charles",2021-9,2021-03-06,2021,36,1
500,23,6892,"Howell III, Charles",2021-23,2021-06-05,2021,69,2
500,9,6892,"Howell III, Charles",2022-9,2022-03-05,2022,32,3
500,23,6892,"Howell III, Charles",2022-23,2022-06-04,2022,18,4
500,500,5716,"Harrington, Padraig",2021-7,2021-02-20,2021,68,0
500,9,5716,"Harrington, Padraig",2021-9,2021-03-06,2021,31,1
500,23,5716,"Harrington, Padraig",2021-23,2021-06-05,2021,69,2
500,9,5716,"Harrington, Padraig",2022-9,2022-03-05,2022,42,3
500,14,5716,"Harrington, Padraig",2022-14,2022-04-09,2022,53,4
500,9,5716,"Harrington, Padraig",2023-9,2023-03-04,2023,53,5
500,241,5716,"Harrington, Padraig",2025-33,2025-05-17,2025,75,6
500,500,26982,"Flanagan, Angus",2021-7,2021-02-20,2021,68,0
500,9,20730,"Perez, Victor",2021-9,2021-03-06,2021,68,0
500,14,20730,"Perez, Victor",2021-536,2021-04-10,2021,55,1
500,23,20730,"Perez, Victor",2021-23,2021-06-05,2021,69,2
500,23,20730,"Perez, Victor",2024-23,2024-06-08,2024,12,3
500,241,20730,"Perez, Victor",2025-33,2025-05-17,2025,75,4
500,872,26096,"Bhatia, Akshay",2021-480,2021-05-08,2021,78,0
500,872,26096,"Bhatia, Akshay",2023-480,2023-05-06,2023,43,1
500,23,26096,"Bhatia, Akshay",2023-23,2023-06-03,2023,66,2
500,14,26096,"Bhatia, Akshay",2024-14,2024-04-13,2024,35,3
500,872,26096,"Bhatia, Akshay",2024-480,2024-05-11,2024,42,4
500,23,26096,"Bhatia, Akshay",2024-23,2024-06-08,2024,22,5
500,9,26096,"Bhatia, Akshay",2025-9,2025-03-08,2025,51,6
500,14,26096,"Bhatia, Akshay",2025-14,2025-04-12,2025,42,7
500,241,26096,"Bhatia, Akshay",2025-33,2025-05-17,2025,75,8
500,23,26096,"Bhatia, Akshay",2025-23,2025-05-31,2025,16,9
500,872,26653,"Eckroat, Austin",2023-480,2023-05-06,2023,64,0
500,23,26653,"Eckroat, Austin",2023-23,2023-06-03,2023,30,1
500,9,26653,"Eckroat, Austin",2024-9,2024-03-09,2024,36,2
500,14,26653,"Eckroat, Austin",2024-14,2024-04-13,2024,61,3
500,872,26653,"Eckroat, Austin",2024-480,2024-05-11,2024,63,4
500,23,26653,"Eckroat, Austin",2024-23,2024-06-08,2024,39,5
500,9,26653,"Eckroat, Austin",2025-9,2025-03-08,2025,34,6
500,14,26653,"Eckroat, Austin",2025-14,2025-04-12,2025,53,7
500,241,26653,"Eckroat, Austin",2025-33,2025-05-17,2025,67,8
500,23,26653,"Eckroat, Austin",2025-23,2025-05-31,2025,57,9
500,23,32319,"Koivun, Jackson",2024-23,2024-06-08,2024,52,0
500,9,32319,"Koivun, Jackson",2025-9,2025-03-08,2025,48,1
500,23,27774,"Gotterup, Chris",2023-23,2023-06-03,2023,66,0
500,23,27774,"Gotterup, Chris",2024-23,2024-06-08,2024,53,1
500,9,19396,"Knapp, Jake",2024-9,2024-03-09,2024,57,0
500,14,19396,"Knapp, Jake",2024-14,2024-04-13,2024,55,1
500,872,19396,"Knapp, Jake",2024-480,2024-05-11,2024,58,2
500,23,19396,"Knapp, Jake",2024-23,2024-06-08,2024,53,3
500,241,19396,"Knapp, Jake",2025-33,2025-05-17,2025,75,4
500,9,19872,"Riley, Davis",2022-9,2022-03-05,2022,78,0
500,23,19872,"Riley, Davis",2022-23,2022-06-04,2022,13,1
500,9,19872,"Riley, Davis",2023-9,2023-03-04,2023,8,2
500,872,19872,"Riley, Davis",2023-480,2023-05-06,2023,69,3
500,23,19872,"Riley, Davis",2023-23,2023-06-03,2023,54,4
500,23,19872,"Riley, Davis",2024-23,2024-06-08,2024,53,5
500,14,19872,"Riley, Davis",2025-14,2025-04-12,2025,21,6
500,241,19872,"Riley, Davis",2025-33,2025-05-17,2025,2,7
500,9,19960,"Pavon, Matthieu",2024-9,2024-03-09,2024,52,0
500,14,19960,"Pavon, Matthieu",2024-14,2024-04-13,2024,12,1
500,872,19960,"Pavon, Matthieu",2024-480,2024-05-11,2024,67,2
500,23,19960,"Pavon, Matthieu",2024-23,2024-06-08,2024,53,3
500,9,19960,"Pavon, Matthieu",2025-9,2025-03-08,2025,51,4
500,14,19960,"Pavon, Matthieu",2025-14,2025-04-12,2025,53,5
500,241,19960,"Pavon, Matthieu",2025-33,2025-05-17,2025,41,6
500,23,19960,"Pavon, Matthieu",2025-23,2025-05-31,2025,58,7
500,14,11049,"Simpson, Webb",2021-536,2021-04-10,2021,12,0
500,14,11049,"Simpson, Webb",2022-14,2022-04-09,2022,35,1
500,9,11049,"Simpson, Webb",2023-9,2023-03-04,2023,24,2
500,872,11049,"Simpson, Webb",2023-480,2023-05-06,2023,64,3
500,9,11049,"Simpson, Webb",2024-9,2024-03-09,2024,30,4
500,872,11049,"Simpson, Webb",2024-480,2024-05-11,2024,24,5
500,872,16395,"Kohles, Ben",2024-480,2024-05-11,2024,58,0
500,9,11889,"Fox, Ryan",2023-9,2023-03-04,2023,14,0
500,14,11889,"Fox, Ryan",2023-14,2023-04-08,2023,26,1
500,23,11889,"Fox, Ryan",2023-23,2023-06-03,2023,30,2
500,14,11889,"Fox, Ryan",2024-14,2024-04-13,2024,38,3
500,241,11889,"Fox, Ryan",2025-33,2025-05-17,2025,28,4
500,23,11889,"Fox, Ryan",2025-23,2025-05-31,2025,20,5
500,14,1547,"Mickelson, Phil",2021-536,2021-04-10,2021,21,0
500,872,1547,"Mickelson, Phil",2021-480,2021-05-08,2021,69,1
500,14,1547,"Mickelson, Phil",2023-14,2023-04-08,2023,2,2
500,14,1547,"Mickelson, Phil",2024-14,2024-04-13,2024,43,3
500,14,1547,"Mickelson, Phil",2025-14,2025-04-12,2025,53,4
500,241,1547,"Mickelson, Phil",2025-33,2025-05-17,2025,75,5
500,14,3485,"Olazabal, Jose Maria",2021-536,2021-04-10,2021,50,0
500,14,3485,"Olazabal, Jose Maria",2022-14,2022-04-09,2022,53,1
500,14,3485,"Olazabal, Jose Maria",2023-14,2023-04-08,2023,54,2
500,14,3485,"Olazabal, Jose Maria",2024-14,2024-04-13,2024,45,3
500,14,3485,"Olazabal, Jose Maria",2025-14,2025-04-12,2025,53,4
500,14,32055,"Shipley, Neal",2024-14,2024-04-13,2024,53,0
500,14,653,"Singh, Vijay",2021-536,2021-04-10,2021,55,0
500,14,653,"Singh, Vijay",2022-14,2022-04-09,2022,53,1
500,14,653,"Singh, Vijay",2023-14,2023-04-08,2023,54,2
500,14,653,"Singh, Vijay",2024-14,2024-04-13,2024,58,3
500,14,13412,"Olesen, Thorbjorn",2024-14,2024-04-13,2024,58,0
500,241,13412,"Olesen, Thorbjorn",2025-33,2025-05-17,2025,33,1
500,14,5513,"Weir, Mike",2021-536,2021-04-10,2021,55,0
500,14,5513,"Weir, Mike",2022-14,2022-04-09,2022,53,1
500,14,5513,"Weir, Mike",2023-14,2023-04-08,2023,54,2
500,14,5513,"Weir, Mike",2024-14,2024-04-13,2024,61,3
500,14,5513,"Weir, Mike",2025-14,2025-04-12,2025,53,4
500,9,6986,"Johnson, Zach",2021-9,2021-03-06,2021,49,0
500,14,6986,"Johnson, Zach",2021-536,2021-04-10,2021,55,1
500,872,6986,"Johnson, Zach",2021-480,2021-05-08,2021,51,2
500,9,6986,"Johnson, Zach",2022-9,2022-03-05,2022,42,3
500,14,6986,"Johnson, Zach",2022-14,2022-04-09,2022,53,4
500,9,6986,"Johnson, Zach",2023-9,2023-03-04,2023,68,5
500,14,6986,"Johnson, Zach",2023-14,2023-04-08,2023,34,6
500,872,6986,"Johnson, Zach",2023-480,2023-05-06,2023,69,7
500,23,6986,"Johnson, Zach",2023-23,2023-06-03,2023,66,8
500,14,6986,"Johnson, Zach",2024-14,2024-04-13,2024,61,9
500,14,6986,"Johnson, Zach",2025-14,2025-04-12,2025,8,10
500,14,23113,"Hagestad, Stewart",2022-14,2022-04-09,2022,53,0
500,14,23113,"Hagestad, Stewart",2024-14,2024-04-13,2024,61,1
500,14,24343,"Lamprecht, Christo",2024-14,2024-04-13,2024,61,0
500,14,29195,"De la Fuente, Santiago",2024-14,2024-04-13,2024,61,0
500,14,44,"Couples, Fred",2021-536,2021-04-10,2021,55,0
500,14,44,"Couples, Fred",2022-14,2022-04-09,2022,53,1
500,14,44,"Couples, Fred",2023-14,2023-04-08,2023,50,2
500,14,44,"Couples, Fred",2024-14,2024-04-13,2024,61,3
500,14,44,"Couples, Fred",2025-14,2025-04-12,2025,53,4
500,14,22760,"Hisatsune, Ryo",2024-14,2024-04-13,2024,61,0
500,241,22760,"Hisatsune, Ryo",2025-33,2025-05-17,2025,37,1
500,14,25964,"Stubbs, Jasper",2024-14,2024-04-13,2024,61,0
500,872,14698,"Bramlett, Joseph",2021-480,2021-05-08,2021,78,0
500,9,14698,"Bramlett, Joseph",2023-9,2023-03-04,2023,73,1
500,872,14698,"Bramlett, Joseph",2023-480,2023-05-06,2023,40,2
500,23,14698,"Bramlett, Joseph",2023-23,2023-06-03,2023,16,3
500,9,24342,"Higgo, Garrick",2022-9,2022-03-05,2022,78,0
500,14,24342,"Higgo, Garrick",2022-14,2022-04-09,2022,53,1
500,23,24342,"Higgo, Garrick",2022-23,2022-06-04,2022,18,2
500,9,24342,"Higgo, Garrick",2023-9,2023-03-04,2023,73,3
500,872,24342,"Higgo, Garrick",2023-480,2023-05-06,2023,69,4
500,23,24342,"Higgo, Garrick",2023-23,2023-06-03,2023,30,5
500,241,24342,"Higgo, Garrick",2025-33,2025-05-17,2025,55,6
500,872,25569,"Stevens, Sam",2023-480,2023-05-06,2023,47,0
500,23,25569,"Stevens, Sam",2023-23,2023-06-03,2023,41,1
500,9,25569,"Stevens, Sam",2025-9,2025-03-08,2025,40,2
500,241,25569,"Stevens, Sam",2025-33,2025-05-17,2025,60,3
500,23,25569,"Stevens, Sam",2025-23,2025-05-31,2025,31,4
500,9,28158,"Bennett, Sam",2022-9,2022-03-05,2022,78,0
500,14,28158,"Bennett, Sam",2023-14,2023-04-08,2023,16,1
500,23,28158,"Bennett, Sam",2023-23,2023-06-03,2023,63,2
500,14,15756,"Higa, Kazuki",2023-14,2023-04-08,2023,54,0
500,23,15756,"Higa, Kazuki",2023-23,2023-06-03,2023,66,1
500,9,26660,"Gordon, Will",2021-9,2021-03-06,2021,49,0
500,872,26660,"Gordon, Will",2021-480,2021-05-08,2021,78,1
500,9,26660,"Gordon, Will",2023-9,2023-03-04,2023,70,2
500,872,26660,"Gordon, Will",2023-480,2023-05-06,2023,69,3
500,23,26660,"Gordon, Will",2023-23,2023-06-03,2023,66,4
500,872,17068,"Daffue, MJ",2023-480,2023-05-06,2023,47,0
500,23,17068,"Daffue, MJ",2023-23,2023-06-03,2023,66,1
500,872,22833,"Echavarria, Nico",2023-480,2023-05-06,2023,69,0
500,23,22833,"Echavarria, Nico",2023-23,2023-06-03,2023,66,1
500,14,22833,"Echavarria, Nico",2025-14,2025-04-12,2025,51,2
500,241,22833,"Echavarria, Nico",2025-33,2025-05-17,2025,41,3
500,14,27900,"Potgieter, Aldrich",2023-14,2023-04-08,2023,54,0
500,23,27900,"Potgieter, Aldrich",2023-23,2023-06-03,2023,66,1
500,9,27900,"Potgieter, Aldrich",2025-9,2025-03-08,2025,51,2
500,23,12477,"McGirt, William",2021-23,2021-06-05,2021,69,0
500,23,12477,"McGirt, William",2022-23,2022-06-04,2022,71,1
500,23,12477,"McGirt, William",2023-23,2023-06-03,2023,66,2
500,23,14815,"Lingmerth, David",2021-23,2021-06-05,2021,69,0
500,23,14815,"Lingmerth, David",2022-23,2022-06-04,2022,48,1
500,9,14815,"Lingmerth, David",2023-9,2023-03-04,2023,70,2
500,872,14815,"Lingmerth, David",2023-480,2023-05-06,2023,47,3
500,23,14815,"Lingmerth, David",2023-23,2023-06-03,2023,66,4
500,9,7301,"Dufner, Jason",2021-9,2021-03-06,2021,36,0
500,872,7301,"Dufner, Jason",2021-480,2021-05-08,2021,43,1
500,23,7301,"Dufner, Jason",2021-23,2021-06-05,2021,37,2
500,23,7301,"Dufner, Jason",2022-23,2022-06-04,2022,71,3
500,872,7301,"Dufner, Jason",2023-480,2023-05-06,2023,69,4
500,23,7301,"Dufner, Jason",2023-23,2023-06-03,2023,66,5
500,241,7301,"Dufner, Jason",2025-33,2025-05-17,2025,75,6
500,9,18105,"Lawrence, Thriston",2023-9,2023-03-04,2023,73,0
500,23,18105,"Lawrence, Thriston",2023-23,2023-06-03,2023,66,1
500,14,18105,"Lawrence, Thriston",2025-14,2025-04-12,2025,53,2
500,241,18105,"Lawrence, Thriston",2025-33,2025-05-17,2025,75,3
500,23,19224,"Micheluzzi, David",2023-23,2023-06-03,2023,66,0
500,872,1804,"Choi, K.J.",2021-480,2021-05-08,2021,70,0
500,23,1804,"Choi, K.J.",2021-23,2021-06-05,2021,69,1
500,23,1804,"Choi, K.J.",2023-23,2023-06-03,2023,66,2
500,872,17543,"Kim, Michael",2021-480,2021-05-08,2021,78,0
500,872,17543,"Kim, Michael",2023-480,2023-05-06,2023,7,1
500,9,17543,"Kim, Michael",2025-9,2025-03-08,2025,4,2
500,14,17543,"Kim, Michael",2025-14,2025-04-12,2025,27,3
500,241,17543,"Kim, Michael",2025-33,2025-05-17,2025,55,4
500,23,17543,"Kim, Michael",2025-23,2025-05-31,2025,44,5
500,872,25002,"Wu, Dylan",2023-480,2023-05-06,2023,21,0
500,872,27780,"Crowe, Trace",2023-480,2023-05-06,2023,27,0
500,872,17032,"Tosti, Alejandro",2023-480,2023-05-06,2023,47,0
500,872,17639,"Blair, Zac",2023-480,2023-05-06,2023,47,0
500,872,19208,"Endycott, Harrison",2023-480,2023-05-06,2023,59,0
500,872,23656,"Young, Carson",2023-480,2023-05-06,2023,69,0
500,872,7489,"Moore, Ryan",2021-480,2021-05-08,2021,54,0
500,23,7489,"Moore, Ryan",2022-23,2022-06-04,2022,70,1
500,872,7489,"Moore, Ryan",2023-480,2023-05-06,2023,69,2
500,872,27194,"Hall, Harry",2023-480,2023-05-06,2023,69,0
500,241,27194,"Hall, Harry",2025-33,2025-05-17,2025,19,1
500,14,29327,"Greaser, Austin",2022-14,2022-04-09,2022,53,0
500,872,29327,"Greaser, Austin",2023-480,2023-05-06,2023,69,1
500,872,16039,"Haley II, Paul",2023-480,2023-05-06,2023,69,0
500,872,21880,"Cone, Trevor",2023-480,2023-05-06,2023,69,0
500,872,28075,"Deneen, Morgan",2023-480,2023-05-06,2023,69,0
500,872,14007,"Martin, Ben",2021-480,2021-05-08,2021,11,0
500,872,14007,"Martin, Ben",2023-480,2023-05-06,2023,69,1
500,872,24485,"Cole, Ryan",2023-480,2023-05-06,2023,69,0
500,872,29767,"Gerard, Ryan",2023-480,2023-05-06,2023,69,0
500,241,29767,"Gerard, Ryan",2025-33,2025-05-17,2025,8,1
500,23,29767,"Gerard, Ryan",2025-23,2025-05-31,2025,23,2
500,872,22914,"Grant, Brent",2023-480,2023-05-06,2023,69,0
500,9,6283,"Sabbatini, Rory",2021-9,2021-03-06,2021,73,0
500,872,6283,"Sabbatini, Rory",2021-480,2021-05-08,2021,78,1
500,872,6283,"Sabbatini, Rory",2023-480,2023-05-06,2023,69,2
500,9,28309,"Coody, Pierceson",2023-9,2023-03-04,2023,14,0
500,872,28309,"Coody, Pierceson",2023-480,2023-05-06,2023,69,1
500,9,14002,"Alexander, Tyson",2023-9,2023-03-04,2023,73,0
500,872,14002,"Alexander, Tyson",2023-480,2023-05-06,2023,69,1
500,872,28472,"Guise, Danny",2023-480,2023-05-06,2023,69,0
500,872,29637,"Riley, Quinn",2023-480,2023-05-06,2023,69,0
500,14,30732,"Carr, Ben",2023-14,2023-04-08,2023,54,0
500,14,290,"Langer, Bernhard",2021-536,2021-04-10,2021,55,0
500,14,290,"Langer, Bernhard",2022-14,2022-04-09,2022,53,1
500,14,290,"Langer, Bernhard",2023-14,2023-04-08,2023,54,2
500,14,290,"Langer, Bernhard",2025-14,2025-04-12,2025,53,3
500,14,26990,"Mcclean, Matthew",2023-14,2023-04-08,2023,54,0
500,14,24294,"Fernandez de oliveira, Mateo",2023-14,2023-04-08,2023,54,0
500,14,24280,"Crowe, Harrison",2023-14,2023-04-08,2023,54,0
500,14,30814,"Sargent, Gordon",2023-14,2023-04-08,2023,54,0
500,14,139,"Mize, Larry",2021-536,2021-04-10,2021,55,0
500,14,139,"Mize, Larry",2022-14,2022-04-09,2022,53,1
500,14,139,"Mize, Larry",2023-14,2023-04-08,2023,54,2
500,14,294,"Lyle, Sandy",2021-536,2021-04-10,2021,55,0
500,14,294,"Lyle, Sandy",2022-14,2022-04-09,2022,53,1
500,14,294,"Lyle, Sandy",2023-14,2023-04-08,2023,54,2
500,14,17606,"Berger, Daniel",2021-536,2021-04-10,2021,55,0
500,14,17606,"Berger, Daniel",2022-14,2022-04-09,2022,50,1
500,23,17606,"Berger, Daniel",2022-23,2022-06-04,2022,5,2
500,9,17606,"Berger, Daniel",2025-9,2025-03-08,2025,15,3
500,14,17606,"Berger, Daniel",2025-14,2025-04-12,2025,21,4
500,241,17606,"Berger, Daniel",2025-33,2025-05-17,2025,33,5
500,23,17606,"Berger, Daniel",2025-23,2025-05-31,2025,58,6
500,23,15004,"Kim, Chan",2022-23,2022-06-04,2022,67,0
500,872,7457,"Cabrera Bello, Rafa",2021-480,2021-05-08,2021,78,0
500,23,7457,"Cabrera Bello, Rafa",2021-23,2021-06-05,2021,37,1
500,23,7457,"Cabrera Bello, Rafa",2022-23,2022-06-04,2022,71,2
500,23,16842,"Luck, Curtis",2022-23,2022-06-04,2022,71,0
500,9,14706,"Swafford, Hudson",2021-9,2021-03-06,2021,73,0
500,14,14706,"Swafford, Hudson",2021-536,2021-04-10,2021,55,1
500,23,14706,"Swafford, Hudson",2021-23,2021-06-05,2021,62,2
500,9,14706,"Swafford, Hudson",2022-9,2022-03-05,2022,78,3
500,14,14706,"Swafford, Hudson",2022-14,2022-04-09,2022,30,4
500,23,14706,"Swafford, Hudson",2022-23,2022-06-04,2022,71,5
500,9,29230,"Piot, James",2022-9,2022-03-05,2022,78,0
500,14,29230,"Piot, James",2022-14,2022-04-09,2022,53,1
500,23,29230,"Piot, James",2022-23,2022-06-04,2022,71,2
500,9,27820,"Pak, John",2022-9,2022-03-05,2022,52,0
500,23,27820,"Pak, John",2022-23,2022-06-04,2022,71,1
500,23,22738,"Morgan, Jediah",2022-23,2022-06-04,2022,71,0
500,9,23465,"Greyserman, Max",2025-9,2025-03-08,2025,22,0
500,14,23465,"Greyserman, Max",2025-14,2025-04-12,2025,32,1
500,241,23465,"Greyserman, Max",2025-33,2025-05-17,2025,33,2
500,23,23465,"Greyserman, Max",2025-23,2025-05-31,2025,25,3
500,9,29433,"Bridgeman, Jacob",2025-9,2025-03-08,2025,15,0
500,241,29433,"Bridgeman, Jacob",2025-33,2025-05-17,2025,75,1
500,23,29433,"Bridgeman, Jacob",2025-23,2025-05-31,2025,31,2
500,241,14502,"Cauley, Bud",2025-33,2025-05-17,2025,72,0
500,23,14502,"Cauley, Bud",2025-23,2025-05-31,2025,39,1
500,9,23475,"Novak, Andrew",2025-9,2025-03-08,2025,34,0
500,241,23475,"Novak, Andrew",2025-33,2025-05-17,2025,75,1
500,23,23475,"Novak, Andrew",2025-23,2025-05-31,2025,51,2
500,9,20722,"Schmid, Matthias",2021-9,2021-03-06,2021,73,0
500,23,20722,"Schmid, Matti",2025-23,2025-05-31,2025,58,1
500,9,28469,"Highsmith, Joe",2025-9,2025-03-08,2025,51,0
500,14,28469,"Highsmith, Joe",2025-14,2025-04-12,2025,53,1
500,241,28469,"Highsmith, Joe",2025-33,2025-05-17,2025,8,2
500,23,28469,"Highsmith, Joe",2025-23,2025-05-31,2025,58,3
500,14,28635,"McCarty, Matt",2025-14,2025-04-12,2025,14,0
500,241,28635,"McCarty, Matt",2025-33,2025-05-17,2025,75,1
500,9,18628,"Campbell, Brian",2025-9,2025-03-08,2025,51,0
500,14,18628,"Campbell, Brian",2025-14,2025-04-12,2025,32,1
500,241,18628,"Campbell, Brian",2025-33,2025-05-17,2025,55,2
500,14,23838,"Hojgaard, Rasmus",2025-14,2025-04-12,2025,32,0
500,241,23838,"Hojgaard, Rasmus",2025-33,2025-05-17,2025,67,1
500,872,12909,"Campos, Rafael",2021-480,2021-05-08,2021,78,0
500,9,12909,"Campos, Rafael",2025-9,2025-03-08,2025,51,1
500,14,12909,"Campos, Rafael",2025-14,2025-04-12,2025,53,2
500,241,12909,"Campos, Rafael",2025-33,2025-05-17,2025,55,3
500,14,31960,"Hastings, Justin",2025-14,2025-04-12,2025,53,0
500,14,25384,"Tai, Hiroshi",2025-14,2025-04-12,2025,53,0
500,14,22025,"Beck, Evan",2025-14,2025-04-12,2025,53,0
500,14,28473,"Ballester Barrio, Jose Luis",2025-14,2025-04-12,2025,53,0
500,14,14795,"Canter, Laurie",2025-14,2025-04-12,2025,53,0
500,241,14795,"Canter, Laurie",2025-33,2025-05-17,2025,75,1
500,14,5717,"Cabrera, Angel",2025-14,2025-04-12,2025,53,0
500,14,33354,"Kent, Noah",2025-14,2025-04-12,2025,53,0
500,9,4052,"Westwood, Lee",2021-9,2021-03-06,2021,2,0
500,14,4052,"Westwood, Lee",2021-536,2021-04-10,2021,55,1
500,9,4052,"Westwood, Lee",2022-9,2022-03-05,2022,68,2
500,14,4052,"Westwood, Lee",2022-14,2022-04-09,2022,14,3
500,23,19729,"Kanaya, Takumi",2021-23,2021-06-05,2021,69,0
500,9,19729,"Kanaya, Takumi",2022-9,2022-03-05,2022,78,1
500,14,19729,"Kanaya, Takumi",2022-14,2022-04-09,2022,53,2
500,241,19729,"Kanaya, Takumi",2025-33,2025-05-17,2025,75,3
500,14,17357,"Migliozzi, Guido",2022-14,2022-04-09,2022,53,0
500,14,29328,"Jarvis, Aaron",2022-14,2022-04-09,2022,53,0
500,14,28617,"Shepherd, Laird",2022-14,2022-04-09,2022,53,0
500,23,18770,"Rozner, Antoine",2021-23,2021-06-05,2021,18,0
500,14,7672,"Oosthuizen, Louis",2021-536,2021-04-10,2021,26,0
500,23,7672,"Oosthuizen, Louis",2021-23,2021-06-05,2021,18,1
500,14,24450,"Strafaci, Tyler",2021-536,2021-04-10,2021,55,0
500,23,24450,"Strafaci, Tyler",2021-23,2021-06-05,2021,57,1
500,14,27984,"Long, Joe",2021-536,2021-04-10,2021,55,0
500,23,27984,"Long, Joe",2021-23,2021-06-05,2021,69,1
500,23,15310,"Li, Haotong",2021-23,2021-06-05,2021,69,0
500,872,11382,"Lovemark, Jamie",2021-480,2021-05-08,2021,78,0
500,23,11382,"Lovemark, Jamie",2021-23,2021-06-05,2021,69,1
500,872,13531,"Kodaira, Satoshi",2021-480,2021-05-08,2021,11,0
500,872,7626,"O'Hair, Sean",2021-480,2021-05-08,2021,37,0
500,9,7626,"O'Hair, Sean",2022-9,2022-03-05,2022,78,1
500,872,7636,"Mahan, Hunter",2021-480,2021-05-08,2021,54,0
500,872,13404,"Gligic, Michael",2021-480,2021-05-08,2021,58,0
500,872,7927,"Wagner, Johnson",2021-480,2021-05-08,2021,58,0
500,872,7097,"Wilkinson, Tim",2021-480,2021-05-08,2021,58,0
500,872,8182,"Blixt, Jonas",2021-480,2021-05-08,2021,65,0
500,872,6457,"Van Pelt, Bo",2021-480,2021-05-08,2021,65,0
500,872,8769,"Potter, Jr., Ted",2021-480,2021-05-08,2021,72,0
500,872,7236,"Trahan, D.J.",2021-480,2021-05-08,2021,76,0
500,872,15164,"Lewis, Tom",2021-480,2021-05-08,2021,78,0
500,9,1435,"Poulter, Ian",2021-9,2021-03-06,2021,26,0
500,14,1435,"Poulter, Ian",2021-536,2021-04-10,2021,26,1
500,872,1435,"Poulter, Ian",2021-480,2021-05-08,2021,78,2
500,9,1435,"Poulter, Ian",2022-9,2022-03-05,2022,42,3
500,872,8002,"Oppenheim, Rob",2021-480,2021-05-08,2021,78,0
500,872,11451,"Garnett, Brice",2021-480,2021-05-08,2021,78,0
500,9,15651,"Ventura, Kristoffer",2021-9,2021-03-06,2021,36,0
500,872,15651,"Ventura, Kris",2021-480,2021-05-08,2021,78,1
500,872,17509,"Seiffert, Chase",2021-480,2021-05-08,2021,78,0
500,872,11330,"Brown, Scott",2021-480,2021-05-08,2021,78,0
500,872,15634,"Trainer, Martin",2021-480,2021-05-08,2021,78,0
500,9,14606,"Huh, John",2021-9,2021-03-06,2021,63,0
500,872,14606,"Huh, John",2021-480,2021-05-08,2021,78,1
500,9,5874,"Percy, Cameron",2021-9,2021-03-06,2021,73,0
500,872,5874,"Percy, Cameron",2021-480,2021-05-08,2021,78,1
500,872,7900,"Haas, Bill",2021-480,2021-05-08,2021,78,0
500,872,7340,"Hearn, David",2021-480,2021-05-08,2021,78,0
500,872,11082,"Burgoon, Bronson",2021-480,2021-05-08,2021,78,0
500,872,14776,"Cappelen, Sebastian",2021-480,2021-05-08,2021,78,0
500,872,26102,"Cover, Patrick",2021-480,2021-05-08,2021,78,0
500,872,26597,"Huskey, Keenan",2021-480,2021-05-08,2021,78,0
500,872,6761,"Points, D.A.",2021-480,2021-05-08,2021,78,0
500,872,12305,"Schneider, Cory",2021-480,2021-05-08,2021,78,0
500,9,5994,"Stenson, Henrik",2021-9,2021-03-06,2021,73,0
500,14,5994,"Stenson, Henrik",2021-536,2021-04-10,2021,38,1
500,9,5994,"Stenson, Henrik",2022-9,2022-03-05,2022,78,2
500,9,9531,"Wiesberger, Bernd",2021-9,2021-03-06,2021,31,0
500,14,9531,"Wiesberger, Bernd",2021-536,2021-04-10,2021,40,1
500,14,26912,"Osborne, Charles",2021-536,2021-04-10,2021,55,0
500,14,334,"Woosnam, Ian",2021-536,2021-04-10,2021,55,0
500,241,22465,"Penge, Marco",2025-33,2025-05-17,2025,28,0
500,241,6516,"Bland, Richard",2025-33,2025-05-17,2025,37,0
500,241,26649,"Thorbjornsen, Michael",2025-33,2025-05-17,2025,41,0
500,241,22322,"McKibbin, Tom",2025-33,2025-05-17,2025,50,0
500,241,28984,"Puig, David",2025-33,2025-05-17,2025,60,0
500,241,24200,"Smylie, Elvis",2025-33,2025-05-17,2025,72,0
500,241,23841,"Neergaard-Petersen, Rasmus",2025-33,2025-05-17,2025,75,0
500,241,15676,"Norgaard, Niklas",2025-33,2025-05-17,2025,75,0
500,241,18524,"Catlin, John",2025-33,2025-05-17,2025,75,0
500,241,25094,"Fishburn, Patrick",2025-33,2025-05-17,2025,75,0
500,241,26745,"Chacarra, Eugenio",2025-33,2025-05-17,2025,75,0
500,241,15193,"Van Tonder, Daniel",2025-33,2025-05-17,2025,75,0
500,241,14424,"Burmester, Dean",2025-33,2025-05-17,2025,75,0
500,241,32457,"Keefer, Johnny",2025-33,2025-05-17,2025,75,0
500,241,8117,"Kaymer, Martin",2025-33,2025-05-17,2025,75,0
500,241,13764,"Parry, John",2025-33,2025-05-17,2025,75,0
500,241,4377,"Micheel, Shaun",2025-33,2025-05-17,2025,75,0
500,241,28077,"Collet, Tyler",2025-33,2025-05-17,2025,75,0
500,9,23816,"Valimaki, Sami",2024-9,2024-03-09,2024,58,0
500,241,23816,"Valimaki, Sami",2025-33,2025-05-17,2025,75,1
500,241,26134,"Somers, John",2025-33,2025-05-17,2025,75,0
500,241,8084,"Sowards, Bob",2025-33,2025-05-17,2025,75,0
500,241,19479,"Steger, Eric",2025-33,2025-05-17,2025,75,0
500,241,23469,"Kartrude, Michael",2025-33,2025-05-17,2025,75,0
500,241,3349,"Johnson, Tom",2025-33,2025-05-17,2025,75,0
500,241,24304,"Vilips, Karl",2025-33,2025-05-17,2025,75,0
500,241,24584,"Droemer, Jesse",2025-33,2025-05-17,2025,75,0
500,241,23504,"Hoey, Rico",2025-33,2025-05-17,2025,75,0
500,241,18711,"Lenahan, Ryan",2025-33,2025-05-17,2025,75,0
500,241,29502,"Newman, Dylan",2025-33,2025-05-17,2025,75,0
500,241,29496,"Bingaman, Brandon",2025-33,2025-05-17,2025,75,0
500,241,9166,"Hicks, Justin",2025-33,2025-05-17,2025,75,0
500,241,25085,"Wiseman, Timothy",2025-33,2025-05-17,2025,75,0
500,241,13433,"Gates, Bobby",2025-33,2025-05-17,2025,75,0
500,241,13119,"Bergstol, Brian",2025-33,2025-05-17,2025,75,0
500,241,12333,"Block, Michael",2025-33,2025-05-17,2025,75,0
500,241,29500,"Ishee, Nic",2025-33,2025-05-17,2025,75,0
500,241,33299,"Chi, Andre",2025-33,2025-05-17,2025,75,0
500,241,28321,"Gross, Larkin",2025-33,2025-05-17,2025,75,0
500,241,33575,"Taylor, Rupe",2025-33,2025-05-17,2025,75,0
500,9,28323,"Koch, Greg",2022-9,2022-03-05,2022,78,0
500,9,28323,"Koch, Greg",2023-9,2023-03-04,2023,68,1
500,241,28323,"Koch, Greg",2025-33,2025-05-17,2025,75,2
500,9,27183,"Salinda, Isaiah",2025-9,2025-03-08,2025,45,0
500,9,31343,"Ford, David",2024-9,2024-03-09,2024,58,0
500,9,6252,"Baddeley, Aaron",2023-9,2023-03-04,2023,34,0
500,9,23599,"Westmoreland, Kyle",2023-9,2023-03-04,2023,39,0
500,9,19864,"Hammer, Cole",2023-9,2023-03-04,2023,65,0
500,9,7548,"McDowell, Graeme",2021-9,2021-03-06,2021,73,0
500,9,7548,"McDowell, Graeme",2022-9,2022-03-05,2022,13,1
500,9,6931,"Byrd, Jonathan",2022-9,2022-03-05,2022,78,0
500,9,16566,"Barjon, Paul",2022-9,2022-03-05,2022,78,0
500,9,14368,"Janewattananond, Jazz",2021-9,2021-03-06,2021,57,0
500,9,4818,"Stricker, Steve",2021-9,2021-03-06,2021,63,0
500,9,3702,"Goydos, Paul",2021-9,2021-03-06,2021,73,0
500,9,10185,"Every, Matt",2021-9,2021-03-06,2021,73,0
500,9,5621,"Herron, Tim",2021-9,2021-03-06,2021,73,0
500,9,8263,"Perry, Rod",2021-9,2021-03-06,2021,73,0
500,9,28038,"Johnson, Kamaiu",2021-9,2021-03-06,2021,73,0
769,769,13127,"Tway, Kevin",2023-5,2023-02-04,2023,76,0
769,769,13404,"Gligic, Michael",2023-5,2023-02-04,2023,76,0
769,769,4163,"Donald, Luke",2023-5,2023-02-04,2023,76,0
769,769,7955,"Watney, Nick",2023-5,2023-02-04,2023,76,0
769,769,24968,"Griffin, Ben",2023-5,2023-02-04,2023,76,0
769,769,6674,"Crane, Ben",2022-5,2022-02-05,2022,64,0
769,769,6674,"Crane, Ben",2023-5,2023-02-04,2023,76,1
769,769,29715,"Manke, RJ",2023-5,2023-02-04,2023,76,0
769,769,5701,"Atwal, Arjun",2023-5,2023-02-04,2023,76,0
769,769,21236,"Bryan, Wesley",2023-5,2023-02-04,2023,76,0
769,769,17723,"Lower, Justin",2022-5,2022-02-05,2022,64,0
769,769,17723,"Lower, Justin",2023-5,2023-02-04,2023,76,1
769,769,19872,"Riley, Davis",2023-5,2023-02-04,2023,76,0
769,769,15980,"Lipsky, David",2023-5,2023-02-04,2023,76,0
769,769,15852,"Kraft, Kelly",2023-5,2023-02-04,2023,76,0
769,769,16757,"Dou, Zecheng",2023-5,2023-02-04,2023,76,0
769,769,8479,"Harrington, Scott",2023-5,2023-02-04,2023,76,0
769,769,14655,"Murray, Grayson",2023-5,2023-02-04,2023,76,0
769,769,3349,"Johnson, Tom",2023-5,2023-02-04,2023,76,0
769,769,7293,"Walker, Jimmy",2023-5,2023-02-04,2023,76,0
769,769,12169,"Gainey, Tommy",2023-5,2023-02-04,2023,76,0
769,769,12946,"Thompson, Michael",2022-5,2022-02-05,2022,64,0
769,769,7961,"Reavie, Chez",2022-5,2022-02-05,2022,64,0
769,769,6846,"Barnes, Ricky",2022-5,2022-02-05,2022,64,0
769,769,8605,"Jones, Matt",2022-5,2022-02-05,2022,64,0
769,769,12423,"Kirk, Chris",2022-5,2022-02-05,2022,64,0
769,769,16841,"Lee, Min Woo",2022-5,2022-02-05,2022,64,0
769,769,23413,"Murphy, John",2022-5,2022-02-05,2022,64,0
769,769,10873,"Skinns, David",2022-5,2022-02-05,2022,64,0
769,769,21891,"Kitayama, Kurt",2022-5,2022-02-05,2022,64,0
769,769,10081,"Bae, Sangmoon",2022-5,2022-02-05,2022,64,0
769,769,5874,"Percy, Cameron",2022-5,2022-02-05,2022,64,0
769,769,16566,"Barjon, Paul",2022-5,2022-02-05,2022,64,0
769,769,19364,"Werenski, Richy",2022-5,2022-02-05,2022,64,0
769,769,8769,"Potter, Jr., Ted",2022-5,2022-02-05,2022,64,0
769,769,7399,"Glover, Lucas",2022-5,2022-02-05,2022,64,0
769,769,17584,"McCumber, Tyler",2022-5,2022-02-05,2022,64,0
769,769,4425,"Cejka, Alex",2022-5,2022-02-05,2022,64,0
769,769,5951,"Gay, Brian",2022-5,2022-02-05,2022,64,0
769,769,17570,"Creel, Joshua",2022-5,2022-02-05,2022,64,0
769,769,9883,"van der Walt, Dawie",2022-5,2022-02-05,2022,64,0
769,769,6252,"Baddeley, Aaron",2022-5,2022-02-05,2022,64,0
769,769,15162,"Drewitt, Brett",2022-5,2022-02-05,2022,64,0
769,769,23475,"Novak, Andrew",2022-5,2022-02-05,2022,64,0
769,769,109,"Jacobsen, Peter",2022-5,2022-02-05,2022,64,0
769,769,16433,"NeSmith, Matthew",2022-5,2022-02-05,2022,64,0
769,769,7236,"Trahan, D.J.",2022-5,2022-02-05,2022,64,0
769,769,7340,"Hearn, David",2022-5,2022-02-05,2022,64,0
769,769,8825,"Harman, Brian",2022-5,2022-02-05,2022,64,0
205,205,23505,"McGreevy, Max",2022-5,2022-02-05,2022,64,0
205,205,23505,"McGreevy, Max",2023-5,2023-02-04,2023,76,1
205,205,21880,"Cone, Trevor",2023-5,2023-02-04,2023,76,0
205,205,7399,"Glover, Lucas",2023-5,2023-02-04,2023,76,0
205,205,11330,"Brown, Scott",2022-5,2022-02-05,2022,64,0
205,205,11330,"Brown, Scott",2023-5,2023-02-04,2023,76,1
205,205,21235,"Albertson, Anders",2023-5,2023-02-04,2023,76,0
205,205,19948,"Taylor, Ben",2023-5,2023-02-04,2023,76,0
205,205,14799,"Barnes, Erik",2023-5,2023-02-04,2023,76,0
205,205,26653,"Eckroat, Austin",2023-5,2023-02-04,2023,76,0
205,205,18579,"Cook, Austin",2021-5,2021-02-13,2021,68,0
205,205,18579,"Cook, Austin",2023-5,2023-02-04,2023,76,1
205,205,6789,"Garrigus, Robert",2023-5,2023-02-04,2023,76,0
205,205,6457,"Van Pelt, Bo",2023-5,2023-02-04,2023,76,0
205,205,14704,"Putnam, Andrew",2023-5,2023-02-04,2023,76,0
205,205,15016,"Schwab, Matthias",2023-5,2023-02-04,2023,76,0
205,205,7899,"Piercy, Scott",2022-5,2022-02-05,2022,64,0
205,205,7899,"Piercy, Scott",2023-5,2023-02-04,2023,76,1
205,205,7959,"Holmes, J.B.",2021-5,2021-02-13,2021,68,0
205,205,7959,"Holmes, J.B.",2023-5,2023-02-04,2023,76,1
205,205,11049,"Simpson, Webb",2023-5,2023-02-04,2023,76,0
205,205,6283,"Sabbatini, Rory",2021-5,2021-02-13,2021,68,0
205,205,6283,"Sabbatini, Rory",2023-5,2023-02-04,2023,76,1
205,205,22833,"Echavarria, Nico",2023-5,2023-02-04,2023,76,0
205,205,22981,"Matthews, Brandon",2023-5,2023-02-04,2023,76,0
205,205,20722,"Schmid, Matti",2023-5,2023-02-04,2023,76,0
205,205,11451,"Garnett, Brice",2021-5,2021-02-13,2021,68,0
205,205,11451,"Garnett, Brice",2022-5,2022-02-05,2022,64,1
205,205,11451,"Garnett, Brice",2023-5,2023-02-04,2023,76,2
205,205,22985,"Smotherman, Austin",2023-5,2023-02-04,2023,76,0
205,205,10423,"Brehm, Ryan",2023-5,2023-02-04,2023,76,0
205,205,12359,"Stallings, Scott",2022-5,2022-02-05,2022,64,0
205,205,25908,"Whaley, Vince",2022-5,2022-02-05,2022,64,0
205,205,13127,"Tway, Kevin",2022-5,2022-02-05,2022,64,0
205,205,25213,"Wu, Brandon",2022-5,2022-02-05,2022,64,0
205,205,28324,"Marek, Brad",2022-5,2022-02-05,2022,64,0
205,205,5625,"Chalmers, Greg",2021-5,2021-02-13,2021,68,0
205,205,5625,"Chalmers, Greg",2022-5,2022-02-05,2022,64,1
205,205,19455,"Pereira, Mito",2022-5,2022-02-05,2022,64,0
205,205,5665,"Cink, Stewart",2022-5,2022-02-05,2022,64,0
205,205,16382,"Knous, Jim",2021-5,2021-02-13,2021,68,0
205,205,16382,"Knous, Jim",2022-5,2022-02-05,2022,64,1
205,205,18164,"Wolfe, Jared",2022-5,2022-02-05,2022,64,0
205,205,16283,"Rodgers, Patrick",2022-5,2022-02-05,2022,64,0
205,205,14967,"Hadley, Chesson",2021-5,2021-02-13,2021,68,0
205,205,14967,"Hadley, Chesson",2022-5,2022-02-05,2022,64,1
205,205,11082,"Burgoon, Bronson",2022-5,2022-02-05,2022,64,0
205,205,17509,"Seiffert, Chase",2022-5,2022-02-05,2022,64,0
205,205,13404,"Gligic, Michael",2021-5,2021-02-13,2021,68,0
205,205,13404,"Gligic, Michael",2022-5,2022-02-05,2022,64,1
205,205,16394,"Jaeger, Stephan",2022-5,2022-02-05,2022,64,0
205,205,20519,"Tarren, Callum",2022-5,2022-02-05,2022,64,0
205,205,15634,"Trainer, Martin",2022-5,2022-02-05,2022,64,0
205,205,14000,"Landry, Andrew",2022-5,2022-02-05,2022,64,0
205,205,757,"Lehman, Tom",2022-5,2022-02-05,2022,64,0
205,205,14081,"Hoag, Bo",2021-5,2021-02-13,2021,68,0
205,205,14081,"Hoag, Bo",2022-5,2022-02-05,2022,64,1
205,205,7398,"Schwartzel, Charl",2022-5,2022-02-05,2022,64,0
205,205,6414,"Imada, Ryuji",2022-5,2022-02-05,2022,64,0
205,205,12169,"Gainey, Tommy",2022-5,2022-02-05,2022,64,0
205,205,5207,"Senden, John",2022-5,2022-02-05,2022,64,0
205,205,7955,"Watney, Nick",2021-5,2021-02-13,2021,68,0
205,205,7955,"Watney, Nick",2022-5,2022-02-05,2022,64,1
205,205,12131,"Anderson, Mark",2021-5,2021-02-13,2021,68,0
205,205,12643,"Castro, Roberto",2021-5,2021-02-13,2021,68,0
205,205,16602,"Varner III, Harold",2021-5,2021-02-13,2021,68,0
205,205,7636,"Mahan, Hunter",2021-5,2021-02-13,2021,68,0
205,205,14609,"Kim, Si Woo",2021-5,2021-02-13,2021,68,0
205,205,17543,"Kim, Michael",2021-5,2021-02-13,2021,68,0
205,205,12321,"Aphibarnrat, Kiradech",2021-5,2021-02-13,2021,68,0
205,205,15852,"Kraft, Kelly",2021-5,2021-02-13,2021,68,0
205,205,18695,"Hagy, Brandon",2021-5,2021-02-13,2021,68,0
205,205,7602,"Stadler, Kevin",2021-5,2021-02-13,2021,68,0
205,205,18187,"Duncan, Tyler",2021-5,2021-02-13,2021,68,0
205,205,17584,"McCumber, Tyler",2021-5,2021-02-13,2021,68,0
205,205,6761,"Points, D.A.",2021-5,2021-02-13,2021,68,0
205,205,7900,"Haas, Bill",2021-5,2021-02-13,2021,68,0
205,205,10081,"Bae, Sangmoon",2021-5,2021-02-13,2021,68,0
205,205,11117,"Noh, Seung-Yul",2021-5,2021-02-13,2021,68,0
205,205,12965,"Fowler, Rickie",2021-5,2021-02-13,2021,68,0
205,205,13342,"Gibson, Rhein",2021-5,2021-02-13,2021,68,0
205,205,6931,"Byrd, Jonathan",2021-5,2021-02-13,2021,68,0
205,205,14655,"Murray, Grayson",2021-5,2021-02-13,2021,68,0
205,205,27597,"Ogletree, Andy",2021-5,2021-02-13,2021,68,0
205,205,17564,"Bozzelli, Dominic",2021-5,2021-02-13,2021,68,0
205,205,7457,"Cabrera Bello, Rafa",2021-5,2021-02-13,2021,68,0
205,205,6846,"Barnes, Ricky",2021-5,2021-02-13,2021,68,0
205,205,16841,"Lee, Min Woo",2021-5,2021-02-13,2021,68,0
205,205,12846,"Herman, Jim",2021-5,2021-02-13,2021,68,0
205,205,17365,"Mitchell, Keith",2021-5,2021-02-13,2021,68,0
205,205,16715,"Ryder, Sam",2021-5,2021-02-13,2021,68,0
205,205,4761,"Duval, David",2021-5,2021-02-13,2021,68,0
205,205,5466,"Gogel, Matt",2021-5,2021-02-13,2021,68,0
205,205,8092,"Hall, Kevin",2021-5,2021-02-13,2021,68,0
43,43,23604,"Clark, Wyndham",2023-26,2023-06-17,2023,1,0
43,43,10091,"McIlroy, Rory",2023-26,2023-06-17,2023,2,0
43,43,18417,"Scheffler, Scottie",2023-26,2023-06-17,2023,3,0
43,43,15856,"Smith, Cameron",2023-26,2023-06-17,2023,4,0
43,43,16841,"Lee, Min Woo",2023-26,2023-06-17,2023,5,0
43,43,12965,"Fowler, Rickie",2023-26,2023-06-17,2023,5,0
43,43,12294,"Fleetwood, Tommy",2023-26,2023-06-17,2023,5,0
43,43,24766,"Kim, Tom",2023-26,2023-06-17,2023,8,0
43,43,14577,"English, Harris",2023-26,2023-06-17,2023,8,0
43,43,19895,"Schauffele, Xander",2023-26,2023-06-17,2023,10,0
43,43,12422,"Johnson, Dustin",2023-26,2023-06-17,2023,10,0
43,43,19195,"Rahm, Jon",2023-26,2023-06-17,2023,10,0
43,43,26653,"Eckroat, Austin",2023-26,2023-06-17,2023,10,0
43,43,14578,"Henley, Russell",2023-26,2023-06-17,2023,14,0
43,43,15466,"Cantlay, Patrick",2023-26,2023-06-17,2023,14,0
43,43,22085,"Morikawa, Collin",2023-26,2023-06-17,2023,14,0
43,43,16243,"Koepka, Brooks",2023-26,2023-06-17,2023,17,0
43,43,17646,"Fitzpatrick, Matthew",2023-26,2023-06-17,2023,17,0
43,43,18841,"Hovland, Viktor",2023-26,2023-06-17,2023,19,0
43,43,19841,"DeChambeau, Bryson",2023-26,2023-06-17,2023,20,0
43,43,19865,"Hardy, Nick",2023-26,2023-06-17,2023,20,0
43,43,13900,"Lowry, Shane",2023-26,2023-06-17,2023,20,0
43,43,18586,"Smith, Jordan",2023-26,2023-06-17,2023,20,0
43,43,17365,"Mitchell, Keith",2023-26,2023-06-17,2023,20,0
43,43,19870,"McCarthy, Denny",2023-26,2023-06-17,2023,20,0
43,43,10523,"Nagano, Ryutaro",2023-26,2023-06-17,2023,20,0
43,43,5689,"Garcia, Sergio",2023-26,2023-06-17,2023,27,0
43,43,14796,"Hatton, Tyrrell",2023-26,2023-06-17,2023,27,0
43,43,23014,"Theegala, Sahith",2023-26,2023-06-17,2023,27,0
43,43,22050,"Suh, Justin",2023-26,2023-06-17,2023,27,0
43,43,5716,"Harrington, Padraig",2023-26,2023-06-17,2023,27,0
43,43,26651,"Young, Cameron",2023-26,2023-06-17,2023,32,0
43,43,19483,"Burns, Sam",2023-26,2023-06-17,2023,32,0
43,43,11676,"Finau, Tony",2023-26,2023-06-17,2023,32,0
43,43,25002,"Wu, Dylan",2023-26,2023-06-17,2023,32,0
43,43,13562,"Matsuyama, Hideki",2023-26,2023-06-17,2023,32,0
43,43,18079,"Niemann, Joaquin",2023-26,2023-06-17,2023,32,0
43,43,16283,"Rodgers, Patrick",2023-26,2023-06-17,2023,32,0
43,43,14609,"Kim, Si Woo",2023-26,2023-06-17,2023,39,0
43,43,28984,"Puig Currius, David",2023-26,2023-06-17,2023,39,0
43,43,21756,"Cole, Eric",2023-26,2023-06-17,2023,39,0
43,43,30814,"Sargent, Gordon",2023-26,2023-06-17,2023,39,0
43,43,11889,"Fox, Ryan",2023-26,2023-06-17,2023,43,0
43,43,28158,"Bennett, Sam",2023-26,2023-06-17,2023,43,0
43,43,25569,"Stevens, Samuel",2023-26,2023-06-17,2023,43,0
43,43,14704,"Putnam, Andrew",2023-26,2023-06-17,2023,43,0
43,43,11276,"Horschel, Billy",2023-26,2023-06-17,2023,43,0
43,43,8825,"Harman, Brian",2023-26,2023-06-17,2023,43,0
43,43,15556,"Hughes, Mackenzie",2023-26,2023-06-17,2023,49,0
43,43,20770,"Munoz, Sebastian",2023-26,2023-06-17,2023,49,0
43,43,12577,"Woodland, Gary",2023-26,2023-06-17,2023,49,0
43,43,8480,"Streelman, Kevin",2023-26,2023-06-17,2023,49,0
43,43,5768,"Hoffman, Charley",2023-26,2023-06-17,2023,49,0
43,43,16652,"Langasque, Romain",2023-26,2023-06-17,2023,54,0
43,43,18238,"Ancer, Abraham",2023-26,2023-06-17,2023,54,0
43,43,29767,"Gerard, Ryan",2023-26,2023-06-17,2023,56,0
43,43,14838,"Reed, Patrick",2023-26,2023-06-17,2023,56,0
43,43,20448,"Katsuragawa, Yuto",2023-26,2023-06-17,2023,58,0
43,43,13965,"Hadwin, Adam",2023-26,2023-06-17,2023,59,0
43,43,27710,"Solomon, Jacob",2023-26,2023-06-17,2023,60,0
43,43,13997,"Svensson, Adam",2023-26,2023-06-17,2023,60,0
43,43,30732,"Carr, Ben",2023-26,2023-06-17,2023,62,0
43,43,12232,"Ishikawa, Ryo",2023-26,2023-06-17,2023,63,0
43,43,27900,"Potgieter, Aldrich",2023-26,2023-06-17,2023,64,0
43,43,29769,"Moldovan, Maxwell",2023-26,2023-06-17,2023,65,0
43,43,22833,"Echavarria, Nicolas",2023-26,2023-06-17,2023,66,0
43,43,10419,"Noren, Alex",2023-26,2023-06-17,2023,66,0
43,43,18105,"Lawrence, Thriston",2023-26,2023-06-17,2023,66,0
43,43,26102,"Cover, Patrick",2023-26,2023-06-17,2023,66,0
43,43,14196,"Meronk, Adrian",2023-26,2023-06-17,2023,66,0
43,43,16566,"Barjon, Paul",2023-26,2023-06-17,2023,66,0
43,43,11274,"Svoboda, Andrew",2023-26,2023-06-17,2023,66,0
43,43,27364,"Thompson, Davis",2023-26,2023-06-17,2023,66,0
43,43,21944,"Moore, Taylor",2023-26,2023-06-17,2023,66,0
43,43,1547,"Mickelson, Phil",2023-26,2023-06-17,2023,66,0
43,43,14636,"Spieth, Jordan",2023-26,2023-06-17,2023,66,0
43,43,19455,"Pereira, Mito",2023-26,2023-06-17,2023,66,0
43,43,22045,"Mueller, Kyle",2023-26,2023-06-17,2023,66,0
43,43,22535,"Norrman, Vincent",2023-26,2023-06-17,2023,66,0
43,43,6093,"Rose, Justin",2023-26,2023-06-17,2023,66,0
43,43,17576,"Conners, Corey",2023-26,2023-06-17,2023,66,0
43,43,13126,"Taylor, Nick",2023-26,2023-06-17,2023,66,0
43,43,24988,"Grey, J.J.",2023-26,2023-06-17,2023,66,0
43,43,15575,"Hoge, Tom",2023-26,2023-06-17,2023,66,0
43,43,10104,"Power, Seamus",2023-26,2023-06-17,2023,66,0
43,43,12423,"Kirk, Chris",2023-26,2023-06-17,2023,66,0
43,43,17511,"Straka, Sepp",2023-26,2023-06-17,2023,66,0
43,43,19806,"Forsstrom, Simon",2023-26,2023-06-17,2023,66,0
43,43,19477,"Schenk, Adam",2023-26,2023-06-17,2023,66,0
43,43,17538,"Homa, Max",2023-26,2023-06-17,2023,66,0
43,43,13944,"Pieters, Thomas",2023-26,2023-06-17,2023,66,0
43,43,29947,"Brown, Barclay",2023-26,2023-06-17,2023,66,0
43,43,21554,"Poston, J.T.",2023-26,2023-06-17,2023,66,0
43,43,21891,"Kitayama, Kurt",2023-26,2023-06-17,2023,66,0
43,43,6430,"Scott, Adam",2023-26,2023-06-17,2023,66,0
43,43,17064,"Herbert, Lucas",2023-26,2023-06-17,2023,66,0
43,43,17780,"Pendrith, Taylor",2023-26,2023-06-17,2023,66,0
43,43,25889,"Nienaber, Wilco",2023-26,2023-06-17,2023,66,0
43,43,5665,"Cink, Stewart",2023-26,2023-06-17,2023,66,0
43,43,14050,"Sloan, Roger",2023-26,2023-06-17,2023,66,0
43,43,12359,"Stallings, Scott",2023-26,2023-06-17,2023,66,0
43,43,9396,"Fisher, Ross",2023-26,2023-06-17,2023,66,0
43,43,12808,"Grillo, Emiliano",2023-26,2023-06-17,2023,66,0
43,43,28159,"Meissner, Mac",2023-26,2023-06-17,2023,66,0
43,43,18239,"Truslow, Austen",2023-26,2023-06-17,2023,66,0
43,43,25888,"Germishuys, Deon",2023-26,2023-06-17,2023,66,0
43,43,7655,"Molinari, Francesco",2023-26,2023-06-17,2023,66,0
43,43,23892,"Gumberg, Jordan",2023-26,2023-06-17,2023,66,0
43,43,8117,"Kaymer, Martin",2023-26,2023-06-17,2023,66,0
43,43,13872,"Bradley, Keegan",2023-26,2023-06-17,2023,66,0
43,43,22914,"Grant, Brent",2023-26,2023-06-17,2023,66,0
43,43,17488,"Im, Sungjae",2023-26,2023-06-17,2023,66,0
43,43,7960,"List, Luke",2023-26,2023-06-17,2023,66,0
43,43,6169,"Kuchar, Matt",2023-26,2023-06-17,2023,66,0
43,43,25442,"Montgomery, Taylor",2023-26,2023-06-17,2023,66,0
43,43,26649,"Thorbjornsen, Michael",2023-26,2023-06-17,2023,66,0
43,43,28592,"Amat, Bastien",2023-26,2023-06-17,2023,66,0
43,43,26746,"Summerhays, Preston",2023-26,2023-06-17,2023,66,0
43,43,8469,"Armour, Ryan",2023-26,2023-06-17,2023,66,0
43,43,14128,"Charoenkul, Gunn",2023-26,2023-06-17,2023,66,0
43,43,9659,"Schutte, Jesse",2023-26,2023-06-17,2023,66,0
43,43,17543,"Kim, Michael",2023-26,2023-06-17,2023,66,0
43,43,22259,"Rey, Alejandro Del",2023-26,2023-06-17,2023,66,0
43,43,23622,"Nyfjall, David",2023-26,2023-06-17,2023,66,0
43,43,19955,"Pereira, Corey",2023-26,2023-06-17,2023,66,0
43,43,14018,"Dantorp, Jens",2023-26,2023-06-17,2023,66,0
43,43,16488,"Browne Jr, Olin",2023-26,2023-06-17,2023,66,0
43,43,9133,"Larrazabal, Pablo",2023-26,2023-06-17,2023,66,0
43,43,28270,"Dunlap, Nick",2023-26,2023-06-17,2023,66,0
43,43,24294,"Fernandez de Oliveira, Mateo",2023-26,2023-06-17,2023,66,0
43,43,13497,"Lee, Kyounghoon",2023-26,2023-06-17,2023,66,0
43,43,9771,"Day, Jason",2023-26,2023-06-17,2023,66,0
43,43,24304,"Vilips, Karl",2023-26,2023-06-17,2023,66,0
43,43,14735,"Ortiz, Carlos",2023-26,2023-06-17,2023,66,0
43,43,26193,"Wenyi, Ding",2023-26,2023-06-17,2023,66,0
43,43,30891,"Morales, Omar",2023-26,2023-06-17,2023,66,0
43,43,29197,"Brennan, Michael",2023-26,2023-06-17,2023,66,0
43,43,31190,"Cavaliere, Christian",2023-26,2023-06-17,2023,66,0
43,43,19960,"Pavon, Matthieu",2023-26,2023-06-17,2023,66,0
43,43,16039,"Haley II, Paul",2023-26,2023-06-17,2023,66,0
43,43,10316,"Henson, Berry",2023-26,2023-06-17,2023,66,0
43,43,23656,"Young, Carson",2023-26,2023-06-17,2023,66,0
43,43,22051,"Wise, Aaron",2023-26,2023-06-17,2023,66,0
43,43,21412,"Capan III, Frankie",2023-26,2023-06-17,2023,66,0
43,43,26990,"Mcclean, Matthew",2023-26,2023-06-17,2023,66,0
43,43,25363,"Buckley, Hayden",2023-26,2023-06-17,2023,66,0
43,43,20730,"Perez, Victor",2023-26,2023-06-17,2023,66,0
43,43,25322,"Schaake, Alex",2023-26,2023-06-17,2023,66,0
43,43,17786,"Davis, Cameron",2023-26,2023-06-17,2023,66,0
43,43,14509,"Dahmen, Joel",2023-26,2023-06-17,2023,66,0
43,43,27418,"Yang, Alexander",2023-26,2023-06-17,2023,66,0
43,43,14139,"Thomas, Justin",2023-26,2023-06-17,2023,66,0
43,43,31189,"Simmons, Isaac",2023-26,2023-06-17,2023,66,0
43,43,11230,"Horsey, David",2023-26,2023-06-17,2023,66,0
43,43,31188,"Valdes, Brendan",2023-26,2023-06-17,2023,66,0
43,43,21943,"Lebioda, Hank",2023-26,2023-06-17,2023,66,0
939,939,23950,"Aberg, Ludvig",2025-7,2025-02-15,2025,1,0
939,939,18634,"McNealy, Maverick",2025-7,2025-02-15,2025,2,0
939,939,16283,"Rodgers, Patrick",2025-7,2025-02-15,2025,3,0
939,939,18417,"Scheffler, Scottie",2025-7,2025-02-15,2025,3,0
939,939,11676,"Finau, Tony",2025-7,2025-02-15,2025,5,0
939,939,15466,"Cantlay, Patrick",2025-7,2025-02-15,2025,5,0
939,939,19870,"McCarthy, Denny",2025-7,2025-02-15,2025,5,0
939,939,12294,"Fleetwood, Tommy",2025-7,2025-02-15,2025,5,0
939,939,26096,"Bhatia, Akshay",2025-7,2025-02-15,2025,9,0
939,939,14139,"Thomas, Justin",2025-7,2025-02-15,2025,9,0
939,939,13126,"Taylor, Nick",2025-7,2025-02-15,2025,9,0
939,939,17606,"Berger, Daniel",2025-7,2025-02-15,2025,12,0
939,939,17543,"Kim, Michael",2025-7,2025-02-15,2025,13,0
939,939,23475,"Novak, Andrew",2025-7,2025-02-15,2025,13,0
939,939,27364,"Thompson, Davis",2025-7,2025-02-15,2025,13,0
939,939,13562,"Matsuyama, Hideki",2025-7,2025-02-15,2025,13,0
939,939,8825,"Harman, Brian",2025-7,2025-02-15,2025,17,0
939,939,10091,"McIlroy, Rory",2025-7,2025-02-15,2025,17,0
939,939,22085,"Morikawa, Collin",2025-7,2025-02-15,2025,17,0
939,939,17881,"Yu, Kevin",2025-7,2025-02-15,2025,17,0
939,939,19396,"Knapp, Jake",2025-7,2025-02-15,2025,17,0
939,939,28270,"Dunlap, Nick",2025-7,2025-02-15,2025,17,0
939,939,23014,"Theegala, Sahith",2025-7,2025-02-15,2025,17,0
939,939,10104,"Power, Seamus",2025-7,2025-02-15,2025,24,0
939,939,14609,"Kim, Si Woo",2025-7,2025-02-15,2025,24,0
939,939,17576,"Conners, Corey",2025-7,2025-02-15,2025,24,0
939,939,23465,"Greyserman, Max",2025-7,2025-02-15,2025,24,0
939,939,19428,"Zalatoris, Will",2025-7,2025-02-15,2025,24,0
939,939,19483,"Burns, Sam",2025-7,2025-02-15,2025,24,0
939,939,14577,"English, Harris",2025-7,2025-02-15,2025,24,0
939,939,23604,"Clark, Wyndham",2025-7,2025-02-15,2025,31,0
939,939,25569,"Stevens, Sam",2025-7,2025-02-15,2025,31,0
939,939,7399,"Glover, Lucas",2025-7,2025-02-15,2025,31,0
939,939,13872,"Bradley, Keegan",2025-7,2025-02-15,2025,34,0
939,939,22833,"Echavarria, Nico",2025-7,2025-02-15,2025,34,0
939,939,17536,"Spaun, J.J.",2025-7,2025-02-15,2025,34,0
939,939,6430,"Scott, Adam",2025-7,2025-02-15,2025,37,0
939,939,18554,"Rai, Aaron",2025-7,2025-02-15,2025,37,0
939,939,18103,"Bezuidenhout, Christiaan",2025-7,2025-02-15,2025,39,0
939,939,13900,"Lowry, Shane",2025-7,2025-02-15,2025,39,0
939,939,12965,"Fowler, Rickie",2025-7,2025-02-15,2025,39,0
939,939,14578,"Henley, Russell",2025-7,2025-02-15,2025,39,0
939,939,21554,"Poston, J.T.",2025-7,2025-02-15,2025,39,0
939,939,19960,"Pavon, Matthieu",2025-7,2025-02-15,2025,44,0
939,939,24766,"Kim, Tom",2025-7,2025-02-15,2025,44,0
939,939,16394,"Jaeger, Stephan",2025-7,2025-02-15,2025,44,0
939,939,24968,"Griffin, Ben",2025-7,2025-02-15,2025,44,0
939,939,16841,"Lee, Min Woo",2025-7,2025-02-15,2025,48,0
939,939,17646,"Fitzpatrick, Matt",2025-7,2025-02-15,2025,49,0
939,939,17780,"Pendrith, Taylor",2025-7,2025-02-15,2025,50,0
939,939,9771,"Day, Jason",2025-7,2025-02-15,2025,50,0
939,939,15556,"Hughes, Mackenzie",2025-7,2025-02-15,2025,52,0
939,939,14181,"Detry, Thomas",2025-7,2025-02-15,2025,53,0
939,939,15575,"Hoge, Tom",2025-7,2025-02-15,2025,54,0
939,939,6093,"Rose, Justin",2025-7,2025-02-15,2025,55,0
939,939,11276,"Horschel, Billy",2025-7,2025-02-15,2025,55,0
939,939,18841,"Hovland, Viktor",2025-7,2025-02-15,2025,55,0
939,939,17488,"Im, Sungjae",2025-7,2025-02-15,2025,55,0
939,939,21756,"Cole, Eric",2025-7,2025-02-15,2025,55,0
939,939,26653,"Eckroat, Austin",2025-7,2025-02-15,2025,55,0
939,939,14636,"Spieth, Jordan",2025-7,2025-02-15,2025,55,0
939,939,26651,"Young, Cameron",2025-7,2025-02-15,2025,55,0
939,939,17538,"Homa, Max",2025-7,2025-02-15,2025,55,0
939,939,24170,"List, Danny",2025-7,2025-02-15,2025,55,0
939,939,12577,"Woodland, Gary",2025-7,2025-02-15,2025,55,0
939,939,23323,"MacIntyre, Robert",2025-7,2025-02-15,2025,55,0
939,939,17786,"Davis, Cam",2025-7,2025-02-15,2025,55,0
939,939,16333,"Hubbard, Mark",2025-7,2025-02-15,2025,55,0
939,939,14459,"An, Byeong Hun",2025-7,2025-02-15,2025,55,0
939,939,17511,"Straka, Sepp",2025-7,2025-02-15,2025,55,0
939,939,13965,"Hadwin, Adam",2025-7,2025-02-15,2025,55,0
939,939,23838,"Hojgaard, Rasmus",2025-7,2025-02-15,2025,55,0
659,659,25036,"Holt, Ian",2026-84,2026-01-31,2026,1,0
659,659,13965,"Hadwin, Adam",2026-84,2026-01-31,2026,2,0
659,659,21880,"Cone, Trevor",2026-84,2026-01-31,2026,3,0
659,659,26953,"Gilligan, Ian",2026-84,2026-01-31,2026,4,0
659,659,18933,"Gandon, Jeremy",2026-84,2026-01-31,2026,4,0
659,659,19864,"Hammer, Cole",2026-84,2026-01-31,2026,4,0
659,659,15004,"Kim, Chan",2026-84,2026-01-31,2026,7,0
659,659,18187,"Duncan, Tyler",2026-84,2026-01-31,2026,7,0
659,659,16786,"Fernandez Valdes, Jorge",2026-84,2026-01-31,2026,7,0
659,659,25442,"Montgomery, Taylor",2026-84,2026-01-31,2026,7,0
659,659,11117,"Noh, S.Y.",2026-84,2026-01-31,2026,11,0
659,659,15120,"Johnson, Michael",2026-84,2026-01-31,2026,11,0
659,659,28542,"Hitt, Austin",2026-84,2026-01-31,2026,11,0
659,659,25363,"Buckley, Hayden",2026-84,2026-01-31,2026,11,0
659,659,28355,"Anderson, Samuel",2026-84,2026-01-31,2026,11,0
659,659,8199,"Levin, Spencer",2026-84,2026-01-31,2026,16,0
659,659,31192,"Steelman, Ross",2026-84,2026-01-31,2026,16,0
659,659,31955,"Van Paris, Jackson",2026-84,2026-01-31,2026,16,0
659,659,12424,"Summerhays, Daniel",2026-84,2026-01-31,2026,16,0
659,659,14698,"Bramlett, Joseph",2026-84,2026-01-31,2026,16,0
659,659,18571,"Macdonald, Stuart",2026-84,2026-01-31,2026,16,0
659,659,23540,"Andersen, Mason",2026-84,2026-01-31,2026,16,0
659,659,33949,"Bacha, Carson",2026-84,2026-01-31,2026,23,0
659,659,22461,"White, Brett",2026-84,2026-01-31,2026,23,0
659,659,31285,"Lewis, Bryce",2026-84,2026-01-31,2026,23,0
659,659,31272,"Sewell, Chad",2026-84,2026-01-31,2026,23,0
659,659,8571,"Gomez, Fabian",2026-84,2026-01-31,2026,23,0
659,659,9643,"Blaum, Ryan",2026-84,2026-01-31,2026,28,0
659,659,16395,"Kohles, Ben",2026-84,2026-01-31,2026,28,0
659,659,6931,"Byrd, Jonathan",2026-84,2026-01-31,2026,28,0
659,659,24481,"Redman, Doc",2026-84,2026-01-31,2026,28,0
659,659,31257,"Hitchner, Derek",2026-84,2026-01-31,2026,32,0
659,659,13497,"Lee, K.H.",2026-84,2026-01-31,2026,32,0
659,659,14050,"Sloan, Roger",2026-84,2026-01-31,2026,32,0
659,659,23599,"Westmoreland, Kyle",2026-84,2026-01-31,2026,32,0
659,659,32312,"Sherwood, Cole",2026-84,2026-01-31,2026,32,0
659,659,18059,"Suri, Julian",2026-84,2026-01-31,2026,37,0
659,659,19948,"Taylor, Ben",2026-84,2026-01-31,2026,37,0
659,659,27420,"Dickson, Taylor",2026-84,2026-01-31,2026,37,0
659,659,21234,"Thomas, Rayhan",2026-84,2026-01-31,2026,37,0
659,659,8002,"Oppenheim, Rob",2026-84,2026-01-31,2026,37,0
659,659,32473,"Botha, Barend",2026-84,2026-01-31,2026,37,0
659,659,29769,"Moldovan, Maxwell",2026-84,2026-01-31,2026,37,0
659,659,30856,"Eichhorn, Hunter",2026-84,2026-01-31,2026,37,0
659,659,14002,"Alexander, Tyson",2026-84,2026-01-31,2026,37,0
659,659,31212,"Chandler, Will",2026-84,2026-01-31,2026,37,0
659,659,31251,"Winstead, Trey",2026-84,2026-01-31,2026,37,0
659,659,17639,"Blair, Zac",2026-84,2026-01-31,2026,37,0
659,659,17212,"Garcia, Jorge",2026-84,2026-01-31,2026,49,0
659,659,27762,"Velo, Kevin",2026-84,2026-01-31,2026,49,0
659,659,13342,"Gibson, Rhein",2026-84,2026-01-31,2026,49,0
659,659,31392,"VanArragon, Caleb",2026-84,2026-01-31,2026,49,0
659,659,26013,"Nimmer, Bryson",2026-84,2026-01-31,2026,49,0
659,659,31161,"Burnett, Ryan",2026-84,2026-01-31,2026,49,0
659,659,31586,"Leach, Tyler",2026-84,2026-01-31,2026,49,0
659,659,19865,"Hardy, Nick",2026-84,2026-01-31,2026,49,0
659,659,21995,"Springer, Hayden",2026-84,2026-01-31,2026,49,0
659,659,18579,"Cook, Austin",2026-84,2026-01-31,2026,49,0
659,659,26143,"Creighton, Myles",2026-84,2026-01-31,2026,59,0
659,659,26190,"Ortiz, Alvaro",2026-84,2026-01-31,2026,59,0
659,659,28471,"Shore, Davis",2026-84,2026-01-31,2026,61,0
659,659,26126,"Meissner, Mitchell",2026-84,2026-01-31,2026,61,0
659,659,25081,"Humphrey, Theo",2026-84,2026-01-31,2026,63,0
659,659,22986,"Tuten, Shad",2026-84,2026-01-31,2026,63,0
659,659,23708,"Scott, Sandy",2026-84,2026-01-31,2026,63,0
659,659,29324,"Lamb, Davis",2026-84,2026-01-31,2026,66,0
659,659,26913,"Phillips, Trent",2026-84,2026-01-31,2026,66,0
659,659,9586,"Laird, Martin",2026-84,2026-01-31,2026,66,0
659,659,29970,"Menante, Dylan",2026-84,2026-01-31,2026,66,0
659,659,32152,"Brown, Blades",2026-84,2026-01-31,2026,66,0
659,659,24354,"Xiong, Norman",2026-84,2026-01-31,2026,66,0
659,659,10498,"Overton, Jeff",2026-84,2026-01-31,2026,72,0
659,659,26660,"Gordon, Will",2026-84,2026-01-31,2026,72,0
659,659,23502,"Thornberry, Braden",2026-84,2026-01-31,2026,72,0
659,659,30621,"Weiler, Joe",2026-84,2026-01-31,2026,75,0
659,659,8085,"Teater, Josh",2026-84,2026-01-31,2026,76,0
659,659,10873,"Skinns, David",2026-84,2026-01-31,2026,76,0
659,659,7961,"Reavie, Chez",2026-84,2026-01-31,2026,76,0
659,659,33914,"Goodman, Drew",2026-84,2026-01-31,2026,77,0
659,659,15499,"Bateman, Wil",2026-84,2026-01-31,2026,77,0
659,659,12232,"Ishikawa, Ryo",2026-84,2026-01-31,2026,77,0
659,659,17422,"Del Solar, Cristobal",2026-84,2026-01-31,2026,77,0
659,659,32446,"Wolcott, Hunter",2026-84,2026-01-31,2026,77,0
659,659,29347,"Dossey, Cooper",2026-84,2026-01-31,2026,77,0
659,659,32333,"Buchanan, Jackson",2026-84,2026-01-31,2026,77,0
659,659,14007,"Martin, Ben",2026-84,2026-01-31,2026,77,0
659,659,29318,"McAllister, Logan",2026-84,2026-01-31,2026,77,0
659,659,29800,"Hillier, Harry",2026-84,2026-01-31,2026,77,0
659,659,16433,"NeSmith, Matt",2026-84,2026-01-31,2026,77,0
659,659,33942,"Stewart, Dillon",2026-84,2026-01-31,2026,77,0
659,659,23542,"Champ, Cameron",2026-84,2026-01-31,2026,77,0
659,659,26617,"Anderson, Matthew",2026-84,2026-01-31,2026,77,0
659,659,27598,"Nicholas, James",2026-84,2026-01-31,2026,77,0
659,659,23231,"Maichon, Phichaksn",2026-84,2026-01-31,2026,77,0
659,659,14140,"Higgs, Harry",2026-84,2026-01-31,2026,77,0
659,659,25091,"Choi, Sam",2026-84,2026-01-31,2026,77,0
659,659,17276,"Sullivan, Ryan",2026-84,2026-01-31,2026,77,0
659,659,24223,"Sugiura, Yuta",2026-84,2026-01-31,2026,77,0
659,659,13831,"Knox, Russell",2026-84,2026-01-31,2026,77,0
659,659,25771,"Furr, Wilson",2026-84,2026-01-31,2026,77,0
659,659,28587,"Perkins, David",2026-84,2026-01-31,2026,77,0
659,659,16341,"Peterson, Paul",2026-84,2026-01-31,2026,77,0
659,659,30892,"Riedel, Matthew",2026-84,2026-01-31,2026,77,0
659,659,26656,"Feagles, Michael",2026-84,2026-01-31,2026,77,0
659,659,14776,"Cappelen, Sebastian",2026-84,2026-01-31,2026,77,0
659,659,19360,"Atkins, Matt",2026-84,2026-01-31,2026,77,0
659,659,29348,"Hale, Jr., Blaine",2026-84,2026-01-31,2026,77,0
659,659,24490,"Galletti, Nicolo",2026-84,2026-01-31,2026,77,0
659,659,16492,"Nesbitt, Drew",2026-84,2026-01-31,2026,77,0
659,659,25263,"Onishi, Kaito",2026-84,2026-01-31,2026,77,0
659,659,18635,"Shelton, Robby",2026-84,2026-01-31,2026,77,0
659,659,27600,"Kuest, Peter",2026-84,2026-01-31,2026,77,0
659,659,18869,"Lamb, Rick",2026-84,2026-01-31,2026,77,0
659,659,13367,"Merritt, Troy",2026-84,2026-01-31,2026,77,0
659,659,27820,"Pak, John",2026-84,2026-01-31,2026,77,0
659,659,27870,"Coody, Parker",2026-84,2026-01-31,2026,77,0
659,659,24962,"Docherty, Alistair",2026-84,2026-01-31,2026,77,0
659,659,25614,"Biondi, Fred",2026-84,2026-01-31,2026,77,0
659,659,29684,"Infanti, Nick",2026-84,2026-01-31,2026,77,0
659,659,19000,"Celia, Ricardo",2026-84,2026-01-31,2026,77,0
659,659,33160,"Marzilio, Vicente",2026-84,2026-01-31,2026,77,0
659,659,17381,"Silverman, Ben",2026-84,2026-01-31,2026,77,0
659,659,30767,"Gabrelcik, Nick",2026-84,2026-01-31,2026,77,0
659,659,16796,"Nunez, Augusto",2026-84,2026-01-31,2026,77,0
659,659,32462,"Butler, John Marshall",2026-84,2026-01-31,2026,77,0
659,659,19738,"Dougherty, Kevin",2026-84,2026-01-31,2026,77,0
659,659,25213,"Wu, Brandon",2026-84,2026-01-31,2026,77,0
659,659,10423,"Brehm, Ryan",2026-84,2026-01-31,2026,77,0
659,659,22904,"Limbhasut, KK",2026-84,2026-01-31,2026,77,0
659,659,28541,"Grider, Ryan",2026-84,2026-01-31,2026,77,0
659,659,24562,"Knowles, Philip",2026-84,2026-01-31,2026,77,0
659,659,29165,"Gonzalez, Lucca",2026-84,2026-01-31,2026,77,0
659,659,22050,"Suh, Justin",2026-84,2026-01-31,2026,77,0
659,659,31887,"Berry, Brandon",2026-84,2026-01-31,2026,77,0
659,659,34841,"Meisel, Marshall",2026-84,2026-01-31,2026,77,0
659,659,24837,"Goodwin, Noah",2026-84,2026-01-31,2026,77,0
659,659,22981,"Matthews, Brandon",2026-84,2026-01-31,2026,77,0
659,659,29163,"Card III, Jay",2026-84,2026-01-31,2026,77,0
659,659,34883,"Motta, Juan Pablo",2026-84,2026-01-31,2026,77,0
659,659,16566,"Barjon, Paul",2026-84,2026-01-31,2026,77,0
659,659,26746,"Summerhays, Preston",2026-84,2026-01-31,2026,77,0
659,659,33488,"Song, James",2026-84,2026-01-31,2026,77,0
800,800,25036,"Holt, Ian",2026-125,2026-01-20,2026,1,0
800,800,24962,"Docherty, Alistair",2026-125,2026-01-20,2026,2,0
800,800,31960,"Hastings, Justin",2026-125,2026-01-20,2026,2,0
800,800,32473,"Botha, Barend",2026-125,2026-01-20,2026,4,0
800,800,26660,"Gordon, Will",2026-125,2026-01-20,2026,5,0
800,800,23542,"Champ, Cameron",2026-125,2026-01-20,2026,6,0
800,800,19869,"Maguire, Jack",2026-125,2026-01-20,2026,6,0
800,800,14007,"Martin, Ben",2026-125,2026-01-20,2026,6,0
800,800,21995,"Springer, Hayden",2026-125,2026-01-20,2026,6,0
800,800,19738,"Dougherty, Kevin",2026-125,2026-01-20,2026,10,0
800,800,16395,"Kohles, Ben",2026-125,2026-01-20,2026,10,0
800,800,23502,"Thornberry, Braden",2026-125,2026-01-20,2026,10,0
800,800,14776,"Cappelen, Sebastian",2026-125,2026-01-20,2026,13,0
800,800,25363,"Buckley, Hayden",2026-125,2026-01-20,2026,13,0
800,800,26126,"Meissner, Mitchell",2026-125,2026-01-20,2026,13,0
800,800,27697,"Sargent, Billy Tom",2026-125,2026-01-20,2026,13,0
800,800,31955,"Van Paris, Jackson",2026-125,2026-01-20,2026,17,0
800,800,32152,"Brown, Blades",2026-125,2026-01-20,2026,17,0
800,800,29324,"Lamb, Davis",2026-125,2026-01-20,2026,17,0
800,800,26143,"Creighton, Myles",2026-125,2026-01-20,2026,17,0
800,800,31392,"VanArragon, Caleb",2026-125,2026-01-20,2026,17,0
800,800,34841,"Meisel, Marshall",2026-125,2026-01-20,2026,17,0
800,800,19864,"Hammer, Cole",2026-125,2026-01-20,2026,23,0
800,800,28542,"Hitt, Austin",2026-125,2026-01-20,2026,23,0
800,800,19360,"Atkins, Matt",2026-125,2026-01-20,2026,23,0
800,800,18869,"Lamb, Rick",2026-125,2026-01-20,2026,23,0
800,800,30767,"Gabrelcik, Nick",2026-125,2026-01-20,2026,23,0
800,800,27598,"Nicholas, James",2026-125,2026-01-20,2026,23,0
800,800,25213,"Wu, Brandon",2026-125,2026-01-20,2026,29,0
800,800,29327,"Greaser, Austin",2026-125,2026-01-20,2026,29,0
800,800,16786,"Fernandez Valdes, Jorge",2026-125,2026-01-20,2026,29,0
800,800,19948,"Taylor, Ben",2026-125,2026-01-20,2026,29,0
800,800,29347,"Dossey, Cooper",2026-125,2026-01-20,2026,29,0
800,800,30621,"Weiler, Joe",2026-125,2026-01-20,2026,29,0
800,800,26913,"Phillips, Trent",2026-125,2026-01-20,2026,29,0
800,800,30856,"Eichhorn, Hunter",2026-125,2026-01-20,2026,36,0
800,800,24837,"Goodwin, Noah",2026-125,2026-01-20,2026,36,0
800,800,14698,"Bramlett, Joseph",2026-125,2026-01-20,2026,36,0
800,800,13831,"Knox, Russell",2026-125,2026-01-20,2026,36,0
800,800,18059,"Suri, Julian",2026-125,2026-01-20,2026,36,0
800,800,32312,"Sherwood, Cole",2026-125,2026-01-20,2026,41,0
800,800,27420,"Dickson, Taylor",2026-125,2026-01-20,2026,41,0
800,800,12424,"Summerhays, Daniel",2026-125,2026-01-20,2026,41,0
800,800,19865,"Hardy, Nick",2026-125,2026-01-20,2026,41,0
800,800,23599,"Westmoreland, Kyle",2026-125,2026-01-20,2026,41,0
800,800,24562,"Knowles, Philip",2026-125,2026-01-20,2026,41,0
800,800,22461,"White, Brett",2026-125,2026-01-20,2026,41,0
800,800,31257,"Hitchner, Derek",2026-125,2026-01-20,2026,48,0
800,800,26656,"Feagles, Michael",2026-125,2026-01-20,2026,48,0
800,800,26013,"Nimmer, Bryson",2026-125,2026-01-20,2026,48,0
800,800,29163,"Card III, Jay",2026-125,2026-01-20,2026,51,0
800,800,18571,"Macdonald, Stuart",2026-125,2026-01-20,2026,51,0
800,800,12425,"Todd, Brendon",2026-125,2026-01-20,2026,51,0
800,800,12232,"Ishikawa, Ryo",2026-125,2026-01-20,2026,51,0
800,800,15427,"Harkins, Brandon",2026-125,2026-01-20,2026,55,0
800,800,10423,"Brehm, Ryan",2026-125,2026-01-20,2026,55,0
800,800,27820,"Pak, John",2026-125,2026-01-20,2026,57,0
800,800,24481,"Redman, Doc",2026-125,2026-01-20,2026,58,0
800,800,29318,"McAllister, Logan",2026-125,2026-01-20,2026,59,0
800,800,26190,"Ortiz, Alvaro",2026-125,2026-01-20,2026,59,0
800,800,24490,"Galletti, Nicolo",2026-125,2026-01-20,2026,61,0
800,800,31285,"Lewis, Bryce",2026-125,2026-01-20,2026,61,0
800,800,31192,"Steelman, Ross",2026-125,2026-01-20,2026,63,0
800,800,33949,"Bacha, Carson",2026-125,2026-01-20,2026,64,0
800,800,32333,"Buchanan, Jackson",2026-125,2026-01-20,2026,65,0
800,800,25263,"Onishi, Kaito",2026-125,2026-01-20,2026,65,0
800,800,26746,"Summerhays, Preston",2026-125,2026-01-20,2026,67,0
800,800,31251,"Winstead, Trey",2026-125,2026-01-20,2026,68,0
800,800,14002,"Alexander, Tyson",2026-125,2026-01-20,2026,68,0
800,800,27870,"Coody, Parker",2026-125,2026-01-20,2026,68,0
800,800,30429,"Welch, Patrick",2026-125,2026-01-20,2026,68,0
800,800,23231,"Maichon, Phichaksn",2026-125,2026-01-20,2026,68,0
800,800,18187,"Duncan, Tyler",2026-125,2026-01-20,2026,68,0
800,800,25771,"Furr, Wilson",2026-125,2026-01-20,2026,68,0
800,800,6931,"Byrd, Jonathan",2026-125,2026-01-20,2026,68,0
800,800,26953,"Gilligan, Ian",2026-125,2026-01-20,2026,68,0
800,800,17422,"Del Solar, Cristobal",2026-125,2026-01-20,2026,68,0
800,800,30892,"Riedel, Matthew",2026-125,2026-01-20,2026,68,0
800,800,33160,"Marzilio, Vicente",2026-125,2026-01-20,2026,68,0
800,800,27762,"Velo, Kevin",2026-125,2026-01-20,2026,68,0
800,800,29970,"Menante, Dylan",2026-125,2026-01-20,2026,68,0
800,800,16492,"Nesbitt, Drew",2026-125,2026-01-20,2026,68,0
800,800,25091,"Choi, Sam",2026-125,2026-01-20,2026,68,0
800,800,14050,"Sloan, Roger",2026-125,2026-01-20,2026,68,0
800,800,22919,"Cannon, Will",2026-125,2026-01-20,2026,68,0
800,800,18933,"Gandon, Jeremy",2026-125,2026-01-20,2026,68,0
800,800,8002,"Oppenheim, Rob",2026-125,2026-01-20,2026,68,0
800,800,33942,"Stewart, Dillon",2026-125,2026-01-20,2026,68,0
800,800,15120,"Johnson, Michael",2026-125,2026-01-20,2026,68,0
800,800,17276,"Sullivan, Ryan",2026-125,2026-01-20,2026,68,0
800,800,31887,"Berry, Brandon",2026-125,2026-01-20,2026,68,0
800,800,33488,"Song, James",2026-125,2026-01-20,2026,68,0
800,800,8199,"Levin, Spencer",2026-125,2026-01-20,2026,68,0
800,800,7961,"Reavie, Chez",2026-125,2026-01-20,2026,68,0
800,800,13342,"Gibson, Rhein",2026-125,2026-01-20,2026,68,0
800,800,17266,"Yuan, Carl",2026-125,2026-01-20,2026,68,0
800,800,27600,"Kuest, Peter",2026-125,2026-01-20,2026,68,0
800,800,23540,"Andersen, Mason",2026-125,2026-01-20,2026,68,0
800,800,31272,"Sewell, Chad",2026-125,2026-01-20,2026,68,0
800,800,22986,"Tuten, Shad",2026-125,2026-01-20,2026,68,0
800,800,25081,"Humphrey, Theo",2026-125,2026-01-20,2026,68,0
800,800,9586,"Laird, Martin",2026-125,2026-01-20,2026,68,0
800,800,21234,"Thomas, Rayhan",2026-125,2026-01-20,2026,68,0
800,800,26124,"Korte, Chris",2026-125,2026-01-20,2026,68,0
800,800,28355,"Anderson, Samuel",2026-125,2026-01-20,2026,68,0
800,800,28471,"Shore, Davis",2026-125,2026-01-20,2026,68,0
800,800,32462,"Butler, John Marshall",2026-125,2026-01-20,2026,68,0
800,800,26617,"Anderson, Matthew",2026-125,2026-01-20,2026,68,0
800,800,31161,"Burnett, Ryan",2026-125,2026-01-20,2026,68,0
800,800,18164,"Wolfe, Jared",2026-125,2026-01-20,2026,68,0
800,800,10498,"Overton, Jeff",2026-125,2026-01-20,2026,68,0
800,800,16433,"NeSmith, Matt",2026-125,2026-01-20,2026,68,0
800,800,23482,"Sigg, Greyson",2026-125,2026-01-20,2026,68,0
800,800,24354,"Xiong, Norman",2026-125,2026-01-20,2026,68,0
800,800,16341,"Peterson, Paul",2026-125,2026-01-20,2026,68,0
800,800,16566,"Barjon, Paul",2026-125,2026-01-20,2026,68,0
800,800,31586,"Leach, Tyler",2026-125,2026-01-20,2026,68,0
800,800,29188,"Salzer, Christian",2026-125,2026-01-20,2026,68,0
800,800,21880,"Cone, Trevor",2026-125,2026-01-20,2026,68,0
800,800,22981,"Matthews, Brandon",2026-125,2026-01-20,2026,68,0
800,800,8085,"Teater, Josh",2026-125,2026-01-20,2026,68,0
800,800,29684,"Infanti, Nick",2026-125,2026-01-20,2026,68,0
800,800,18635,"Shelton, Robby",2026-125,2026-01-20,2026,68,0
800,800,10873,"Skinns, David",2026-125,2026-01-20,2026,68,0
800,800,28587,"Perkins, David",2026-125,2026-01-20,2026,68,0
800,800,31212,"Chandler, Will",2026-125,2026-01-20,2026,68,0
800,800,34859,"Gorospe, Aidan",2026-125,2026-01-20,2026,68,0
114,114,27420,"Dickson, Taylor",2026-124,2026-01-13,2026,1,0
114,114,14050,"Sloan, Roger",2026-124,2026-01-13,2026,2,0
114,114,10498,"Overton, Jeff",2026-124,2026-01-13,2026,3,0
114,114,26913,"Phillips, Trent",2026-124,2026-01-13,2026,3,0
114,114,23540,"Andersen, Mason",2026-124,2026-01-13,2026,3,0
114,114,32312,"Sherwood, Cole",2026-124,2026-01-13,2026,6,0
114,114,30856,"Eichhorn, Hunter",2026-124,2026-01-13,2026,6,0
114,114,26013,"Nimmer, Bryson",2026-124,2026-01-13,2026,6,0
114,114,29347,"Dossey, Cooper",2026-124,2026-01-13,2026,6,0
114,114,29318,"McAllister, Logan",2026-124,2026-01-13,2026,6,0
114,114,16786,"Fernandez Valdes, Jorge",2026-124,2026-01-13,2026,6,0
114,114,29970,"Menante, Dylan",2026-124,2026-01-13,2026,6,0
114,114,21880,"Cone, Trevor",2026-124,2026-01-13,2026,13,0
114,114,31392,"VanArragon, Caleb",2026-124,2026-01-13,2026,13,0
114,114,14007,"Martin, Ben",2026-124,2026-01-13,2026,13,0
114,114,15120,"Johnson, Michael",2026-124,2026-01-13,2026,16,0
114,114,10873,"Skinns, David",2026-124,2026-01-13,2026,16,0
114,114,11082,"Burgoon, Bronson",2026-124,2026-01-13,2026,16,0
114,114,16341,"Peterson, Paul",2026-124,2026-01-13,2026,19,0
114,114,29163,"Card III, Jay",2026-124,2026-01-13,2026,19,0
114,114,16395,"Kohles, Ben",2026-124,2026-01-13,2026,19,0
114,114,25036,"Holt, Ian",2026-124,2026-01-13,2026,22,0
114,114,19360,"Atkins, Matt",2026-124,2026-01-13,2026,22,0
114,114,29324,"Lamb, Davis",2026-124,2026-01-13,2026,22,0
114,114,26656,"Feagles, Michael",2026-124,2026-01-13,2026,22,0
114,114,32473,"Botha, Barend",2026-124,2026-01-13,2026,22,0
114,114,18869,"Lamb, Rick",2026-124,2026-01-13,2026,22,0
114,114,18571,"Macdonald, Stuart",2026-124,2026-01-13,2026,28,0
114,114,19864,"Hammer, Cole",2026-124,2026-01-13,2026,28,0
114,114,15004,"Kim, Chan",2026-124,2026-01-13,2026,28,0
114,114,27820,"Pak, John",2026-124,2026-01-13,2026,28,0
114,114,14140,"Higgs, Harry",2026-124,2026-01-13,2026,28,0
114,114,31960,"Hastings, Justin",2026-124,2026-01-13,2026,33,0
114,114,19865,"Hardy, Nick",2026-124,2026-01-13,2026,33,0
114,114,32333,"Buchanan, Jackson",2026-124,2026-01-13,2026,33,0
114,114,21234,"Thomas, Rayhan",2026-124,2026-01-13,2026,33,0
114,114,25263,"Onishi, Kaito",2026-124,2026-01-13,2026,33,0
114,114,26190,"Ortiz, Alvaro",2026-124,2026-01-13,2026,33,0
114,114,21995,"Springer, Hayden",2026-124,2026-01-13,2026,39,0
114,114,28355,"Anderson, Samuel",2026-124,2026-01-13,2026,39,0
114,114,31251,"Winstead, Trey",2026-124,2026-01-13,2026,39,0
114,114,30767,"Gabrelcik, Nick",2026-124,2026-01-13,2026,39,0
114,114,28471,"Shore, Davis",2026-124,2026-01-13,2026,39,0
114,114,31586,"Leach, Tyler",2026-124,2026-01-13,2026,44,0
114,114,32462,"Butler, John Marshall",2026-124,2026-01-13,2026,44,0
114,114,22050,"Suh, Justin",2026-124,2026-01-13,2026,44,0
114,114,25363,"Buckley, Hayden",2026-124,2026-01-13,2026,44,0
114,114,22087,"Paul, Jeremy",2026-124,2026-01-13,2026,44,0
114,114,24481,"Redman, Doc",2026-124,2026-01-13,2026,44,0
114,114,31285,"Lewis, Bryce",2026-124,2026-01-13,2026,44,0
114,114,19948,"Taylor, Ben",2026-124,2026-01-13,2026,51,0
114,114,17381,"Silverman, Ben",2026-124,2026-01-13,2026,51,0
114,114,22981,"Matthews, Brandon",2026-124,2026-01-13,2026,51,0
114,114,27762,"Velo, Kevin",2026-124,2026-01-13,2026,51,0
114,114,14698,"Bramlett, Joseph",2026-124,2026-01-13,2026,51,0
114,114,10423,"Brehm, Ryan",2026-124,2026-01-13,2026,51,0
114,114,9171,"Villegas, Camilo",2026-124,2026-01-13,2026,51,0
114,114,12232,"Ishikawa, Ryo",2026-124,2026-01-13,2026,58,0
114,114,27870,"Coody, Parker",2026-124,2026-01-13,2026,58,0
114,114,27598,"Nicholas, James",2026-124,2026-01-13,2026,58,0
114,114,31272,"Sewell, Chad",2026-124,2026-01-13,2026,58,0
114,114,25213,"Wu, Brandon",2026-124,2026-01-13,2026,58,0
114,114,23708,"Scott, Sandy",2026-124,2026-01-13,2026,58,0
114,114,26660,"Gordon, Will",2026-124,2026-01-13,2026,58,0
114,114,22461,"White, Brett",2026-124,2026-01-13,2026,58,0
114,114,24490,"Galletti, Nicolo",2026-124,2026-01-13,2026,66,0
114,114,29800,"Hillier, Harry",2026-124,2026-01-13,2026,66,0
114,114,25442,"Montgomery, Taylor",2026-124,2026-01-13,2026,68,0
114,114,33160,"Marzilio, Vicente",2026-124,2026-01-13,2026,69,0
114,114,22986,"Tuten, Shad",2026-124,2026-01-13,2026,70,0
114,114,13831,"Knox, Russell",2026-124,2026-01-13,2026,70,0
114,114,24562,"Knowles, Philip",2026-124,2026-01-13,2026,70,0
114,114,23656,"Young, Carson",2026-124,2026-01-13,2026,70,0
114,114,32152,"Brown, Blades",2026-124,2026-01-13,2026,71,0
114,114,16566,"Barjon, Paul",2026-124,2026-01-13,2026,71,0
114,114,33942,"Stewart, Dillon",2026-124,2026-01-13,2026,71,0
114,114,18579,"Cook, Austin",2026-124,2026-01-13,2026,71,0
114,114,18635,"Shelton, Robby",2026-124,2026-01-13,2026,71,0
114,114,16433,"NeSmith, Matt",2026-124,2026-01-13,2026,71,0
114,114,23599,"Westmoreland, Kyle",2026-124,2026-01-13,2026,71,0
114,114,18933,"Gandon, Jeremy",2026-124,2026-01-13,2026,71,0
114,114,25081,"Humphrey, Theo",2026-124,2026-01-13,2026,71,0
114,114,13342,"Gibson, Rhein",2026-124,2026-01-13,2026,71,0
114,114,26953,"Gilligan, Ian",2026-124,2026-01-13,2026,71,0
114,114,31887,"Berry, Brandon",2026-124,2026-01-13,2026,71,0
114,114,25771,"Furr, Wilson",2026-124,2026-01-13,2026,71,0
114,114,18059,"Suri, Julian",2026-124,2026-01-13,2026,71,0
114,114,17422,"Del Solar, Cristobal",2026-124,2026-01-13,2026,71,0
114,114,27600,"Kuest, Peter",2026-124,2026-01-13,2026,71,0
114,114,11594,"McCarthy, Dan",2026-124,2026-01-13,2026,71,0
114,114,31192,"Steelman, Ross",2026-124,2026-01-13,2026,71,0
114,114,8002,"Oppenheim, Rob",2026-124,2026-01-13,2026,71,0
114,114,23231,"Maichon, Phichaksn",2026-124,2026-01-13,2026,71,0
114,114,30892,"Riedel, Matthew",2026-124,2026-01-13,2026,71,0
114,114,21412,"Capan III, Frankie",2026-124,2026-01-13,2026,71,0
114,114,31212,"Chandler, Will",2026-124,2026-01-13,2026,71,0
114,114,29684,"Infanti, Nick",2026-124,2026-01-13,2026,71,0
114,114,23048,"Stanger, Jimmy",2026-124,2026-01-13,2026,71,0
114,114,30621,"Weiler, Joe",2026-124,2026-01-13,2026,71,0
114,114,26126,"Meissner, Mitchell",2026-124,2026-01-13,2026,71,0
114,114,25091,"Choi, Sam",2026-124,2026-01-13,2026,71,0
114,114,34841,"Meisel, Marshall",2026-124,2026-01-13,2026,71,0
114,114,29188,"Salzer, Christian",2026-124,2026-01-13,2026,71,0
114,114,14776,"Cappelen, Sebastian",2026-124,2026-01-13,2026,71,0
114,114,23542,"Champ, Cameron",2026-124,2026-01-13,2026,71,0
114,114,33949,"Bacha, Carson",2026-124,2026-01-13,2026,71,0
114,114,28542,"Hitt, Austin",2026-124,2026-01-13,2026,71,0
114,114,28587,"Perkins, David",2026-124,2026-01-13,2026,71,0
114,114,9586,"Laird, Martin",2026-124,2026-01-13,2026,71,0
114,114,30623,"Riley, Cameron",2026-124,2026-01-13,2026,71,0
114,114,24354,"Xiong, Norman",2026-124,2026-01-13,2026,71,0
114,114,26143,"Creighton, Myles",2026-124,2026-01-13,2026,71,0
114,114,17276,"Sullivan, Ryan",2026-124,2026-01-13,2026,71,0
114,114,31257,"Hitchner, Derek",2026-124,2026-01-13,2026,71,0
114,114,18187,"Duncan, Tyler",2026-124,2026-01-13,2026,71,0
114,114,8199,"Levin, Spencer",2026-124,2026-01-13,2026,71,0
114,114,16492,"Nesbitt, Drew",2026-124,2026-01-13,2026,71,0
114,114,12425,"Todd, Brendon",2026-124,2026-01-13,2026,71,0
114,114,26746,"Summerhays, Preston",2026-124,2026-01-13,2026,71,0
114,114,8085,"Teater, Josh",2026-124,2026-01-13,2026,71,0
114,114,19869,"Maguire, Jack",2026-124,2026-01-13,2026,71,0
114,114,26617,"Anderson, Matthew",2026-124,2026-01-13,2026,71,0
114,114,14002,"Alexander, Tyson",2026-124,2026-01-13,2026,71,0
114,114,33488,"Song, James",2026-124,2026-01-13,2026,71,0
114,114,30429,"Welch, Patrick",2026-124,2026-01-13,2026,71,0
114,114,19738,"Dougherty, Kevin",2026-124,2026-01-13,2026,71,0
114,114,7961,"Reavie, Chez",2026-124,2026-01-13,2026,71,0
114,114,24962,"Docherty, Alistair",2026-124,2026-01-13,2026,71,0
114,114,12424,"Summerhays, Daniel",2026-124,2026-01-13,2026,71,0
114,114,23502,"Thornberry, Braden",2026-124,2026-01-13,2026,71,0
930,930,29197,"Brennan, Michael",2025-554,2025-10-25,2025,1,0
930,930,23504,"Hoey, Rico",2025-554,2025-10-25,2025,2,0
930,930,28309,"Coody, Pierceson",2025-554,2025-10-25,2025,3,0
930,930,17381,"Silverman, Ben",2025-554,2025-10-25,2025,3,0
930,930,13412,"Olesen, Thorbjorn",2025-554,2025-10-25,2025,3,0
930,930,28635,"McCarty, Matt",2025-554,2025-10-25,2025,3,0
930,930,17723,"Lower, Justin",2025-554,2025-10-25,2025,3,0
930,930,31343,"Ford, David",2025-554,2025-10-25,2025,3,0
930,930,8820,"Snedeker, Brandt",2025-554,2025-10-25,2025,9,0
930,930,17538,"Homa, Max",2025-554,2025-10-25,2025,9,0
930,930,11276,"Horschel, Billy",2025-554,2025-10-25,2025,11,0
930,930,23505,"McGreevy, Max",2025-554,2025-10-25,2025,11,0
930,930,16394,"Jaeger, Stephan",2025-554,2025-10-25,2025,11,0
930,930,15651,"Ventura, Kris",2025-554,2025-10-25,2025,11,0
930,930,23482,"Sigg, Greyson",2025-554,2025-10-25,2025,15,0
930,930,17881,"Yu, Kevin",2025-554,2025-10-25,2025,15,0
930,930,29279,"Suber, Jackson",2025-554,2025-10-25,2025,15,0
930,930,26850,"Svensson, Jesper",2025-554,2025-10-25,2025,15,0
930,930,21891,"Kitayama, Kurt",2025-554,2025-10-25,2025,15,0
930,930,24481,"Redman, Doc",2025-554,2025-10-25,2025,20,0
930,930,23502,"Thornberry, Braden",2025-554,2025-10-25,2025,20,0
930,930,21995,"Springer, Hayden",2025-554,2025-10-25,2025,20,0
930,930,17639,"Blair, Zac",2025-554,2025-10-25,2025,20,0
930,930,16395,"Kohles, Ben",2025-554,2025-10-25,2025,20,0
930,930,29767,"Gerard, Ryan",2025-554,2025-10-25,2025,20,0
930,930,9771,"Day, Jason",2025-554,2025-10-25,2025,20,0
930,930,23014,"Theegala, Sahith",2025-554,2025-10-25,2025,27,0
930,930,28159,"Meissner, Mac",2025-554,2025-10-25,2025,27,0
930,930,16283,"Rodgers, Patrick",2025-554,2025-10-25,2025,27,0
930,930,18579,"Cook, Austin",2025-554,2025-10-25,2025,27,0
930,930,33712,"Moss, Sebastian",2025-554,2025-10-25,2025,27,0
930,930,25363,"Buckley, Hayden",2025-554,2025-10-25,2025,27,0
930,930,15980,"Lipsky, David",2025-554,2025-10-25,2025,33,0
930,930,19729,"Kanaya, Takumi",2025-554,2025-10-25,2025,33,0
930,930,13470,"Kizzire, Patton",2025-554,2025-10-25,2025,33,0
930,930,19840,"Ramey, Chad",2025-554,2025-10-25,2025,33,0
930,930,27762,"Velo, Kevin",2025-554,2025-10-25,2025,37,0
930,930,33136,"Stamper, Owen",2025-554,2025-10-25,2025,37,0
930,930,19208,"Endycott, Harrison",2025-554,2025-10-25,2025,37,0
930,930,25908,"Whaley, Vince",2025-554,2025-10-25,2025,37,0
930,930,26649,"Thorbjornsen, Michael",2025-554,2025-10-25,2025,37,0
930,930,7655,"Molinari, Francesco",2025-554,2025-10-25,2025,42,0
930,930,15575,"Hoge, Tom",2025-554,2025-10-25,2025,42,0
930,930,18103,"Bezuidenhout, Christiaan",2025-554,2025-10-25,2025,42,0
930,930,21875,"Widing, Tim",2025-554,2025-10-25,2025,42,0
930,930,27183,"Salinda, Isaiah",2025-554,2025-10-25,2025,42,0
930,930,23542,"Champ, Cameron",2025-554,2025-10-25,2025,47,0
930,930,20730,"Perez, Victor",2025-554,2025-10-25,2025,47,0
930,930,19477,"Schenk, Adam",2025-554,2025-10-25,2025,47,0
930,930,21880,"Cone, Trevor",2025-554,2025-10-25,2025,47,0
930,930,16715,"Ryder, Sam",2025-554,2025-10-25,2025,51,0
930,930,25263,"Onishi, Kaito",2025-554,2025-10-25,2025,51,0
930,930,18761,"Mullinax, Trey",2025-554,2025-10-25,2025,51,0
930,930,22087,"Paul, Jeremy",2025-554,2025-10-25,2025,51,0
930,930,16341,"Peterson, Paul",2025-554,2025-10-25,2025,51,0
930,930,32330,"Clanton, Luke",2025-554,2025-10-25,2025,56,0
930,930,27625,"Howe, Connor",2025-554,2025-10-25,2025,56,0
930,930,13997,"Svensson, Adam",2025-554,2025-10-25,2025,56,0
930,930,10104,"Power, Seamus",2025-554,2025-10-25,2025,59,0
930,930,18424,"Roy, Kevin",2025-554,2025-10-25,2025,60,0
930,930,27996,"Cummins, Quade",2025-554,2025-10-25,2025,61,0
930,930,25003,"Walker, Danny",2025-554,2025-10-25,2025,61,0
930,930,21944,"Moore, Taylor",2025-554,2025-10-25,2025,63,0
930,930,24550,"Ghim, Doug",2025-554,2025-10-25,2025,63,0
930,930,21412,"Capan III, Frankie",2025-554,2025-10-25,2025,65,0
930,930,24304,"Vilips, Karl",2025-554,2025-10-25,2025,66,0
930,930,14140,"Higgs, Harry",2025-554,2025-10-25,2025,67,0
930,930,10419,"Noren, Alex",2025-554,2025-10-25,2025,68,0
930,930,10873,"Skinns, David",2025-554,2025-10-25,2025,68,0
930,930,19865,"Hardy, Nick",2025-554,2025-10-25,2025,68,0
930,930,27819,"Castillo, Ricky",2025-554,2025-10-25,2025,68,0
930,930,24837,"Goodwin, Noah",2025-554,2025-10-25,2025,68,0
930,930,18770,"Rozner, Antoine",2025-554,2025-10-25,2025,68,0
930,930,25157,"Hodges, Lee",2025-554,2025-10-25,2025,68,0
930,930,14509,"Dahmen, Joel",2025-554,2025-10-25,2025,68,0
930,930,12909,"Campos, Rafael",2025-554,2025-10-25,2025,68,0
930,930,23540,"Andersen, Mason",2025-554,2025-10-25,2025,68,0
930,930,13965,"Hadwin, Adam",2025-554,2025-10-25,2025,68,0
930,930,25094,"Fishburn, Patrick",2025-554,2025-10-25,2025,68,0
930,930,14007,"Martin, Ben",2025-554,2025-10-25,2025,68,0
930,930,28270,"Dunlap, Nick",2025-554,2025-10-25,2025,68,0
930,930,27164,"Phillips, Chandler",2025-554,2025-10-25,2025,68,0
930,930,11374,"Hahn, James",2025-554,2025-10-25,2025,68,0
930,930,21235,"Albertson, Anders",2025-554,2025-10-25,2025,68,0
930,930,18634,"McNealy, Maverick",2025-554,2025-10-25,2025,68,0
930,930,7820,"Palmer, Ryan",2025-554,2025-10-25,2025,68,0
930,930,25002,"Wu, Dylan",2025-554,2025-10-25,2025,68,0
930,930,16333,"Hubbard, Mark",2025-554,2025-10-25,2025,68,0
930,930,15004,"Kim, Chan",2025-554,2025-10-25,2025,68,0
930,930,28469,"Highsmith, Joe",2025-554,2025-10-25,2025,68,0
930,930,22736,"Rosenmueller, Thomas",2025-554,2025-10-25,2025,68,0
930,930,24354,"Xiong, Norman",2025-554,2025-10-25,2025,68,0
930,930,26657,"Fisk, Steven",2025-554,2025-10-25,2025,68,0
930,930,22760,"Hisatsune, Ryo",2025-554,2025-10-25,2025,68,0
930,930,14698,"Bramlett, Joseph",2025-554,2025-10-25,2025,68,0
930,930,9586,"Laird, Martin",2025-554,2025-10-25,2025,68,0
930,930,20706,"Wallace, Matt",2025-554,2025-10-25,2025,68,0
930,930,27420,"Dickson, Taylor",2025-554,2025-10-25,2025,68,0
930,930,30049,"Lundell, Carson",2025-554,2025-10-25,2025,68,0
930,930,11451,"Garnett, Brice",2025-554,2025-10-25,2025,68,0
930,930,24562,"Knowles, Philip",2025-554,2025-10-25,2025,68,0
930,930,16433,"NeSmith, Matt",2025-554,2025-10-25,2025,68,0
930,930,15470,"Hossler, Beau",2025-554,2025-10-25,2025,68,0
930,930,14704,"Putnam, Andrew",2025-554,2025-10-25,2025,68,0
930,930,27820,"Pak, John",2025-554,2025-10-25,2025,68,0
930,930,7960,"List, Luke",2025-554,2025-10-25,2025,68,0
930,930,18474,"Smalley, Alex",2025-554,2025-10-25,2025,68,0
930,930,26746,"Summerhays, Preston",2025-554,2025-10-25,2025,68,0
930,930,27364,"Thompson, Davis",2025-554,2025-10-25,2025,68,0
930,930,15067,"Cao, Yi",2025-554,2025-10-25,2025,68,0
930,930,29770,"Mouw, William",2025-554,2025-10-25,2025,68,0
930,930,26660,"Gordon, Will",2025-554,2025-10-25,2025,68,0
930,930,11460,"Manassero, Matteo",2025-554,2025-10-25,2025,68,0
930,930,25442,"Montgomery, Taylor",2025-554,2025-10-25,2025,68,0
930,930,14967,"Hadley, Chesson",2025-554,2025-10-25,2025,68,0
930,930,8480,"Streelman, Kevin",2025-554,2025-10-25,2025,68,0
930,930,11657,"Norlander, Henrik",2025-554,2025-10-25,2025,68,0
930,930,31212,"Chandler, Will",2025-554,2025-10-25,2025,68,0
930,930,7899,"Piercy, Scott",2025-554,2025-10-25,2025,68,0
930,930,30892,"Riedel, Matthew",2025-554,2025-10-25,2025,68,0
930,930,32652,"Akina, Kihei",2025-554,2025-10-25,2025,68,0
930,930,17422,"Del Solar, Cristobal",2025-554,2025-10-25,2025,68,0
930,930,23656,"Young, Carson",2025-554,2025-10-25,2025,68,0
930,930,34648,"Liechty, David",2025-554,2025-10-25,2025,68,0
930,930,33134,"Cohen, Gavin",2025-554,2025-10-25,2025,68,0
930,930,22302,"Sharp, Tommy",2025-554,2025-10-25,2025,68,0
936,936,19895,"Schauffele, Xander",2025-527,2025-10-11,2025,1,0
936,936,23465,"Greyserman, Max",2025-527,2025-10-11,2025,2,0
936,936,26649,"Thorbjornsen, Michael",2025-527,2025-10-11,2025,3,0
936,936,19729,"Kanaya, Takumi",2025-527,2025-10-11,2025,4,0
936,936,23504,"Hoey, Rico",2025-527,2025-10-11,2025,4,0
936,936,24342,"Higgo, Garrick",2025-527,2025-10-11,2025,4,0
936,936,18474,"Smalley, Alex",2025-527,2025-10-11,2025,4,0
936,936,14459,"An, Byeong Hun",2025-527,2025-10-11,2025,4,0
936,936,22833,"Echavarria, Nico",2025-527,2025-10-11,2025,9,0
936,936,20706,"Wallace, Matt",2025-527,2025-10-11,2025,10,0
936,936,17365,"Mitchell, Keith",2025-527,2025-10-11,2025,10,0
936,936,16841,"Lee, Min Woo",2025-527,2025-10-11,2025,10,0
936,936,18103,"Bezuidenhout, Christiaan",2025-527,2025-10-11,2025,10,0
936,936,23602,"Hojgaard, Nicolai",2025-527,2025-10-11,2025,14,0
936,936,23838,"Hojgaard, Rasmus",2025-527,2025-10-11,2025,14,0
936,936,28635,"McCarty, Matt",2025-527,2025-10-11,2025,14,0
936,936,22085,"Morikawa, Collin",2025-527,2025-10-11,2025,14,0
936,936,29770,"Mouw, William",2025-527,2025-10-11,2025,18,0
936,936,15756,"Higa, Kazuki",2025-527,2025-10-11,2025,18,0
936,936,18628,"Campbell, Brian",2025-527,2025-10-11,2025,20,0
936,936,14609,"Kim, Si Woo",2025-527,2025-10-11,2025,20,0
936,936,25739,"Yonezawa, Ren",2025-527,2025-10-11,2025,20,0
936,936,16715,"Ryder, Sam",2025-527,2025-10-11,2025,20,0
936,936,17488,"Im, Sungjae",2025-527,2025-10-11,2025,20,0
936,936,13562,"Matsuyama, Hideki",2025-527,2025-10-11,2025,20,0
936,936,17881,"Yu, Kevin",2025-527,2025-10-11,2025,20,0
936,936,12808,"Grillo, Emiliano",2025-527,2025-10-11,2025,27,0
936,936,6430,"Scott, Adam",2025-527,2025-10-11,2025,27,0
936,936,28159,"Meissner, Mac",2025-527,2025-10-11,2025,27,0
936,936,29767,"Gerard, Ryan",2025-527,2025-10-11,2025,27,0
936,936,23014,"Theegala, Sahith",2025-527,2025-10-11,2025,27,0
936,936,10419,"Noren, Alex",2025-527,2025-10-11,2025,27,0
936,936,27900,"Potgieter, Aldrich",2025-527,2025-10-11,2025,33,0
936,936,23505,"McGreevy, Max",2025-527,2025-10-11,2025,33,0
936,936,28268,"Kaneko, Kota",2025-527,2025-10-11,2025,33,0
936,936,9171,"Villegas, Camilo",2025-527,2025-10-11,2025,36,0
936,936,14502,"Cauley, Bud",2025-527,2025-10-11,2025,36,0
936,936,15470,"Hossler, Beau",2025-527,2025-10-11,2025,36,0
936,936,25569,"Stevens, Sam",2025-527,2025-10-11,2025,36,0
936,936,17538,"Homa, Max",2025-527,2025-10-11,2025,40,0
936,936,24304,"Vilips, Karl",2025-527,2025-10-11,2025,40,0
936,936,27774,"Gotterup, Chris",2025-527,2025-10-11,2025,40,0
936,936,21074,"Nakajima, Keita",2025-527,2025-10-11,2025,40,0
936,936,18424,"Roy, Kevin",2025-527,2025-10-11,2025,40,0
936,936,25157,"Hodges, Lee",2025-527,2025-10-11,2025,40,0
936,936,20722,"Schmid, Matti",2025-527,2025-10-11,2025,46,0
936,936,27183,"Salinda, Isaiah",2025-527,2025-10-11,2025,46,0
936,936,23604,"Clark, Wyndham",2025-527,2025-10-11,2025,48,0
936,936,16333,"Hubbard, Mark",2025-527,2025-10-11,2025,48,0
936,936,21891,"Kitayama, Kurt",2025-527,2025-10-11,2025,48,0
936,936,21756,"Cole, Eric",2025-527,2025-10-11,2025,48,0
936,936,15056,"Horikawa, Mikumu",2025-527,2025-10-11,2025,52,0
936,936,15980,"Lipsky, David",2025-527,2025-10-11,2025,52,0
936,936,11276,"Horschel, Billy",2025-527,2025-10-11,2025,54,0
936,936,25263,"Onishi, Kaito",2025-527,2025-10-11,2025,54,0
936,936,21944,"Moore, Taylor",2025-527,2025-10-11,2025,56,0
936,936,17543,"Kim, Michael",2025-527,2025-10-11,2025,56,0
936,936,24766,"Kim, Tom",2025-527,2025-10-11,2025,56,0
936,936,26653,"Eckroat, Austin",2025-527,2025-10-11,2025,56,0
936,936,19681,"Semikawa, Taiga",2025-527,2025-10-11,2025,60,0
936,936,25908,"Whaley, Vince",2025-527,2025-10-11,2025,60,0
936,936,17401,"Konishi, Takanori",2025-527,2025-10-11,2025,62,0
936,936,16283,"Rodgers, Patrick",2025-527,2025-10-11,2025,62,0
936,936,25094,"Fishburn, Patrick",2025-527,2025-10-11,2025,62,0
936,936,21921,"Shogenji, Tatsunori",2025-527,2025-10-11,2025,65,0
936,936,14704,"Putnam, Andrew",2025-527,2025-10-11,2025,65,0
936,936,27294,"Kobayashi, Taiga",2025-527,2025-10-11,2025,67,0
936,936,13531,"Kodaira, Satoshi",2025-527,2025-10-11,2025,67,0
936,936,12232,"Ishikawa, Ryo",2025-527,2025-10-11,2025,69,0
936,936,28469,"Highsmith, Joe",2025-527,2025-10-11,2025,69,0
936,936,14509,"Dahmen, Joel",2025-527,2025-10-11,2025,69,0
936,936,22760,"Hisatsune, Ryo",2025-527,2025-10-11,2025,72,0
936,936,23816,"Valimaki, Sami",2025-527,2025-10-11,2025,72,0
936,936,12577,"Woodland, Gary",2025-527,2025-10-11,2025,72,0
936,936,25003,"Walker, Danny",2025-527,2025-10-11,2025,75,0
936,936,11089,"Nakanishi, Naoto",2025-527,2025-10-11,2025,76,0
936,936,22844,"Kawamoto, Riki",2025-527,2025-10-11,2025,77,0
936,936,19872,"Riley, Davis",2025-527,2025-10-11,2025,78,0
91,91,24956,"Blanchet, Chandler",2025-45,2025-10-11,2025,1,0
91,91,32473,"Botha, Barend",2025-45,2025-10-11,2025,2,0
91,91,30621,"Weiler, Joe",2025-45,2025-10-11,2025,3,0
91,91,32055,"Shipley, Neal",2025-45,2025-10-11,2025,3,0
91,91,26913,"Phillips, Trent",2025-45,2025-10-11,2025,5,0
91,91,18571,"Macdonald, Stuart",2025-45,2025-10-11,2025,6,0
91,91,21943,"Lebioda, Hank",2025-45,2025-10-11,2025,6,0
91,91,24343,"Lamprecht, Christo",2025-45,2025-10-11,2025,8,0
91,91,24490,"Galletti, Nicolo",2025-45,2025-10-11,2025,8,0
91,91,23708,"Scott, Sandy",2025-45,2025-10-11,2025,8,0
91,91,29347,"Dossey, Cooper",2025-45,2025-10-11,2025,11,0
91,91,32457,"Keefer, Johnny",2025-45,2025-10-11,2025,12,0
91,91,14776,"Cappelen, Sebastian",2025-45,2025-10-11,2025,12,0
91,91,28309,"Coody, Pierceson",2025-45,2025-10-11,2025,12,0
91,91,18933,"Gandon, Jeremy",2025-45,2025-10-11,2025,12,0
91,91,31392,"VanArragon, Caleb",2025-45,2025-10-11,2025,12,0
91,91,21688,"Kim, S.H.",2025-45,2025-10-11,2025,12,0
91,91,22002,"Dumont de Chassart, Adrien",2025-45,2025-10-11,2025,18,0
91,91,32152,"Brown, Blades",2025-45,2025-10-11,2025,18,0
91,91,18869,"Lamb, Rick",2025-45,2025-10-11,2025,18,0
91,91,11117,"Noh, S.Y.",2025-45,2025-10-11,2025,18,0
91,91,30620,"Chatfield, Davis",2025-45,2025-10-11,2025,18,0
91,91,16757,"Dou, Zecheng",2025-45,2025-10-11,2025,18,0
91,91,16162,"Lee, S.T.",2025-45,2025-10-11,2025,24,0
91,91,21889,"Kang, Jeffrey",2025-45,2025-10-11,2025,24,0
91,91,8085,"Teater, Josh",2025-45,2025-10-11,2025,24,0
91,91,31192,"Steelman, Ross",2025-45,2025-10-11,2025,24,0
91,91,18187,"Duncan, Tyler",2025-45,2025-10-11,2025,24,0
91,91,29925,"Yellamaraju, Sudarshan",2025-45,2025-10-11,2025,24,0
91,91,24962,"Docherty, Alistair",2025-45,2025-10-11,2025,24,0
91,91,22050,"Suh, Justin",2025-45,2025-10-11,2025,31,0
91,91,28016,"Gonzalez, Emilio",2025-45,2025-10-11,2025,31,0
91,91,29970,"Menante, Dylan",2025-45,2025-10-11,2025,31,0
91,91,25002,"Wu, Dylan",2025-45,2025-10-11,2025,31,0
91,91,19948,"Taylor, Ben",2025-45,2025-10-11,2025,31,0
91,91,27598,"Nicholas, James",2025-45,2025-10-11,2025,31,0
91,91,26126,"Meissner, Mitchell",2025-45,2025-10-11,2025,37,0
91,91,19864,"Hammer, Cole",2025-45,2025-10-11,2025,37,0
91,91,25771,"Furr, Wilson",2025-45,2025-10-11,2025,37,0
91,91,27600,"Kuest, Peter",2025-45,2025-10-11,2025,37,0
91,91,22985,"Smotherman, Austin",2025-45,2025-10-11,2025,41,0
91,91,22986,"Tuten, Shad",2025-45,2025-10-11,2025,41,0
91,91,19846,"Bauchou, Zach",2025-45,2025-10-11,2025,43,0
91,91,28677,"Anderson, Samuel",2025-45,2025-10-11,2025,43,0
91,91,26143,"Creighton, Myles",2025-45,2025-10-11,2025,43,0
91,91,26617,"Anderson, Matthew",2025-45,2025-10-11,2025,46,0
91,91,25319,"VanDerLaan, John",2025-45,2025-10-11,2025,46,0
91,91,32312,"Sherwood, Cole",2025-45,2025-10-11,2025,46,0
91,91,31251,"Winstead, Trey",2025-45,2025-10-11,2025,46,0
91,91,18059,"Suri, Julian",2025-45,2025-10-11,2025,46,0
91,91,16786,"Fernandez Valdes, Jorge",2025-45,2025-10-11,2025,46,0
91,91,25036,"Holt, Ian",2025-45,2025-10-11,2025,46,0
91,91,16591,"Rozo, Marcelo",2025-45,2025-10-11,2025,46,0
91,91,25475,"Nyholm, Pontus",2025-45,2025-10-11,2025,54,0
91,91,32445,"James, Zach",2025-45,2025-10-11,2025,55,0
91,91,28471,"Shore, Davis",2025-45,2025-10-11,2025,55,0
91,91,13831,"Knox, Russell",2025-45,2025-10-11,2025,55,0
91,91,31285,"Lewis, Bryce",2025-45,2025-10-11,2025,58,0
91,91,18635,"Shelton, Robby",2025-45,2025-10-11,2025,58,0
91,91,19738,"Dougherty, Kevin",2025-45,2025-10-11,2025,60,0
91,91,29318,"McAllister, Logan",2025-45,2025-10-11,2025,61,0
91,91,26013,"Nimmer, Bryson",2025-45,2025-10-11,2025,61,0
91,91,29348,"Hale, Jr., Blaine",2025-45,2025-10-11,2025,63,0
91,91,23599,"Westmoreland, Kyle",2025-45,2025-10-11,2025,63,0
91,91,15120,"Johnson, Michael",2025-45,2025-10-11,2025,65,0
91,91,26190,"Ortiz, Alvaro",2025-45,2025-10-11,2025,65,0
91,91,29800,"Hillier, Harry",2025-45,2025-10-11,2025,67,0
91,91,20954,"Hirata, Kensei",2025-45,2025-10-11,2025,68,0
91,91,30767,"Gabrelcik, Nick",2025-45,2025-10-11,2025,69,0
91,91,8002,"Oppenheim, Rob",2025-45,2025-10-11,2025,70,0
91,91,30429,"Welch, Patrick",2025-45,2025-10-11,2025,70,0
91,91,28542,"Hitt, Austin",2025-45,2025-10-11,2025,70,0
91,91,14002,"Alexander, Tyson",2025-45,2025-10-11,2025,73,0
746,746,26657,"Fisk, Steven",2025-54,2025-10-04,2025,1,0
746,746,24342,"Higgo, Garrick",2025-54,2025-10-04,2025,2,0
746,746,25003,"Walker, Danny",2025-54,2025-10-04,2025,3,0
746,746,23838,"Hojgaard, Rasmus",2025-54,2025-10-04,2025,3,0
746,746,25908,"Whaley, Vince",2025-54,2025-10-04,2025,3,0
746,746,21412,"Capan III, Frankie",2025-54,2025-10-04,2025,6,0
746,746,18103,"Bezuidenhout, Christiaan",2025-54,2025-10-04,2025,6,0
746,746,25442,"Montgomery, Taylor",2025-54,2025-10-04,2025,6,0
746,746,24481,"Redman, Doc",2025-54,2025-10-04,2025,9,0
746,746,21756,"Cole, Eric",2025-54,2025-10-04,2025,9,0
746,746,17881,"Yu, Kevin",2025-54,2025-10-04,2025,11,0
746,746,24766,"Kim, Tom",2025-54,2025-10-04,2025,11,0
746,746,20730,"Perez, Victor",2025-54,2025-10-04,2025,11,0
746,746,28309,"Coody, Pierceson",2025-54,2025-10-04,2025,14,0
746,746,28159,"Meissner, Mac",2025-54,2025-10-04,2025,14,0
746,746,20722,"Schmid, Matti",2025-54,2025-10-04,2025,14,0
746,746,13412,"Olesen, Thorbjorn",2025-54,2025-10-04,2025,14,0
746,746,6169,"Kuchar, Matt",2025-54,2025-10-04,2025,18,0
746,746,18424,"Roy, Kevin",2025-54,2025-10-04,2025,18,0
746,746,17538,"Homa, Max",2025-54,2025-10-04,2025,18,0
746,746,15651,"Ventura, Kris",2025-54,2025-10-04,2025,21,0
746,746,19477,"Schenk, Adam",2025-54,2025-10-04,2025,21,0
746,746,11451,"Garnett, Brice",2025-54,2025-10-04,2025,21,0
746,746,24837,"Goodwin, Noah",2025-54,2025-10-04,2025,21,0
746,746,16433,"NeSmith, Matt",2025-54,2025-10-04,2025,21,0
746,746,19729,"Kanaya, Takumi",2025-54,2025-10-04,2025,21,0
746,746,27364,"Thompson, Davis",2025-54,2025-10-04,2025,21,0
746,746,23482,"Sigg, Greyson",2025-54,2025-10-04,2025,21,0
746,746,32330,"Clanton, Luke",2025-54,2025-10-04,2025,29,0
746,746,21554,"Poston, J.T.",2025-54,2025-10-04,2025,29,0
746,746,22736,"Rosenmueller, Thomas",2025-54,2025-10-04,2025,29,0
746,746,6986,"Johnson, Zach",2025-54,2025-10-04,2025,29,0
746,746,14459,"An, Byeong Hun",2025-54,2025-10-04,2025,29,0
746,746,16715,"Ryder, Sam",2025-54,2025-10-04,2025,29,0
746,746,26649,"Thorbjornsen, Michael",2025-54,2025-10-04,2025,29,0
746,746,7960,"List, Luke",2025-54,2025-10-04,2025,29,0
746,746,18761,"Mullinax, Trey",2025-54,2025-10-04,2025,29,0
746,746,25157,"Hodges, Lee",2025-54,2025-10-04,2025,38,0
746,746,16333,"Hubbard, Mark",2025-54,2025-10-04,2025,38,0
746,746,25094,"Fishburn, Patrick",2025-54,2025-10-04,2025,38,0
746,746,30814,"Sargent, Gordon",2025-54,2025-10-04,2025,38,0
746,746,33955,"Meeks, Kye",2025-54,2025-10-04,2025,38,0
746,746,23656,"Young, Carson",2025-54,2025-10-04,2025,38,0
746,746,28270,"Dunlap, Nick",2025-54,2025-10-04,2025,44,0
746,746,27164,"Phillips, Chandler",2025-54,2025-10-04,2025,44,0
746,746,31343,"Ford, David",2025-54,2025-10-04,2025,44,0
746,746,16394,"Jaeger, Stephan",2025-54,2025-10-04,2025,44,0
746,746,22760,"Hisatsune, Ryo",2025-54,2025-10-04,2025,48,0
746,746,10104,"Power, Seamus",2025-54,2025-10-04,2025,48,0
746,746,8480,"Streelman, Kevin",2025-54,2025-10-04,2025,48,0
746,746,15980,"Lipsky, David",2025-54,2025-10-04,2025,48,0
746,746,22087,"Paul, Jeremy",2025-54,2025-10-04,2025,48,0
746,746,18105,"Lawrence, Thriston",2025-54,2025-10-04,2025,48,0
746,746,26850,"Svensson, Jesper",2025-54,2025-10-04,2025,48,0
746,746,14140,"Higgs, Harry",2025-54,2025-10-04,2025,55,0
746,746,24550,"Ghim, Doug",2025-54,2025-10-04,2025,55,0
746,746,31212,"Chandler, Will",2025-54,2025-10-04,2025,55,0
746,746,11441,"Covello, Vince",2025-54,2025-10-04,2025,55,0
746,746,25363,"Buckley, Hayden",2025-54,2025-10-04,2025,55,0
746,746,21875,"Widing, Tim",2025-54,2025-10-04,2025,60,0
746,746,15004,"Kim, Chan",2025-54,2025-10-04,2025,60,0
746,746,27996,"Cummins, Quade",2025-54,2025-10-04,2025,62,0
746,746,12909,"Campos, Rafael",2025-54,2025-10-04,2025,62,0
746,746,23502,"Thornberry, Braden",2025-54,2025-10-04,2025,64,0
746,746,24354,"Xiong, Norman",2025-54,2025-10-04,2025,64,0
746,746,17550,"van Rooyen, Erik",2025-54,2025-10-04,2025,66,0
746,746,21235,"Albertson, Anders",2025-54,2025-10-04,2025,67,0
746,746,17422,"Del Solar, Cristobal",2025-54,2025-10-04,2025,68,0
746,746,27819,"Castillo, Ricky",2025-54,2025-10-04,2025,68,0
746,746,19840,"Ramey, Chad",2025-54,2025-10-04,2025,68,0
746,746,7655,"Molinari, Francesco",2025-54,2025-10-04,2025,68,0
746,746,27420,"Dickson, Taylor",2025-54,2025-10-04,2025,68,0
746,746,19872,"Riley, Davis",2025-54,2025-10-04,2025,68,0
746,746,25263,"Onishi, Kaito",2025-54,2025-10-04,2025,68,0
746,746,21944,"Moore, Taylor",2025-54,2025-10-04,2025,68,0
746,746,23505,"McGreevy, Max",2025-54,2025-10-04,2025,68,0
746,746,8820,"Snedeker, Brandt",2025-54,2025-10-04,2025,68,0
746,746,29433,"Bridgeman, Jacob",2025-54,2025-10-04,2025,68,0
746,746,17365,"Mitchell, Keith",2025-54,2025-10-04,2025,68,0
746,746,11460,"Manassero, Matteo",2025-54,2025-10-04,2025,68,0
746,746,15556,"Hughes, Mackenzie",2025-54,2025-10-04,2025,68,0
746,746,14509,"Dahmen, Joel",2025-54,2025-10-04,2025,68,0
746,746,21995,"Springer, Hayden",2025-54,2025-10-04,2025,68,0
746,746,13470,"Kizzire, Patton",2025-54,2025-10-04,2025,68,0
746,746,14698,"Bramlett, Joseph",2025-54,2025-10-04,2025,68,0
746,746,20706,"Wallace, Matt",2025-54,2025-10-04,2025,68,0
746,746,21880,"Cone, Trevor",2025-54,2025-10-04,2025,68,0
746,746,29279,"Suber, Jackson",2025-54,2025-10-04,2025,68,0
746,746,14007,"Martin, Ben",2025-54,2025-10-04,2025,68,0
746,746,15330,"Griffin, Lanto",2025-54,2025-10-04,2025,68,0
746,746,7899,"Piercy, Scott",2025-54,2025-10-04,2025,68,0
746,746,23602,"Hojgaard, Nicolai",2025-54,2025-10-04,2025,68,0
746,746,14704,"Putnam, Andrew",2025-54,2025-10-04,2025,68,0
746,746,23816,"Valimaki, Sami",2025-54,2025-10-04,2025,68,0
746,746,23542,"Champ, Cameron",2025-54,2025-10-04,2025,68,0
746,746,7301,"Dufner, Jason",2025-54,2025-10-04,2025,68,0
746,746,22051,"Wise, Aaron",2025-54,2025-10-04,2025,68,0
746,746,10873,"Skinns, David",2025-54,2025-10-04,2025,68,0
746,746,16841,"Lee, Min Woo",2025-54,2025-10-04,2025,68,0
746,746,16283,"Rodgers, Patrick",2025-54,2025-10-04,2025,68,0
746,746,26660,"Gordon, Will",2025-54,2025-10-04,2025,68,0
746,746,19960,"Pavon, Matthieu",2025-54,2025-10-04,2025,68,0
746,746,12808,"Grillo, Emiliano",2025-54,2025-10-04,2025,68,0
746,746,15470,"Hossler, Beau",2025-54,2025-10-04,2025,68,0
746,746,18770,"Rozner, Antoine",2025-54,2025-10-04,2025,68,0
746,746,11657,"Norlander, Henrik",2025-54,2025-10-04,2025,68,0
746,746,17639,"Blair, Zac",2025-54,2025-10-04,2025,68,0
746,746,13997,"Svensson, Adam",2025-54,2025-10-04,2025,68,0
746,746,19208,"Endycott, Harrison",2025-54,2025-10-04,2025,68,0
746,746,23540,"Andersen, Mason",2025-54,2025-10-04,2025,68,0
746,746,17723,"Lower, Justin",2025-54,2025-10-04,2025,68,0
746,746,33755,"La Sasso, Michael",2025-54,2025-10-04,2025,68,0
746,746,27820,"Pak, John",2025-54,2025-10-04,2025,68,0
746,746,17381,"Silverman, Ben",2025-54,2025-10-04,2025,68,0
746,746,16395,"Kohles, Ben",2025-54,2025-10-04,2025,68,0
746,746,23504,"Hoey, Rico",2025-54,2025-10-04,2025,68,0
746,746,13965,"Hadwin, Adam",2025-54,2025-10-04,2025,68,0
746,746,15676,"Norgaard, Niklas",2025-54,2025-10-04,2025,68,0
746,746,26096,"Bhatia, Akshay",2025-54,2025-10-04,2025,68,0
746,746,25569,"Stevens, Sam",2025-54,2025-10-04,2025,68,0
746,746,8469,"Armour, Ryan",2025-54,2025-10-04,2025,68,0
746,746,7820,"Palmer, Ryan",2025-54,2025-10-04,2025,68,0
746,746,30892,"Riedel, Matthew",2025-54,2025-10-04,2025,68,0
746,746,16341,"Peterson, Paul",2025-54,2025-10-04,2025,68,0
746,746,27183,"Salinda, Isaiah",2025-54,2025-10-04,2025,68,0
746,746,33281,"Huss, Cameron",2025-54,2025-10-04,2025,68,0
746,746,15162,"Drewitt, Brett",2025-54,2025-10-04,2025,68,0
746,746,9171,"Villegas, Camilo",2025-54,2025-10-04,2025,68,0
746,746,15575,"Hoge, Tom",2025-54,2025-10-04,2025,68,0
746,746,18474,"Smalley, Alex",2025-54,2025-10-04,2025,68,0
746,746,27762,"Velo, Kevin",2025-54,2025-10-04,2025,68,0
746,746,34526,"Landry, Grant",2025-54,2025-10-04,2025,68,0
96,96,22002,"Dumont de Chassart, Adrien",2025-166,2025-10-04,2025,1,0
96,96,16757,"Dou, Zecheng",2025-166,2025-10-04,2025,2,0
96,96,27598,"Nicholas, James",2025-166,2025-10-04,2025,3,0
96,96,16591,"Rozo, Marcelo",2025-166,2025-10-04,2025,3,0
96,96,24962,"Docherty, Alistair",2025-166,2025-10-04,2025,3,0
96,96,27600,"Kuest, Peter",2025-166,2025-10-04,2025,3,0
96,96,32457,"Keefer, Johnny",2025-166,2025-10-04,2025,7,0
96,96,32473,"Botha, Barend",2025-166,2025-10-04,2025,7,0
96,96,24956,"Blanchet, Chandler",2025-166,2025-10-04,2025,7,0
96,96,28471,"Shore, Davis",2025-166,2025-10-04,2025,7,0
96,96,16162,"Lee, S.T.",2025-166,2025-10-04,2025,7,0
96,96,29347,"Dossey, Cooper",2025-166,2025-10-04,2025,12,0
96,96,25002,"Wu, Dylan",2025-166,2025-10-04,2025,12,0
96,96,25771,"Furr, Wilson",2025-166,2025-10-04,2025,12,0
96,96,11082,"Burgoon, Bronson",2025-166,2025-10-04,2025,15,0
96,96,26143,"Creighton, Myles",2025-166,2025-10-04,2025,15,0
96,96,19864,"Hammer, Cole",2025-166,2025-10-04,2025,15,0
96,96,24343,"Lamprecht, Christo",2025-166,2025-10-04,2025,15,0
96,96,30620,"Chatfield, Davis",2025-166,2025-10-04,2025,15,0
96,96,32312,"Sherwood, Cole",2025-166,2025-10-04,2025,20,0
96,96,11117,"Noh, S.Y.",2025-166,2025-10-04,2025,20,0
96,96,21234,"Thomas, Rayhan",2025-166,2025-10-04,2025,20,0
96,96,28677,"Anderson, Samuel",2025-166,2025-10-04,2025,20,0
96,96,26126,"Meissner, Mitchell",2025-166,2025-10-04,2025,24,0
96,96,26521,"Hoelzer, Brandon",2025-166,2025-10-04,2025,24,0
96,96,18187,"Duncan, Tyler",2025-166,2025-10-04,2025,24,0
96,96,15120,"Johnson, Michael",2025-166,2025-10-04,2025,24,0
96,96,27697,"Sargent, Billy Tom",2025-166,2025-10-04,2025,24,0
96,96,30767,"Gabrelcik, Nick",2025-166,2025-10-04,2025,24,0
96,96,29925,"Yellamaraju, Sudarshan",2025-166,2025-10-04,2025,24,0
96,96,13831,"Knox, Russell",2025-166,2025-10-04,2025,24,0
96,96,21876,"Blick, Cody",2025-166,2025-10-04,2025,24,0
96,96,19948,"Taylor, Ben",2025-166,2025-10-04,2025,33,0
96,96,15456,"Jenkins, Carter",2025-166,2025-10-04,2025,33,0
96,96,18869,"Lamb, Rick",2025-166,2025-10-04,2025,33,0
96,96,26710,"Hruby, Petr",2025-166,2025-10-04,2025,33,0
96,96,30429,"Welch, Patrick",2025-166,2025-10-04,2025,37,0
96,96,31161,"Burnett, Ryan",2025-166,2025-10-04,2025,37,0
96,96,22919,"Cannon, Will",2025-166,2025-10-04,2025,37,0
96,96,26602,"Trace, Travis",2025-166,2025-10-04,2025,37,0
96,96,25475,"Nyholm, Pontus",2025-166,2025-10-04,2025,37,0
96,96,28016,"Gonzalez, Emilio",2025-166,2025-10-04,2025,37,0
96,96,18635,"Shelton, Robby",2025-166,2025-10-04,2025,43,0
96,96,32152,"Brown, Blades",2025-166,2025-10-04,2025,43,0
96,96,21889,"Kang, Jeffrey",2025-166,2025-10-04,2025,43,0
96,96,9643,"Blaum, Ryan",2025-166,2025-10-04,2025,43,0
96,96,20353,"Whitney, Tom",2025-166,2025-10-04,2025,43,0
96,96,18536,"McCormick, Ryan",2025-166,2025-10-04,2025,43,0
96,96,28542,"Hitt, Austin",2025-166,2025-10-04,2025,43,0
96,96,31188,"Valdes, Brendan",2025-166,2025-10-04,2025,50,0
96,96,25319,"VanDerLaan, John",2025-166,2025-10-04,2025,50,0
96,96,25036,"Holt, Ian",2025-166,2025-10-04,2025,50,0
96,96,19738,"Dougherty, Kevin",2025-166,2025-10-04,2025,50,0
96,96,26913,"Phillips, Trent",2025-166,2025-10-04,2025,50,0
96,96,29318,"McAllister, Logan",2025-166,2025-10-04,2025,55,0
96,96,19360,"Atkins, Matt",2025-166,2025-10-04,2025,55,0
96,96,17266,"Yuan, Carl",2025-166,2025-10-04,2025,55,0
96,96,18571,"Macdonald, Stuart",2025-166,2025-10-04,2025,55,0
96,96,29800,"Hillier, Harry",2025-166,2025-10-04,2025,55,0
96,96,23708,"Scott, Sandy",2025-166,2025-10-04,2025,60,0
96,96,23234,"Youprayong, Runchanapong",2025-166,2025-10-04,2025,60,0
96,96,31192,"Steelman, Ross",2025-166,2025-10-04,2025,60,0
96,96,23599,"Westmoreland, Kyle",2025-166,2025-10-04,2025,60,0
96,96,29970,"Menante, Dylan",2025-166,2025-10-04,2025,60,0
96,96,28630,"Hall, Ryan",2025-166,2025-10-04,2025,60,0
96,96,26139,"Kocher, David",2025-166,2025-10-04,2025,60,0
96,96,17280,"Vogel, T.J.",2025-166,2025-10-04,2025,67,0
96,96,18059,"Suri, Julian",2025-166,2025-10-04,2025,67,0
96,96,26746,"Summerhays, Preston",2025-166,2025-10-04,2025,69,0
96,96,8199,"Levin, Spencer",2025-166,2025-10-04,2025,69,0
96,96,19430,"Kozan, Andrew",2025-166,2025-10-04,2025,71,0
96,96,17273,"Fischer, Zack",2025-166,2025-10-04,2025,71,0
96,96,22985,"Smotherman, Austin",2025-166,2025-10-04,2025,73,0
96,96,29348,"Hale, Jr., Blaine",2025-166,2025-10-04,2025,74,0
96,96,12188,"Kim, Bio",2025-166,2025-10-04,2025,75,0
96,96,25027,"Hirschman, Grant",2025-166,2025-10-04,2025,76,0
96,96,31887,"Berry, Brandon",2025-166,2025-10-04,2025,76,0
96,96,26617,"Anderson, Matthew",2025-166,2025-10-04,2025,76,0
96,96,22050,"Suh, Justin",2025-166,2025-10-04,2025,76,0
96,96,19846,"Bauchou, Zach",2025-166,2025-10-04,2025,76,0
96,96,15427,"Harkins, Brandon",2025-166,2025-10-04,2025,76,0
96,96,18579,"Cook, Austin",2025-166,2025-10-04,2025,76,0
96,96,32055,"Shipley, Neal",2025-166,2025-10-04,2025,76,0
96,96,29327,"Greaser, Austin",2025-166,2025-10-04,2025,76,0
96,96,14776,"Cappelen, Sebastian",2025-166,2025-10-04,2025,76,0
96,96,22986,"Tuten, Shad",2025-166,2025-10-04,2025,76,0
96,96,8571,"Gomez, Fabian",2025-166,2025-10-04,2025,76,0
96,96,15610,"Guthrie, Luke",2025-166,2025-10-04,2025,76,0
96,96,18933,"Gandon, Jeremy",2025-166,2025-10-04,2025,76,0
96,96,8085,"Teater, Josh",2025-166,2025-10-04,2025,76,0
96,96,21943,"Lebioda, Hank",2025-166,2025-10-04,2025,76,0
96,96,26013,"Nimmer, Bryson",2025-166,2025-10-04,2025,76,0
96,96,24490,"Galletti, Nicolo",2025-166,2025-10-04,2025,76,0
96,96,31251,"Winstead, Trey",2025-166,2025-10-04,2025,76,0
96,96,14002,"Alexander, Tyson",2025-166,2025-10-04,2025,76,0
96,96,8002,"Oppenheim, Rob",2025-166,2025-10-04,2025,76,0
96,96,16796,"Nunez, Augusto",2025-166,2025-10-04,2025,76,0
96,96,26190,"Ortiz, Alvaro",2025-166,2025-10-04,2025,76,0
96,96,31218,"Goetz, Mark",2025-166,2025-10-04,2025,76,0
96,96,32445,"James, Zach",2025-166,2025-10-04,2025,76,0
96,96,30621,"Weiler, Joe",2025-166,2025-10-04,2025,76,0
96,96,17570,"Creel, Joshua",2025-166,2025-10-04,2025,76,0
96,96,15239,"Ledesma, Nelson",2025-166,2025-10-04,2025,76,0
96,96,11594,"McCarthy, Dan",2025-166,2025-10-04,2025,76,0
96,96,21688,"Kim, S.H.",2025-166,2025-10-04,2025,76,0
96,96,15658,"Kennerly, Billy",2025-166,2025-10-04,2025,76,0
96,96,20954,"Hirata, Kensei",2025-166,2025-10-04,2025,76,0
96,96,16786,"Fernandez Valdes, Jorge",2025-166,2025-10-04,2025,76,0
96,96,25567,"Papineau, Etienne",2025-166,2025-10-04,2025,76,0
96,96,17068,"Daffue, MJ",2025-166,2025-10-04,2025,76,0
926,926,18417,"Scheffler, Scottie",2025-464,2025-09-13,2025,1,0
926,926,24968,"Griffin, Ben",2025-464,2025-09-13,2025,2,0
926,926,15330,"Griffin, Lanto",2025-464,2025-09-13,2025,3,0
926,926,32319,"Koivun, Jackson",2025-464,2025-09-13,2025,4,0
926,926,12808,"Grillo, Emiliano",2025-464,2025-09-13,2025,4,0
926,926,17536,"Spaun, J.J.",2025-464,2025-09-13,2025,6,0
926,926,15556,"Hughes, Mackenzie",2025-464,2025-09-13,2025,7,0
926,926,24342,"Higgo, Garrick",2025-464,2025-09-13,2025,7,0
926,926,23504,"Hoey, Rico",2025-464,2025-09-13,2025,9,0
926,926,26651,"Young, Cameron",2025-464,2025-09-13,2025,9,0
926,926,26096,"Bhatia, Akshay",2025-464,2025-09-13,2025,11,0
926,926,26653,"Eckroat, Austin",2025-464,2025-09-13,2025,11,0
926,926,22760,"Hisatsune, Ryo",2025-464,2025-09-13,2025,13,0
926,926,19483,"Burns, Sam",2025-464,2025-09-13,2025,13,0
926,926,26649,"Thorbjornsen, Michael",2025-464,2025-09-13,2025,13,0
926,926,18634,"McNealy, Maverick",2025-464,2025-09-13,2025,13,0
926,926,6169,"Kuchar, Matt",2025-464,2025-09-13,2025,13,0
926,926,27183,"Salinda, Isaiah",2025-464,2025-09-13,2025,13,0
926,926,17538,"Homa, Max",2025-464,2025-09-13,2025,19,0
926,926,23482,"Sigg, Greyson",2025-464,2025-09-13,2025,19,0
926,926,6931,"Byrd, Jonathan",2025-464,2025-09-13,2025,19,0
926,926,14578,"Henley, Russell",2025-464,2025-09-13,2025,19,0
926,926,27364,"Thompson, Davis",2025-464,2025-09-13,2025,19,0
926,926,8820,"Snedeker, Brandt",2025-464,2025-09-13,2025,19,0
926,926,12577,"Woodland, Gary",2025-464,2025-09-13,2025,19,0
926,926,24550,"Ghim, Doug",2025-464,2025-09-13,2025,26,0
926,926,31960,"Hastings, Justin",2025-464,2025-09-13,2025,26,0
926,926,16395,"Kohles, Ben",2025-464,2025-09-13,2025,26,0
926,926,14698,"Bramlett, Joseph",2025-464,2025-09-13,2025,26,0
926,926,26657,"Fisk, Steven",2025-464,2025-09-13,2025,30,0
926,926,15466,"Cantlay, Patrick",2025-464,2025-09-13,2025,30,0
926,926,19840,"Ramey, Chad",2025-464,2025-09-13,2025,30,0
926,926,25442,"Montgomery, Taylor",2025-464,2025-09-13,2025,30,0
926,926,7301,"Dufner, Jason",2025-464,2025-09-13,2025,30,0
926,926,27819,"Castillo, Ricky",2025-464,2025-09-13,2025,30,0
926,926,19477,"Schenk, Adam",2025-464,2025-09-13,2025,30,0
926,926,7960,"List, Luke",2025-464,2025-09-13,2025,30,0
926,926,25094,"Fishburn, Patrick",2025-464,2025-09-13,2025,38,0
926,926,23014,"Theegala, Sahith",2025-464,2025-09-13,2025,38,0
926,926,16333,"Hubbard, Mark",2025-464,2025-09-13,2025,38,0
926,926,25908,"Whaley, Vince",2025-464,2025-09-13,2025,38,0
926,926,27762,"Velo, Kevin",2025-464,2025-09-13,2025,38,0
926,926,14577,"English, Harris",2025-464,2025-09-13,2025,43,0
926,926,28635,"McCarty, Matt",2025-464,2025-09-13,2025,43,0
926,926,22085,"Morikawa, Collin",2025-464,2025-09-13,2025,43,0
926,926,21756,"Cole, Eric",2025-464,2025-09-13,2025,43,0
926,926,24304,"Vilips, Karl",2025-464,2025-09-13,2025,47,0
926,926,10104,"Power, Seamus",2025-464,2025-09-13,2025,47,0
926,926,28159,"Meissner, Mac",2025-464,2025-09-13,2025,47,0
926,926,17639,"Blair, Zac",2025-464,2025-09-13,2025,47,0
926,926,15470,"Hossler, Beau",2025-464,2025-09-13,2025,47,0
926,926,18761,"Mullinax, Trey",2025-464,2025-09-13,2025,47,0
926,926,17365,"Mitchell, Keith",2025-464,2025-09-13,2025,53,0
926,926,13367,"Merritt, Troy",2025-464,2025-09-13,2025,53,0
926,926,10873,"Skinns, David",2025-464,2025-09-13,2025,53,0
926,926,34445,"Watts, Tyler",2025-464,2025-09-13,2025,53,0
926,926,21995,"Springer, Hayden",2025-464,2025-09-13,2025,57,0
926,926,14926,"Malnati, Peter",2025-464,2025-09-13,2025,57,0
926,926,8480,"Streelman, Kevin",2025-464,2025-09-13,2025,57,0
926,926,23502,"Thornberry, Braden",2025-464,2025-09-13,2025,57,0
926,926,14459,"An, Byeong Hun",2025-464,2025-09-13,2025,57,0
926,926,11441,"Covello, Vince",2025-464,2025-09-13,2025,57,0
926,926,9586,"Laird, Martin",2025-464,2025-09-13,2025,57,0
926,926,27996,"Cummins, Quade",2025-464,2025-09-13,2025,64,0
926,926,27820,"Pak, John",2025-464,2025-09-13,2025,64,0
926,926,22736,"Rosenmueller, Thomas",2025-464,2025-09-13,2025,64,0
926,926,21235,"Albertson, Anders",2025-464,2025-09-13,2025,67,0
926,926,21880,"Cone, Trevor",2025-464,2025-09-13,2025,67,0
926,926,14139,"Thomas, Justin",2025-464,2025-09-13,2025,69,0
926,926,16382,"Knous, Jim",2025-464,2025-09-13,2025,70,0
926,926,31212,"Chandler, Will",2025-464,2025-09-13,2025,70,0
926,926,24766,"Kim, Tom",2025-464,2025-09-13,2025,72,0
926,926,23656,"Young, Carson",2025-464,2025-09-13,2025,73,0
926,926,16341,"Peterson, Paul",2025-464,2025-09-13,2025,73,0
926,926,7899,"Piercy, Scott",2025-464,2025-09-13,2025,73,0
926,926,13965,"Hadwin, Adam",2025-464,2025-09-13,2025,73,0
926,926,14140,"Higgs, Harry",2025-464,2025-09-13,2025,73,0
926,926,19729,"Kanaya, Takumi",2025-464,2025-09-13,2025,73,0
926,926,27164,"Phillips, Chandler",2025-464,2025-09-13,2025,73,0
926,926,23816,"Valimaki, Sami",2025-464,2025-09-13,2025,73,0
926,926,14704,"Putnam, Andrew",2025-464,2025-09-13,2025,73,0
926,926,13470,"Kizzire, Patton",2025-464,2025-09-13,2025,73,0
926,926,14007,"Martin, Ben",2025-464,2025-09-13,2025,73,0
926,926,6419,"McNeill, George",2025-464,2025-09-13,2025,73,0
926,926,22087,"Paul, Jeremy",2025-464,2025-09-13,2025,73,0
926,926,13412,"Olesen, Thorbjorn",2025-464,2025-09-13,2025,73,0
926,926,17381,"Silverman, Ben",2025-464,2025-09-13,2025,73,0
926,926,23542,"Champ, Cameron",2025-464,2025-09-13,2025,73,0
926,926,15004,"Kim, Chan",2025-464,2025-09-13,2025,73,0
926,926,31343,"Ford, David",2025-464,2025-09-13,2025,73,0
926,926,11657,"Norlander, Henrik",2025-464,2025-09-13,2025,73,0
926,926,11374,"Hahn, James",2025-464,2025-09-13,2025,73,0
926,926,15575,"Hoge, Tom",2025-464,2025-09-13,2025,73,0
926,926,23540,"Andersen, Mason",2025-464,2025-09-13,2025,73,0
926,926,19865,"Hardy, Nick",2025-464,2025-09-13,2025,73,0
926,926,25363,"Buckley, Hayden",2025-464,2025-09-13,2025,73,0
926,926,24837,"Goodwin, Noah",2025-464,2025-09-13,2025,73,0
926,926,7820,"Palmer, Ryan",2025-464,2025-09-13,2025,73,0
926,926,7489,"Moore, Ryan",2025-464,2025-09-13,2025,73,0
926,926,16433,"NeSmith, Matt",2025-464,2025-09-13,2025,73,0
926,926,19955,"Pereira, Corey",2025-464,2025-09-13,2025,73,0
926,926,18424,"Roy, Kevin",2025-464,2025-09-13,2025,73,0
926,926,24740,"Park, Sangha",2025-464,2025-09-13,2025,73,0
926,926,21944,"Moore, Taylor",2025-464,2025-09-13,2025,73,0
926,926,22833,"Echavarria, Nico",2025-464,2025-09-13,2025,73,0
926,926,30892,"Riedel, Matthew",2025-464,2025-09-13,2025,73,0
926,926,30814,"Sargent, Gordon",2025-464,2025-09-13,2025,73,0
926,926,20730,"Perez, Victor",2025-464,2025-09-13,2025,73,0
926,926,12909,"Campos, Rafael",2025-464,2025-09-13,2025,73,0
926,926,14509,"Dahmen, Joel",2025-464,2025-09-13,2025,73,0
926,926,19208,"Endycott, Harrison",2025-464,2025-09-13,2025,73,0
926,926,7961,"Reavie, Chez",2025-464,2025-09-13,2025,73,0
926,926,7955,"Watney, Nick",2025-464,2025-09-13,2025,73,0
926,926,29279,"Suber, Jackson",2025-464,2025-09-13,2025,73,0
926,926,11049,"Simpson, Webb",2025-464,2025-09-13,2025,73,0
926,926,9171,"Villegas, Camilo",2025-464,2025-09-13,2025,73,0
926,926,32064,"Russell, Miles",2025-464,2025-09-13,2025,73,0
926,926,12169,"Gainey, Tommy",2025-464,2025-09-13,2025,73,0
926,926,13997,"Svensson, Adam",2025-464,2025-09-13,2025,73,0
926,926,34025,"Fang, Ethan",2025-464,2025-09-13,2025,73,0
926,926,15980,"Lipsky, David",2025-464,2025-09-13,2025,73,0
926,926,18474,"Smalley, Alex",2025-464,2025-09-13,2025,73,0
926,926,21412,"Capan III, Frankie",2025-464,2025-09-13,2025,73,0
926,926,23505,"McGreevy, Max",2025-464,2025-09-13,2025,73,0
926,926,24562,"Knowles, Philip",2025-464,2025-09-13,2025,73,0
926,926,18579,"Cook, Austin",2025-464,2025-09-13,2025,73,0
926,926,32330,"Clanton, Luke",2025-464,2025-09-13,2025,73,0
926,926,11451,"Garnett, Brice",2025-464,2025-09-13,2025,73,0
926,926,25003,"Walker, Danny",2025-464,2025-09-13,2025,73,0
926,926,18628,"Campbell, Brian",2025-464,2025-09-13,2025,73,0
926,926,17723,"Lower, Justin",2025-464,2025-09-13,2025,73,0
926,926,21875,"Widing, Tim",2025-464,2025-09-13,2025,73,0
926,926,28469,"Highsmith, Joe",2025-464,2025-09-13,2025,73,0
926,926,15651,"Ventura, Kris",2025-464,2025-09-13,2025,73,0
926,926,26660,"Gordon, Will",2025-464,2025-09-13,2025,73,0
926,926,34444,"Adams, Matthew",2025-464,2025-09-13,2025,73,0
926,926,23465,"Greyserman, Max",2025-464,2025-09-13,2025,73,0
926,926,25263,"Onishi, Kaito",2025-464,2025-09-13,2025,73,0
926,926,16715,"Ryder, Sam",2025-464,2025-09-13,2025,73,0
926,926,14967,"Hadley, Chesson",2025-464,2025-09-13,2025,73,0
926,926,14409,"Wiebe, Gunner",2025-464,2025-09-13,2025,73,0
926,926,3349,"Johnson, Tom",2025-464,2025-09-13,2025,73,0
926,926,17422,"Del Solar, Cristobal",2025-464,2025-09-13,2025,73,0
926,926,27420,"Dickson, Taylor",2025-464,2025-09-13,2025,73,0
688,688,12294,"Fleetwood, Tommy",2025-60,2025-08-23,2025,1,0
688,688,14578,"Henley, Russell",2025-60,2025-08-23,2025,2,0
688,688,15466,"Cantlay, Patrick",2025-60,2025-08-23,2025,2,0
688,688,18417,"Scheffler, Scottie",2025-60,2025-08-23,2025,4,0
688,688,26651,"Young, Cameron",2025-60,2025-08-23,2025,4,0
688,688,17576,"Conners, Corey",2025-60,2025-08-23,2025,4,0
688,688,13872,"Bradley, Keegan",2025-60,2025-08-23,2025,7,0
688,688,19483,"Burns, Sam",2025-60,2025-08-23,2025,7,0
688,688,14139,"Thomas, Justin",2025-60,2025-08-23,2025,7,0
688,688,27774,"Gotterup, Chris",2025-60,2025-08-23,2025,10,0
688,688,24968,"Griffin, Ben",2025-60,2025-08-23,2025,10,0
688,688,18841,"Hovland, Viktor",2025-60,2025-08-23,2025,12,0
688,688,8825,"Harman, Brian",2025-60,2025-08-23,2025,13,0
688,688,13900,"Lowry, Shane",2025-60,2025-08-23,2025,13,0
688,688,26096,"Bhatia, Akshay",2025-60,2025-08-23,2025,13,0
688,688,14577,"English, Harris",2025-60,2025-08-23,2025,13,0
688,688,27194,"Hall, Harry",2025-60,2025-08-23,2025,17,0
688,688,23323,"MacIntyre, Robert",2025-60,2025-08-23,2025,17,0
688,688,13126,"Taylor, Nick",2025-60,2025-08-23,2025,19,0
688,688,22085,"Morikawa, Collin",2025-60,2025-08-23,2025,19,0
688,688,23950,"Aberg, Ludvig",2025-60,2025-08-23,2025,21,0
688,688,6093,"Rose, Justin",2025-60,2025-08-23,2025,21,0
688,688,10091,"McIlroy, Rory",2025-60,2025-08-23,2025,23,0
688,688,18634,"McNealy, Maverick",2025-60,2025-08-23,2025,23,0
688,688,17536,"Spaun, J.J.",2025-60,2025-08-23,2025,25,0
688,688,23475,"Novak, Andrew",2025-60,2025-08-23,2025,25,0
688,688,29433,"Bridgeman, Jacob",2025-60,2025-08-23,2025,27,0
688,688,17488,"Im, Sungjae",2025-60,2025-08-23,2025,27,0
688,688,13562,"Matsuyama, Hideki",2025-60,2025-08-23,2025,29,0
688,688,17511,"Straka, Sepp",2025-60,2025-08-23,2025,30,0
665,665,18841,"Hovland, Viktor",2021-475,2021-05-01,2021,3,0
665,665,18841,"Hovland, Viktor",2022-475,2022-03-19,2022,33,1
665,665,18841,"Hovland, Viktor",2025-475,2025-03-22,2025,1,2
665,665,14139,"Thomas, Justin",2021-475,2021-05-01,2021,13,0
665,665,14139,"Thomas, Justin",2022-475,2022-03-19,2022,3,1
665,665,14139,"Thomas, Justin",2023-475,2023-03-18,2023,10,2
665,665,14139,"Thomas, Justin",2024-475,2024-03-23,2024,64,3
665,665,14139,"Thomas, Justin",2025-475,2025-03-22,2025,2,4
665,665,29433,"Bridgeman, Jacob",2024-475,2024-03-23,2024,76,0
665,665,29433,"Bridgeman, Jacob",2025-475,2025-03-22,2025,3,1
665,665,22760,"Hisatsune, Ryo",2024-475,2024-03-23,2024,33,0
665,665,22760,"Hisatsune, Ryo",2025-475,2025-03-22,2025,4,1
665,665,14502,"Cauley, Bud",2024-475,2024-03-23,2024,76,0
665,665,14502,"Cauley, Bud",2025-475,2025-03-22,2025,4,1
665,665,11276,"Horschel, Billy",2024-475,2024-03-23,2024,12,0
665,665,11276,"Horschel, Billy",2025-475,2025-03-22,2025,4,1
665,665,19872,"Riley, Davis",2022-475,2022-03-19,2022,2,0
665,665,19872,"Riley, Davis",2023-475,2023-03-18,2023,19,1
665,665,19872,"Riley, Davis",2024-475,2024-03-23,2024,76,2
665,665,19872,"Riley, Davis",2025-475,2025-03-22,2025,7,3
665,665,7399,"Glover, Lucas",2021-475,2021-05-01,2021,48,0
665,665,7399,"Glover, Lucas",2023-475,2023-03-18,2023,36,1
665,665,7399,"Glover, Lucas",2024-475,2024-03-23,2024,11,2
665,665,7399,"Glover, Lucas",2025-475,2025-03-22,2025,8,3
665,665,17576,"Conners, Corey",2021-475,2021-05-01,2021,21,0
665,665,17576,"Conners, Corey",2025-475,2025-03-22,2025,8,1
665,665,10104,"Power, Seamus",2024-475,2024-03-23,2024,26,0
665,665,10104,"Power, Seamus",2025-475,2025-03-22,2025,8,1
665,665,13900,"Lowry, Shane",2022-475,2022-03-19,2022,12,0
665,665,13900,"Lowry, Shane",2025-475,2025-03-22,2025,8,1
665,665,27819,"Castillo, Ricky",2024-475,2024-03-23,2024,76,0
665,665,27819,"Castillo, Ricky",2025-475,2025-03-22,2025,12,1
665,665,17881,"Yu, Kevin",2022-475,2022-03-19,2022,73,0
665,665,17881,"Yu, Kevin",2024-475,2024-03-23,2024,76,1
665,665,17881,"Yu, Kevin",2025-475,2025-03-22,2025,12,2
665,665,19895,"Schauffele, Xander",2022-475,2022-03-19,2022,12,0
665,665,19895,"Schauffele, Xander",2024-475,2024-03-23,2024,5,1
665,665,19895,"Schauffele, Xander",2025-475,2025-03-22,2025,12,2
665,665,21756,"Cole, Eric",2023-475,2023-03-18,2023,72,0
665,665,21756,"Cole, Eric",2024-475,2024-03-23,2024,33,1
665,665,21756,"Cole, Eric",2025-475,2025-03-22,2025,12,2
665,665,28635,"McCarty, Matt",2025-475,2025-03-22,2025,16,0
665,665,22833,"Echavarria, Nico",2023-475,2023-03-18,2023,72,0
665,665,22833,"Echavarria, Nico",2024-475,2024-03-23,2024,76,1
665,665,22833,"Echavarria, Nico",2025-475,2025-03-22,2025,16,2
665,665,16715,"Ryder, Sam",2021-475,2021-05-01,2021,70,0
665,665,16715,"Ryder, Sam",2022-475,2022-03-19,2022,73,1
665,665,16715,"Ryder, Sam",2023-475,2023-03-18,2023,19,2
665,665,16715,"Ryder, Sam",2024-475,2024-03-23,2024,33,3
665,665,16715,"Ryder, Sam",2025-475,2025-03-22,2025,16,4
665,665,14459,"An, Byeong Hun",2021-475,2021-05-01,2021,67,0
665,665,14459,"An, Byeong Hun",2023-475,2023-03-18,2023,45,1
665,665,14459,"An, Byeong Hun",2025-475,2025-03-22,2025,16,2
665,665,12294,"Fleetwood, Tommy",2022-475,2022-03-19,2022,16,0
665,665,12294,"Fleetwood, Tommy",2023-475,2023-03-18,2023,3,1
665,665,12294,"Fleetwood, Tommy",2025-475,2025-03-22,2025,16,2
665,665,11657,"Norlander, Henrik",2021-475,2021-05-01,2021,48,0
665,665,11657,"Norlander, Henrik",2022-475,2022-03-19,2022,73,1
665,665,11657,"Norlander, Henrik",2023-475,2023-03-18,2023,45,2
665,665,11657,"Norlander, Henrik",2025-475,2025-03-22,2025,16,3
665,665,20730,"Perez, Victor",2023-475,2023-03-18,2023,45,0
665,665,20730,"Perez, Victor",2024-475,2024-03-23,2024,76,1
665,665,20730,"Perez, Victor",2025-475,2025-03-22,2025,22,2
665,665,14181,"Detry, Thomas",2024-475,2024-03-23,2024,17,0
665,665,14181,"Detry, Thomas",2025-475,2025-03-22,2025,22,1
665,665,22087,"Paul, Jeremy",2025-475,2025-03-22,2025,22,0
665,665,12808,"Grillo, Emiliano",2021-475,2021-05-01,2021,70,0
665,665,12808,"Grillo, Emiliano",2022-475,2022-03-19,2022,73,1
665,665,12808,"Grillo, Emiliano",2025-475,2025-03-22,2025,22,2
665,665,28469,"Highsmith, Joe",2024-475,2024-03-23,2024,76,0
665,665,28469,"Highsmith, Joe",2025-475,2025-03-22,2025,22,1
665,665,23841,"Neergaard-Petersen, Rasmus",2025-475,2025-03-22,2025,22,0
665,665,28159,"Meissner, Mac",2024-475,2024-03-23,2024,26,0
665,665,28159,"Meissner, Mac",2025-475,2025-03-22,2025,28,1
665,665,26657,"Fisk, Steven",2025-475,2025-03-22,2025,28,0
665,665,17543,"Kim, Michael",2021-475,2021-05-01,2021,70,0
665,665,17543,"Kim, Michael",2023-475,2023-03-18,2023,45,1
665,665,17543,"Kim, Michael",2024-475,2024-03-23,2024,33,2
665,665,17543,"Kim, Michael",2025-475,2025-03-22,2025,28,3
665,665,17511,"Straka, Sepp",2024-475,2024-03-23,2024,76,0
665,665,17511,"Straka, Sepp",2025-475,2025-03-22,2025,28,1
665,665,25094,"Fishburn, Patrick",2024-475,2024-03-23,2024,76,0
665,665,25094,"Fishburn, Patrick",2025-475,2025-03-22,2025,28,1
665,665,21554,"Poston, J.T.",2021-475,2021-05-01,2021,54,0
665,665,21554,"Poston, J.T.",2022-475,2022-03-19,2022,73,1
665,665,21554,"Poston, J.T.",2023-475,2023-03-18,2023,10,2
665,665,21554,"Poston, J.T.",2025-475,2025-03-22,2025,28,3
665,665,20722,"Schmid, Matti",2023-475,2023-03-18,2023,72,0
665,665,20722,"Schmid, Matti",2024-475,2024-03-23,2024,17,1
665,665,20722,"Schmid, Matti",2025-475,2025-03-22,2025,28,2
665,665,14636,"Spieth, Jordan",2023-475,2023-03-18,2023,3,0
665,665,14636,"Spieth, Jordan",2024-475,2024-03-23,2024,76,1
665,665,14636,"Spieth, Jordan",2025-475,2025-03-22,2025,28,2
665,665,24766,"Kim, Tom",2025-475,2025-03-22,2025,36,0
665,665,13412,"Olesen, Thorbjorn",2024-475,2024-03-23,2024,76,0
665,665,13412,"Olesen, Thorbjorn",2025-475,2025-03-22,2025,36,1
665,665,15556,"Hughes, Mackenzie",2021-475,2021-05-01,2021,70,0
665,665,15556,"Hughes, Mackenzie",2022-475,2022-03-19,2022,73,1
665,665,15556,"Hughes, Mackenzie",2024-475,2024-03-23,2024,3,2
665,665,15556,"Hughes, Mackenzie",2025-475,2025-03-22,2025,36,3
665,665,23014,"Theegala, Sahith",2022-475,2022-03-19,2022,7,0
665,665,23014,"Theegala, Sahith",2025-475,2025-03-22,2025,36,1
665,665,23816,"Valimaki, Sami",2024-475,2024-03-23,2024,45,0
665,665,23816,"Valimaki, Sami",2025-475,2025-03-22,2025,36,1
665,665,16394,"Jaeger, Stephan",2022-475,2022-03-19,2022,73,0
665,665,16394,"Jaeger, Stephan",2023-475,2023-03-18,2023,27,1
665,665,16394,"Jaeger, Stephan",2025-475,2025-03-22,2025,36,2
665,665,23475,"Novak, Andrew",2022-475,2022-03-19,2022,73,0
665,665,23475,"Novak, Andrew",2023-475,2023-03-18,2023,27,1
665,665,23475,"Novak, Andrew",2024-475,2024-03-23,2024,17,2
665,665,23475,"Novak, Andrew",2025-475,2025-03-22,2025,42,3
665,665,27164,"Phillips, Chandler",2024-475,2024-03-23,2024,3,0
665,665,27164,"Phillips, Chandler",2025-475,2025-03-22,2025,42,1
665,665,25263,"Onishi, Kaito",2025-475,2025-03-22,2025,42,0
665,665,24837,"Goodwin, Noah",2025-475,2025-03-22,2025,42,0
665,665,32330,"Clanton, Luke",2025-475,2025-03-22,2025,42,0
665,665,19960,"Pavon, Matthieu",2025-475,2025-03-22,2025,47,0
665,665,32055,"Shipley, Neal",2025-475,2025-03-22,2025,47,0
665,665,12577,"Woodland, Gary",2021-475,2021-05-01,2021,70,0
665,665,12577,"Woodland, Gary",2022-475,2022-03-19,2022,21,1
665,665,12577,"Woodland, Gary",2023-475,2023-03-18,2023,45,2
665,665,12577,"Woodland, Gary",2024-475,2024-03-23,2024,76,3
665,665,12577,"Woodland, Gary",2025-475,2025-03-22,2025,47,4
665,665,19428,"Zalatoris, Will",2025-475,2025-03-22,2025,47,0
665,665,12920,"Willett, Danny",2021-475,2021-05-01,2021,70,0
665,665,12920,"Willett, Danny",2022-475,2022-03-19,2022,73,1
665,665,12920,"Willett, Danny",2025-475,2025-03-22,2025,47,2
665,665,16333,"Hubbard, Mark",2021-475,2021-05-01,2021,70,0
665,665,16333,"Hubbard, Mark",2023-475,2023-03-18,2023,72,1
665,665,16333,"Hubbard, Mark",2025-475,2025-03-22,2025,47,2
665,665,11889,"Fox, Ryan",2024-475,2024-03-23,2024,76,0
665,665,11889,"Fox, Ryan",2025-475,2025-03-22,2025,47,1
665,665,27194,"Hall, Harry",2023-475,2023-03-18,2023,72,0
665,665,27194,"Hall, Harry",2024-475,2024-03-23,2024,67,1
665,665,27194,"Hall, Harry",2025-475,2025-03-22,2025,54,2
665,665,17365,"Mitchell, Keith",2021-475,2021-05-01,2021,69,0
665,665,17365,"Mitchell, Keith",2024-475,2024-03-23,2024,17,1
665,665,17365,"Mitchell, Keith",2025-475,2025-03-22,2025,54,2
665,665,23505,"McGreevy, Max",2022-475,2022-03-19,2022,48,0
665,665,23505,"McGreevy, Max",2023-475,2023-03-18,2023,72,1
665,665,23505,"McGreevy, Max",2025-475,2025-03-22,2025,54,2
665,665,8820,"Snedeker, Brandt",2021-475,2021-05-01,2021,11,0
665,665,8820,"Snedeker, Brandt",2024-475,2024-03-23,2024,76,1
665,665,8820,"Snedeker, Brandt",2025-475,2025-03-22,2025,57,2
665,665,29767,"Gerard, Ryan",2023-475,2023-03-18,2023,71,0
665,665,29767,"Gerard, Ryan",2025-475,2025-03-22,2025,57,1
665,665,24550,"Ghim, Doug",2021-475,2021-05-01,2021,70,0
665,665,24550,"Ghim, Doug",2023-475,2023-03-18,2023,27,1
665,665,24550,"Ghim, Doug",2024-475,2024-03-23,2024,67,2
665,665,24550,"Ghim, Doug",2025-475,2025-03-22,2025,57,3
665,665,6430,"Scott, Adam",2025-475,2025-03-22,2025,57,0
665,665,15475,"Pan, C.T.",2022-475,2022-03-19,2022,48,0
665,665,15475,"Pan, C.T.",2025-475,2025-03-22,2025,57,1
665,665,15980,"Lipsky, David",2022-475,2022-03-19,2022,68,0
665,665,15980,"Lipsky, David",2023-475,2023-03-18,2023,36,1
665,665,15980,"Lipsky, David",2024-475,2024-03-23,2024,76,2
665,665,15980,"Lipsky, David",2025-475,2025-03-22,2025,57,3
665,665,27762,"Velo, Kevin",2025-475,2025-03-22,2025,57,0
665,665,27820,"Pak, John",2025-475,2025-03-22,2025,64,0
665,665,25569,"Stevens, Sam",2023-475,2023-03-18,2023,72,0
665,665,25569,"Stevens, Sam",2024-475,2024-03-23,2024,64,1
665,665,25569,"Stevens, Sam",2025-475,2025-03-22,2025,64,2
665,665,10943,"Lashley, Nate",2022-475,2022-03-19,2022,27,0
665,665,10943,"Lashley, Nate",2023-475,2023-03-18,2023,72,1
665,665,10943,"Lashley, Nate",2025-475,2025-03-22,2025,64,2
665,665,26850,"Svensson, Jesper",2025-475,2025-03-22,2025,64,0
665,665,7960,"List, Luke",2021-475,2021-05-01,2021,70,0
665,665,7960,"List, Luke",2023-475,2023-03-18,2023,72,1
665,665,7960,"List, Luke",2025-475,2025-03-22,2025,64,2
665,665,31212,"Chandler, Will",2025-475,2025-03-22,2025,69,0
665,665,11328,"Kisner, Kevin",2021-475,2021-05-01,2021,70,0
665,665,11328,"Kisner, Kevin",2022-475,2022-03-19,2022,33,1
665,665,11328,"Kisner, Kevin",2023-475,2023-03-18,2023,72,2
665,665,11328,"Kisner, Kevin",2024-475,2024-03-23,2024,76,3
665,665,11328,"Kisner, Kevin",2025-475,2025-03-22,2025,70,4
665,665,12909,"Campos, Rafael",2021-475,2021-05-01,2021,70,0
665,665,12909,"Campos, Rafael",2024-475,2024-03-23,2024,76,1
665,665,12909,"Campos, Rafael",2025-475,2025-03-22,2025,70,2
665,665,9171,"Villegas, Camilo",2021-475,2021-05-01,2021,11,0
665,665,9171,"Villegas, Camilo",2025-475,2025-03-22,2025,70,1
665,665,15470,"Hossler, Beau",2021-475,2021-05-01,2021,39,0
665,665,15470,"Hossler, Beau",2023-475,2023-03-18,2023,72,1
665,665,15470,"Hossler, Beau",2024-475,2024-03-23,2024,76,2
665,665,15470,"Hossler, Beau",2025-475,2025-03-22,2025,70,3
665,665,23540,"Andersen, Mason",2025-475,2025-03-22,2025,70,0
665,665,23502,"Thornberry, Braden",2025-475,2025-03-22,2025,70,0
665,665,18770,"Rozner, Antoine",2025-475,2025-03-22,2025,76,0
665,665,15651,"Ventura, Kris",2021-475,2021-05-01,2021,70,0
665,665,15651,"Ventura, Kris",2025-475,2025-03-22,2025,77,1
665,665,6252,"Baddeley, Aaron",2021-475,2021-05-01,2021,70,0
665,665,6252,"Baddeley, Aaron",2024-475,2024-03-23,2024,17,1
665,665,6252,"Baddeley, Aaron",2025-475,2025-03-22,2025,78,2
665,665,27300,"Van Wyk, Kieron",2025-475,2025-03-22,2025,79,0
665,665,21944,"Moore, Taylor",2022-475,2022-03-19,2022,73,0
665,665,21944,"Moore, Taylor",2023-475,2023-03-18,2023,1,1
665,665,21944,"Moore, Taylor",2024-475,2024-03-23,2024,12,2
665,665,21944,"Moore, Taylor",2025-475,2025-03-22,2025,79,3
665,665,11049,"Simpson, Webb",2022-475,2022-03-19,2022,48,0
665,665,11049,"Simpson, Webb",2023-475,2023-03-18,2023,7,1
665,665,11049,"Simpson, Webb",2024-475,2024-03-23,2024,54,2
665,665,11049,"Simpson, Webb",2025-475,2025-03-22,2025,79,3
665,665,24968,"Griffin, Ben",2023-475,2023-03-18,2023,45,0
665,665,24968,"Griffin, Ben",2024-475,2024-03-23,2024,17,1
665,665,24968,"Griffin, Ben",2025-475,2025-03-22,2025,79,2
665,665,11451,"Garnett, Brice",2022-475,2022-03-19,2022,27,0
665,665,11451,"Garnett, Brice",2023-475,2023-03-18,2023,72,1
665,665,11451,"Garnett, Brice",2024-475,2024-03-23,2024,76,2
665,665,11451,"Garnett, Brice",2025-475,2025-03-22,2025,79,3
665,665,17786,"Davis, Cameron",2021-475,2021-05-01,2021,70,0
665,665,17786,"Davis, Cam",2025-475,2025-03-22,2025,79,1
665,665,14007,"Martin, Ben",2023-475,2023-03-18,2023,45,0
665,665,14007,"Martin, Ben",2024-475,2024-03-23,2024,67,1
665,665,14007,"Martin, Ben",2025-475,2025-03-22,2025,79,2
665,665,19483,"Burns, Sam",2021-475,2021-05-01,2021,1,0
665,665,19483,"Burns, Sam",2022-475,2022-03-19,2022,1,1
665,665,19483,"Burns, Sam",2023-475,2023-03-18,2023,6,2
665,665,19483,"Burns, Sam",2024-475,2024-03-23,2024,76,3
665,665,19483,"Burns, Sam",2025-475,2025-03-22,2025,79,4
665,665,11460,"Manassero, Matteo",2025-475,2025-03-22,2025,79,0
665,665,23482,"Sigg, Greyson",2022-475,2022-03-19,2022,48,0
665,665,23482,"Sigg, Greyson",2023-475,2023-03-18,2023,57,1
665,665,23482,"Sigg, Greyson",2024-475,2024-03-23,2024,45,2
665,665,23482,"Sigg, Greyson",2025-475,2025-03-22,2025,79,3
665,665,13997,"Svensson, Adam",2022-475,2022-03-19,2022,39,0
665,665,13997,"Svensson, Adam",2024-475,2024-03-23,2024,49,1
665,665,13997,"Svensson, Adam",2025-475,2025-03-22,2025,79,2
665,665,25908,"Whaley, Vincent",2021-475,2021-05-01,2021,29,0
665,665,25908,"Whaley, Vince",2022-475,2022-03-19,2022,73,1
665,665,25908,"Whaley, Vince",2024-475,2024-03-23,2024,54,2
665,665,25908,"Whaley, Vince",2025-475,2025-03-22,2025,79,3
665,665,26660,"Gordon, Will",2023-475,2023-03-18,2023,36,0
665,665,26660,"Gordon, Will",2025-475,2025-03-22,2025,79,1
665,665,14704,"Putnam, Andrew",2021-475,2021-05-01,2021,70,0
665,665,14704,"Putnam, Andrew",2022-475,2022-03-19,2022,73,1
665,665,14704,"Putnam, Andrew",2024-475,2024-03-23,2024,76,2
665,665,14704,"Putnam, Andrew",2025-475,2025-03-22,2025,79,3
665,665,19190,"Hoshino, Rikuya",2025-475,2025-03-22,2025,79,0
665,665,6986,"Johnson, Zach",2021-475,2021-05-01,2021,29,0
665,665,6986,"Johnson, Zach",2022-475,2022-03-19,2022,73,1
665,665,6986,"Johnson, Zach",2023-475,2023-03-18,2023,72,2
665,665,6986,"Johnson, Zach",2024-475,2024-03-23,2024,76,3
665,665,6986,"Johnson, Zach",2025-475,2025-03-22,2025,79,4
665,665,15330,"Griffin, Lanto",2021-475,2021-05-01,2021,70,0
665,665,15330,"Griffin, Lanto",2022-475,2022-03-19,2022,73,1
665,665,15330,"Griffin, Lanto",2025-475,2025-03-22,2025,79,2
665,665,20706,"Wallace, Matt",2022-475,2022-03-19,2022,73,0
665,665,20706,"Wallace, Matt",2023-475,2023-03-18,2023,7,1
665,665,20706,"Wallace, Matt",2024-475,2024-03-23,2024,17,2
665,665,20706,"Wallace, Matt",2025-475,2025-03-22,2025,79,3
665,665,25003,"Walker, Danny",2025-475,2025-03-22,2025,79,0
665,665,19865,"Hardy, Nick",2023-475,2023-03-18,2023,72,0
665,665,19865,"Hardy, Nick",2024-475,2024-03-23,2024,76,1
665,665,19865,"Hardy, Nick",2025-475,2025-03-22,2025,79,2
665,665,25363,"Buckley, Hayden",2022-475,2022-03-19,2022,73,0
665,665,25363,"Buckley, Hayden",2024-475,2024-03-23,2024,61,1
665,665,25363,"Buckley, Hayden",2025-475,2025-03-22,2025,79,2
665,665,14926,"Malnati, Peter",2021-475,2021-05-01,2021,70,0
665,665,14926,"Malnati, Peter",2022-475,2022-03-19,2022,73,1
665,665,14926,"Malnati, Peter",2023-475,2023-03-18,2023,72,2
665,665,14926,"Malnati, Peter",2024-475,2024-03-23,2024,1,3
665,665,14926,"Malnati, Peter",2025-475,2025-03-22,2025,79,4
665,665,14698,"Bramlett, Joseph",2021-475,2021-05-01,2021,63,0
665,665,14698,"Bramlett, Joseph",2022-475,2022-03-19,2022,48,1
665,665,14698,"Bramlett, Joseph",2023-475,2023-03-18,2023,36,2
665,665,14698,"Bramlett, Joseph",2024-475,2024-03-23,2024,17,3
665,665,14698,"Bramlett, Joseph",2025-475,2025-03-22,2025,79,4
665,665,22736,"Rosenmueller, Thomas",2025-475,2025-03-22,2025,79,0
665,665,16341,"Peterson, Paul",2025-475,2025-03-22,2025,79,0
665,665,28323,"Koch, Greg",2022-475,2022-03-19,2022,73,0
665,665,28323,"Koch, Greg",2023-475,2023-03-18,2023,72,1
665,665,28323,"Koch, Greg",2024-475,2024-03-23,2024,76,2
665,665,28323,"Koch, Greg",2025-475,2025-03-22,2025,79,3
665,665,23602,"Hojgaard, Nicolai",2025-475,2025-03-22,2025,79,0
665,665,23504,"Hoey, Rico",2024-475,2024-03-23,2024,54,0
665,665,23504,"Hoey, Rico",2025-475,2025-03-22,2025,79,1
665,665,30767,"Gabrelcik, Nick",2023-475,2023-03-18,2023,69,0
665,665,30767,"Gabrelcik, Nick",2024-475,2024-03-23,2024,76,1
665,665,30767,"Gabrelcik, Nick",2025-475,2025-03-22,2025,79,2
665,665,13965,"Hadwin, Adam",2021-475,2021-05-01,2021,70,0
665,665,13965,"Hadwin, Adam",2022-475,2022-03-19,2022,7,1
665,665,13965,"Hadwin, Adam",2023-475,2023-03-18,2023,72,2
665,665,13965,"Hadwin, Adam",2024-475,2024-03-23,2024,5,3
665,665,13965,"Hadwin, Adam",2025-475,2025-03-22,2025,79,4
665,665,27774,"Gotterup, Chris",2024-475,2024-03-23,2024,61,0
665,665,27774,"Gotterup, Chris",2025-475,2025-03-22,2025,79,1
665,665,17723,"Lower, Justin",2023-475,2023-03-18,2023,72,0
665,665,17723,"Lower, Justin",2025-475,2025-03-22,2025,79,1
665,665,27420,"Dickson, Taylor",2025-475,2025-03-22,2025,79,0
665,665,27996,"Cummins, Quade",2025-475,2025-03-22,2025,79,0
665,665,10873,"Skinns, David",2024-475,2024-03-23,2024,75,0
665,665,10873,"Skinns, David",2025-475,2025-03-22,2025,79,1
665,665,18474,"Smalley, Alex",2022-475,2022-03-19,2022,73,0
665,665,18474,"Smalley, Alex",2023-475,2023-03-18,2023,27,1
665,665,18474,"Smalley, Alex",2024-475,2024-03-23,2024,76,2
665,665,18474,"Smalley, Alex",2025-475,2025-03-22,2025,79,3
665,665,26649,"Thorbjornsen, Michael",2025-475,2025-03-22,2025,79,0
665,665,13497,"Lee, Kyoung-Hoon",2021-475,2021-05-01,2021,29,0
665,665,13497,"Lee, K.H.",2023-475,2023-03-18,2023,19,1
665,665,13497,"Lee, K.H.",2024-475,2024-03-23,2024,9,2
665,665,13497,"Lee, K.H.",2025-475,2025-03-22,2025,79,3
665,665,14509,"Dahmen, Joel",2022-475,2022-03-19,2022,39,0
665,665,14509,"Dahmen, Joel",2023-475,2023-03-18,2023,61,1
665,665,14509,"Dahmen, Joel",2024-475,2024-03-23,2024,49,2
665,665,14509,"Dahmen, Joel",2025-475,2025-03-22,2025,79,3
665,665,21875,"Widing, Tim",2025-475,2025-03-22,2025,79,0
665,665,14140,"Higgs, Harry",2022-475,2022-03-19,2022,39,0
665,665,14140,"Higgs, Harry",2023-475,2023-03-18,2023,72,1
665,665,14140,"Higgs, Harry",2025-475,2025-03-22,2025,79,2
665,665,13127,"Tway, Kevin",2021-475,2021-05-01,2021,70,0
665,665,13127,"Tway, Kevin",2023-475,2023-03-18,2023,72,1
665,665,13127,"Tway, Kevin",2024-475,2024-03-23,2024,76,2
665,665,13127,"Tway, Kevin",2025-475,2025-03-22,2025,79,3
665,665,27900,"Potgieter, Aldrich",2025-475,2025-03-22,2025,79,0
665,665,29770,"Mouw, William",2025-475,2025-03-22,2025,79,0
665,665,15004,"Kim, Chan",2024-475,2024-03-23,2024,67,0
665,665,15004,"Kim, Chan",2025-475,2025-03-22,2025,79,1
665,665,24304,"Vilips, Karl",2025-475,2025-03-22,2025,79,0
665,665,19729,"Kanaya, Takumi",2025-475,2025-03-22,2025,79,0
665,665,22002,"Dumont de Chassart, Adrien",2024-475,2024-03-23,2024,76,0
665,665,22002,"Dumont de Chassart, Adrien",2025-475,2025-03-22,2025,79,1
665,665,6169,"Kuchar, Matt",2022-475,2022-03-19,2022,16,0
665,665,6169,"Kuchar, Matt",2024-475,2024-03-23,2024,49,1
665,665,6169,"Kuchar, Matt",2025-475,2025-03-22,2025,79,2
665,665,17032,"Tosti, Alejandro",2024-475,2024-03-23,2024,75,0
665,665,17032,"Tosti, Alejandro",2025-475,2025-03-22,2025,79,1
665,665,32152,"Brown, Blades",2025-475,2025-03-22,2025,79,0
665,665,17381,"Silverman, Ben",2024-475,2024-03-23,2024,76,0
665,665,17381,"Silverman, Ben",2025-475,2025-03-22,2025,79,1
665,665,13508,"Vegas, Jhonattan",2021-475,2021-05-01,2021,48,0
665,665,13508,"Vegas, Jhonattan",2022-475,2022-03-19,2022,27,1
665,665,13508,"Vegas, Jhonattan",2023-475,2023-03-18,2023,72,2
665,665,13508,"Vegas, Jhonattan",2024-475,2024-03-23,2024,76,3
665,665,13508,"Vegas, Jhonattan",2025-475,2025-03-22,2025,79,4
665,665,18103,"Bezuidenhout, Christiaan",2022-475,2022-03-19,2022,62,0
665,665,18103,"Bezuidenhout, Christiaan",2024-475,2024-03-23,2024,9,1
665,665,18103,"Bezuidenhout, Christiaan",2025-475,2025-03-22,2025,79,2
665,665,21891,"Kitayama, Kurt",2022-475,2022-03-19,2022,73,0
665,665,21891,"Kitayama, Kurt",2025-475,2025-03-22,2025,79,1
665,665,21880,"Cone, Trevor",2023-475,2023-03-18,2023,65,0
665,665,21880,"Cone, Trevor",2025-475,2025-03-22,2025,79,1
665,665,18628,"Campbell, Brian",2025-475,2025-03-22,2025,79,0
665,665,15676,"Norgaard, Niklas",2025-475,2025-03-22,2025,79,0
665,665,22535,"Norrman, Vincent",2023-475,2023-03-18,2023,72,0
665,665,22535,"Norrman, Vincent",2025-475,2025-03-22,2025,79,1
665,665,18424,"Roy, Kevin",2023-475,2023-03-18,2023,72,0
665,665,18424,"Roy, Kevin",2024-475,2024-03-23,2024,12,1
665,665,18424,"Roy, Kevin",2025-475,2025-03-22,2025,79,2
665,665,26651,"Young, Cameron",2024-475,2024-03-23,2024,2,0
665,665,26651,"Young, Cameron",2025-475,2025-03-22,2025,79,1
665,665,19396,"Knapp, Jake",2025-475,2025-03-22,2025,79,0
665,665,29279,"Suber, Jackson",2022-475,2022-03-19,2022,73,0
665,665,29279,"Suber, Jackson",2025-475,2025-03-22,2025,79,1
665,665,4163,"Donald, Luke",2021-475,2021-05-01,2021,54,0
665,665,4163,"Donald, Luke",2022-475,2022-03-19,2022,16,1
665,665,4163,"Donald, Luke",2023-475,2023-03-18,2023,72,2
665,665,4163,"Donald, Luke",2024-475,2024-03-23,2024,76,3
665,665,4163,"Donald, Luke",2025-475,2025-03-22,2025,79,4
665,665,17422,"Del Solar, Cristobal",2025-475,2025-03-22,2025,79,0
665,665,16395,"Kohles, Ben",2024-475,2024-03-23,2024,76,0
665,665,16395,"Kohles, Ben",2025-475,2025-03-22,2025,79,1
665,665,19840,"Ramey, Chad",2022-475,2022-03-19,2022,73,0
665,665,19840,"Ramey, Chad",2023-475,2023-03-18,2023,27,1
665,665,19840,"Ramey, Chad",2024-475,2024-03-23,2024,76,2
665,665,19840,"Ramey, Chad",2025-475,2025-03-22,2025,79,3
665,665,30892,"Riedel, Matthew",2025-475,2025-03-22,2025,79,0
665,665,21412,"Capan III, Frankie",2025-475,2025-03-22,2025,79,0
665,665,18105,"Lawrence, Thriston",2025-475,2025-03-22,2025,79,0
665,665,23838,"Hojgaard, Rasmus",2021-475,2021-05-01,2021,70,0
665,665,23838,"Hojgaard, Rasmus",2025-475,2025-03-22,2025,79,1
665,665,19477,"Schenk, Adam",2021-475,2021-05-01,2021,18,0
665,665,19477,"Schenk, Adam",2022-475,2022-03-19,2022,73,1
665,665,19477,"Schenk, Adam",2023-475,2023-03-18,2023,2,2
665,665,19477,"Schenk, Adam",2024-475,2024-03-23,2024,33,3
665,665,19477,"Schenk, Adam",2025-475,2025-03-22,2025,79,4
665,665,33299,"Chi, Andre",2025-475,2025-03-22,2025,79,0
665,665,24562,"Knowles, Philip",2025-475,2025-03-22,2025,79,0
665,665,7489,"Moore, Ryan",2021-475,2021-05-01,2021,39,0
665,665,7489,"Moore, Ryan",2023-475,2023-03-18,2023,72,1
665,665,7489,"Moore, Ryan",2024-475,2024-03-23,2024,5,2
665,665,17266,"Yuan, Carl",2023-475,2023-03-18,2023,63,0
665,665,17266,"Yuan, Carl",2024-475,2024-03-23,2024,5,1
665,665,7961,"Reavie, Chez",2021-475,2021-05-01,2021,70,0
665,665,7961,"Reavie, Chez",2022-475,2022-03-19,2022,39,1
665,665,7961,"Reavie, Chez",2023-475,2023-03-18,2023,72,2
665,665,7961,"Reavie, Chez",2024-475,2024-03-23,2024,12,3
665,665,12359,"Stallings, Scott",2021-475,2021-05-01,2021,29,0
665,665,12359,"Stallings, Scott",2022-475,2022-03-19,2022,16,1
665,665,12359,"Stallings, Scott",2024-475,2024-03-23,2024,12,2
665,665,26096,"Bhatia, Akshay",2023-475,2023-03-18,2023,72,0
665,665,26096,"Bhatia, Akshay",2024-475,2024-03-23,2024,17,1
665,665,8480,"Streelman, Kevin",2021-475,2021-05-01,2021,70,0
665,665,8480,"Streelman, Kevin",2022-475,2022-03-19,2022,7,1
665,665,8480,"Streelman, Kevin",2023-475,2023-03-18,2023,27,2
665,665,8480,"Streelman, Kevin",2024-475,2024-03-23,2024,26,3
665,665,25002,"Wu, Dylan",2022-475,2022-03-19,2022,73,0
665,665,25002,"Wu, Dylan",2023-475,2023-03-18,2023,58,1
665,665,25002,"Wu, Dylan",2024-475,2024-03-23,2024,26,2
665,665,23542,"Champ, Cameron",2023-475,2023-03-18,2023,72,0
665,665,23542,"Champ, Cameron",2024-475,2024-03-23,2024,26,1
665,665,25614,"Biondi, Fred",2024-475,2024-03-23,2024,26,0
665,665,25157,"Hodges, Lee",2022-475,2022-03-19,2022,73,0
665,665,25157,"Hodges, Lee",2023-475,2023-03-18,2023,63,1
665,665,25157,"Hodges, Lee",2024-475,2024-03-23,2024,26,2
665,665,5665,"Cink, Stewart",2022-475,2022-03-19,2022,7,0
665,665,5665,"Cink, Stewart",2023-475,2023-03-18,2023,72,1
665,665,5665,"Cink, Stewart",2024-475,2024-03-23,2024,33,2
665,665,22050,"Suh, Justin",2023-475,2023-03-18,2023,45,0
665,665,22050,"Suh, Justin",2024-475,2024-03-23,2024,33,1
665,665,23465,"Greyserman, Max",2024-475,2024-03-23,2024,33,0
665,665,12425,"Todd, Brendon",2022-475,2022-03-19,2022,73,0
665,665,12425,"Todd, Brendon",2024-475,2024-03-23,2024,33,1
665,665,23323,"MacIntyre, Robert",2024-475,2024-03-23,2024,33,0
665,665,20353,"Whitney, Tom",2024-475,2024-03-23,2024,33,0
665,665,18635,"Shelton, Robby",2021-475,2021-05-01,2021,70,0
665,665,18635,"Shelton, Robby",2023-475,2023-03-18,2023,72,1
665,665,18635,"Shelton, Robby",2024-475,2024-03-23,2024,33,2
665,665,19738,"Dougherty, Kevin",2024-475,2024-03-23,2024,45,0
665,665,18634,"McNealy, Maverick",2023-475,2023-03-18,2023,36,0
665,665,18634,"McNealy, Maverick",2024-475,2024-03-23,2024,45,1
665,665,14016,"Campillo, Jorge",2024-475,2024-03-23,2024,49,0
665,665,14050,"Sloan, Roger",2021-475,2021-05-01,2021,70,0
665,665,14050,"Sloan, Roger",2022-475,2022-03-19,2022,73,1
665,665,14050,"Sloan, Roger",2024-475,2024-03-23,2024,49,2
665,665,23656,"Young, Carson",2023-475,2023-03-18,2023,72,0
665,665,23656,"Young, Carson",2024-475,2024-03-23,2024,54,1
665,665,24354,"Xiong, Norman",2024-475,2024-03-23,2024,54,0
665,665,7820,"Palmer, Ryan",2021-475,2021-05-01,2021,63,0
665,665,7820,"Palmer, Ryan",2024-475,2024-03-23,2024,54,1
665,665,14775,"Bjork, Alexander",2024-475,2024-03-23,2024,54,0
665,665,21688,"Kim, S.H.",2023-475,2023-03-18,2023,45,0
665,665,21688,"Kim, S.H.",2024-475,2024-03-23,2024,61,1
665,665,13126,"Taylor, Nick",2021-475,2021-05-01,2021,70,0
665,665,13126,"Taylor, Nick",2022-475,2022-03-19,2022,70,1
665,665,13126,"Taylor, Nick",2023-475,2023-03-18,2023,10,2
665,665,13126,"Taylor, Nick",2024-475,2024-03-23,2024,64,3
665,665,27870,"Coody, Parker",2024-475,2024-03-23,2024,67,0
665,665,21995,"Springer, Hayden",2024-475,2024-03-23,2024,72,0
665,665,20519,"Tarren, Callum",2022-475,2022-03-19,2022,73,0
665,665,20519,"Tarren, Callum",2024-475,2024-03-23,2024,72,1
665,665,10423,"Brehm, Ryan",2021-475,2021-05-01,2021,70,0
665,665,10423,"Brehm, Ryan",2022-475,2022-03-19,2022,66,1
665,665,10423,"Brehm, Ryan",2023-475,2023-03-18,2023,65,2
665,665,10423,"Brehm, Ryan",2024-475,2024-03-23,2024,72,3
665,665,11082,"Burgoon, Bronson",2021-475,2021-05-01,2021,13,0
665,665,11082,"Burgoon, Bronson",2022-475,2022-03-19,2022,73,1
665,665,11082,"Burgoon, Bronson",2024-475,2024-03-23,2024,75,2
665,665,14002,"Alexander, Tyson",2023-475,2023-03-18,2023,65,0
665,665,14002,"Alexander, Tyson",2024-475,2024-03-23,2024,76,1
665,665,7655,"Molinari, Francesco",2022-475,2022-03-19,2022,73,0
665,665,7655,"Molinari, Francesco",2024-475,2024-03-23,2024,76,1
665,665,5768,"Hoffman, Charley",2021-475,2021-05-01,2021,18,0
665,665,5768,"Hoffman, Charley",2022-475,2022-03-19,2022,73,1
665,665,5768,"Hoffman, Charley",2023-475,2023-03-18,2023,72,2
665,665,5768,"Hoffman, Charley",2024-475,2024-03-23,2024,76,3
665,665,17780,"Pendrith, Taylor",2024-475,2024-03-23,2024,76,0
665,665,18536,"McCormick, Ryan",2024-475,2024-03-23,2024,76,0
665,665,23048,"Stanger, Jimmy",2024-475,2024-03-23,2024,76,0
665,665,27780,"Crowe, Trace",2024-475,2024-03-23,2024,76,0
665,665,13872,"Bradley, Keegan",2021-475,2021-05-01,2021,2,0
665,665,13872,"Bradley, Keegan",2022-475,2022-03-19,2022,73,1
665,665,13872,"Bradley, Keegan",2024-475,2024-03-23,2024,76,2
665,665,16909,"Harmeling, Evan",2024-475,2024-03-23,2024,76,0
665,665,17639,"Blair, Zac",2023-475,2023-03-18,2023,10,0
665,665,17639,"Blair, Zac",2024-475,2024-03-23,2024,76,1
665,665,25442,"Montgomery, Taylor",2024-475,2024-03-23,2024,76,0
665,665,16283,"Rodgers, Patrick",2021-475,2021-05-01,2021,70,0
665,665,16283,"Rodgers, Patrick",2023-475,2023-03-18,2023,36,1
665,665,16283,"Rodgers, Patrick",2024-475,2024-03-23,2024,76,2
665,665,8825,"Harman, Brian",2022-475,2022-03-19,2022,5,0
665,665,8825,"Harman, Brian",2023-475,2023-03-18,2023,72,1
665,665,8825,"Harman, Brian",2024-475,2024-03-23,2024,76,2
665,665,27364,"Thompson, Davis",2024-475,2024-03-23,2024,76,0
665,665,19620,"Pereda, Raul",2024-475,2024-03-23,2024,76,0
665,665,16433,"NeSmith, Matthew",2021-475,2021-05-01,2021,21,0
665,665,16433,"NeSmith, Matthew",2022-475,2022-03-19,2022,3,1
665,665,16433,"NeSmith, Matt",2024-475,2024-03-23,2024,76,2
665,665,18187,"Duncan, Tyler",2021-475,2021-05-01,2021,39,0
665,665,18187,"Duncan, Tyler",2022-475,2022-03-19,2022,25,1
665,665,18187,"Duncan, Tyler",2023-475,2023-03-18,2023,72,2
665,665,18187,"Duncan, Tyler",2024-475,2024-03-23,2024,76,3
665,665,18554,"Rai, Aaron",2024-475,2024-03-23,2024,76,0
665,665,18579,"Cook, Austin",2021-475,2021-05-01,2021,70,0
665,665,18579,"Cook, Austin",2022-475,2022-03-19,2022,73,1
665,665,18579,"Cook, Austin",2023-475,2023-03-18,2023,72,2
665,665,18579,"Cook, Austin",2024-475,2024-03-23,2024,76,3
665,665,18700,"Aylwin, Kevin",2024-475,2024-03-23,2024,76,0
665,665,14967,"Hadley, Chesson",2021-475,2021-05-01,2021,70,0
665,665,14967,"Hadley, Chesson",2022-475,2022-03-19,2022,73,1
665,665,14967,"Hadley, Chesson",2023-475,2023-03-18,2023,72,2
665,665,14967,"Hadley, Chesson",2024-475,2024-03-23,2024,76,3
665,665,7305,"Gutschewski, Scott",2024-475,2024-03-23,2024,76,0
665,665,25771,"Furr, Wilson",2024-475,2024-03-23,2024,76,0
665,665,17536,"Spaun, J.J.",2021-475,2021-05-01,2021,70,0
665,665,17536,"Spaun, J.J.",2022-475,2022-03-19,2022,27,1
665,665,17536,"Spaun, J.J.",2024-475,2024-03-23,2024,76,2
665,665,11676,"Finau, Tony",2024-475,2024-03-23,2024,76,0
665,665,13367,"Merritt, Troy",2021-475,2021-05-01,2021,8,0
665,665,13367,"Merritt, Troy",2022-475,2022-03-19,2022,27,1
665,665,13367,"Merritt, Troy",2023-475,2023-03-18,2023,72,2
665,665,13367,"Merritt, Troy",2024-475,2024-03-23,2024,76,3
665,665,19364,"Werenski, Richy",2021-475,2021-05-01,2021,70,0
665,665,19364,"Werenski, Richy",2022-475,2022-03-19,2022,21,1
665,665,19364,"Werenski, Richy",2023-475,2023-03-18,2023,27,2
665,665,19364,"Werenski, Richy",2024-475,2024-03-23,2024,76,3
665,665,19208,"Endycott, Harrison",2023-475,2023-03-18,2023,65,0
665,665,19208,"Endycott, Harrison",2024-475,2024-03-23,2024,76,1
665,665,8085,"Teater, Josh",2024-475,2024-03-23,2024,76,0
665,665,16841,"Lee, Min Woo",2024-475,2024-03-23,2024,76,0
665,665,19948,"Taylor, Ben",2023-475,2023-03-18,2023,72,0
665,665,19948,"Taylor, Ben",2024-475,2024-03-23,2024,76,1
665,665,17606,"Berger, Daniel",2024-475,2024-03-23,2024,76,0
665,665,16713,"Lindheim, Nicholas",2024-475,2024-03-23,2024,76,0
665,665,17488,"Im, Sungjae",2021-475,2021-05-01,2021,29,0
665,665,17488,"Im, Sungjae",2024-475,2024-03-23,2024,76,1
665,665,16566,"Barjon, Paul",2022-475,2022-03-19,2022,57,0
665,665,16566,"Barjon, Paul",2024-475,2024-03-23,2024,76,1
665,665,29348,"Hale, Jr., Blaine",2024-475,2024-03-23,2024,76,0
665,665,23604,"Clark, Wyndham",2021-475,2021-05-01,2021,60,0
665,665,23604,"Clark, Wyndham",2022-475,2022-03-19,2022,73,1
665,665,23604,"Clark, Wyndham",2023-475,2023-03-18,2023,5,2
665,665,17508,"Gribble, Cody",2023-475,2023-03-18,2023,7,0
665,665,17550,"van Rooyen, Erik",2021-475,2021-05-01,2021,70,0
665,665,17550,"van Rooyen, Erik",2023-475,2023-03-18,2023,10,1
665,665,13470,"Kizzire, Patton",2021-475,2021-05-01,2021,60,0
665,665,13470,"Kizzire, Patton",2022-475,2022-03-19,2022,33,1
665,665,13470,"Kizzire, Patton",2023-475,2023-03-18,2023,10,2
665,665,24481,"Redman, Doc",2021-475,2021-05-01,2021,39,0
665,665,24481,"Redman, Doc",2022-475,2022-03-19,2022,39,1
665,665,24481,"Redman, Doc",2023-475,2023-03-18,2023,16,2
665,665,6283,"Sabbatini, Rory",2021-475,2021-05-01,2021,70,0
665,665,6283,"Sabbatini, Rory",2023-475,2023-03-18,2023,16,1
665,665,5874,"Percy, Cameron",2021-475,2021-05-01,2021,70,0
665,665,5874,"Percy, Cameron",2022-475,2022-03-19,2022,73,1
665,665,5874,"Percy, Cameron",2023-475,2023-03-18,2023,16,2
665,665,19870,"McCarthy, Denny",2021-475,2021-05-01,2021,39,0
665,665,19870,"McCarthy, Denny",2022-475,2022-03-19,2022,48,1
665,665,19870,"McCarthy, Denny",2023-475,2023-03-18,2023,19,2
665,665,12946,"Thompson, Michael",2022-475,2022-03-19,2022,57,0
665,665,12946,"Thompson, Michael",2023-475,2023-03-18,2023,19,1
665,665,17068,"Daffue, MJ",2023-475,2023-03-18,2023,19,0
665,665,7626,"O'Hair, Sean",2021-475,2021-05-01,2021,70,0
665,665,7626,"O'Hair, Sean",2022-475,2022-03-19,2022,73,1
665,665,7626,"O'Hair, Sean",2023-475,2023-03-18,2023,19,2
665,665,15473,"Long, Adam",2021-475,2021-05-01,2021,70,0
665,665,15473,"Long, Adam",2022-475,2022-03-19,2022,73,1
665,665,15473,"Long, Adam",2023-475,2023-03-18,2023,19,2
665,665,28558,"Werbylo, Trevor",2023-475,2023-03-18,2023,27,0
665,665,14815,"Lingmerth, David",2023-475,2023-03-18,2023,27,0
665,665,6093,"Rose, Justin",2021-475,2021-05-01,2021,70,0
665,665,6093,"Rose, Justin",2023-475,2023-03-18,2023,36,1
665,665,22985,"Smotherman, Austin",2022-475,2022-03-19,2022,25,0
665,665,22985,"Smotherman, Austin",2023-475,2023-03-18,2023,36,1
665,665,7301,"Dufner, Jason",2021-475,2021-05-01,2021,57,0
665,665,7301,"Dufner, Jason",2023-475,2023-03-18,2023,36,1
665,665,21237,"Hickok, Kramer",2021-475,2021-05-01,2021,57,0
665,665,21237,"Hickok, Kramer",2022-475,2022-03-19,2022,33,1
665,665,21237,"Hickok, Kramer",2023-475,2023-03-18,2023,45,2
665,665,14000,"Landry, Andrew",2021-475,2021-05-01,2021,70,0
665,665,14000,"Landry, Andrew",2022-475,2022-03-19,2022,73,1
665,665,14000,"Landry, Andrew",2023-475,2023-03-18,2023,45,2
665,665,8469,"Armour, Ryan",2021-475,2021-05-01,2021,70,0
665,665,8469,"Armour, Ryan",2023-475,2023-03-18,2023,45,1
665,665,21943,"Lebioda, Hank",2021-475,2021-05-01,2021,13,0
665,665,21943,"Lebioda, Hank",2022-475,2022-03-19,2022,73,1
665,665,21943,"Lebioda, Hank",2023-475,2023-03-18,2023,58,2
665,665,24342,"Higgo, Garrick",2023-475,2023-03-18,2023,58,0
665,665,23950,"Aberg, Ludvig",2023-475,2023-03-18,2023,61,0
665,665,16757,"Dou, Zecheng",2023-475,2023-03-18,2023,69,0
665,665,11374,"Hahn, James",2021-475,2021-05-01,2021,70,0
665,665,11374,"Hahn, James",2022-475,2022-03-19,2022,73,1
665,665,11374,"Hahn, James",2023-475,2023-03-18,2023,71,2
665,665,8479,"Harrington, Scott",2023-475,2023-03-18,2023,72,0
665,665,16039,"Haley II, Paul",2023-475,2023-03-18,2023,72,0
665,665,14799,"Barnes, Erik",2023-475,2023-03-18,2023,72,0
665,665,26653,"Eckroat, Austin",2023-475,2023-03-18,2023,72,0
665,665,28472,"Guise, Danny",2023-475,2023-03-18,2023,72,0
665,665,12846,"Herman, Jim",2021-475,2021-05-01,2021,70,0
665,665,12846,"Herman, Jim",2022-475,2022-03-19,2022,73,1
665,665,12846,"Herman, Jim",2023-475,2023-03-18,2023,72,2
665,665,28309,"Coody, Pierceson",2023-475,2023-03-18,2023,72,0
665,665,22914,"Grant, Brent",2023-475,2023-03-18,2023,72,0
665,665,12069,"Stanley, Kyle",2021-475,2021-05-01,2021,39,0
665,665,12069,"Stanley, Kyle",2022-475,2022-03-19,2022,73,1
665,665,12069,"Stanley, Kyle",2023-475,2023-03-18,2023,72,2
665,665,17646,"Fitzpatrick, Matt",2022-475,2022-03-19,2022,5,0
665,665,17646,"Fitzpatrick, Matt",2023-475,2023-03-18,2023,72,1
665,665,13404,"Gligic, Michael",2021-475,2021-05-01,2021,29,0
665,665,13404,"Gligic, Michael",2023-475,2023-03-18,2023,72,1
665,665,14852,"Streb, Robert",2022-475,2022-03-19,2022,7,0
665,665,14852,"Streb, Robert",2023-475,2023-03-18,2023,72,1
665,665,6931,"Byrd, Jonathan",2023-475,2023-03-18,2023,72,0
665,665,13022,"Stuard, Brian",2021-475,2021-05-01,2021,70,0
665,665,13022,"Stuard, Brian",2022-475,2022-03-19,2022,16,1
665,665,13022,"Stuard, Brian",2023-475,2023-03-18,2023,72,2
665,665,7293,"Walker, Jimmy",2021-475,2021-05-01,2021,29,0
665,665,7293,"Walker, Jimmy",2022-475,2022-03-19,2022,73,1
665,665,7293,"Walker, Jimmy",2023-475,2023-03-18,2023,72,2
665,665,11955,"Frittelli, Dylan",2023-475,2023-03-18,2023,72,0
665,665,10877,"Goya, Tano",2023-475,2023-03-18,2023,72,0
665,665,18761,"Mullinax, Trey",2022-475,2022-03-19,2022,73,0
665,665,18761,"Mullinax, Trey",2023-475,2023-03-18,2023,72,1
665,665,25319,"VanDerLaan, John",2023-475,2023-03-18,2023,72,0
665,665,23094,"Nido, Chris",2023-475,2023-03-18,2023,72,0
665,665,15852,"Kraft, Kelly",2021-475,2021-05-01,2021,70,0
665,665,15852,"Kraft, Kelly",2022-475,2022-03-19,2022,73,1
665,665,15852,"Kraft, Kelly",2023-475,2023-03-18,2023,72,2
665,665,16796,"Nunez, Augusto",2023-475,2023-03-18,2023,72,0
665,665,7959,"Holmes, J.B.",2021-475,2021-05-01,2021,68,0
665,665,7959,"Holmes, J.B.",2023-475,2023-03-18,2023,72,1
665,665,19864,"Hammer, Cole",2023-475,2023-03-18,2023,72,0
665,665,25213,"Wu, Brandon",2022-475,2022-03-19,2022,33,0
665,665,25213,"Wu, Brandon",2023-475,2023-03-18,2023,72,1
665,665,9586,"Laird, Martin",2021-475,2021-05-01,2021,70,0
665,665,9586,"Laird, Martin",2022-475,2022-03-19,2022,73,1
665,665,9586,"Laird, Martin",2023-475,2023-03-18,2023,72,2
665,665,22981,"Matthews, Brandon",2023-475,2023-03-18,2023,72,0
665,665,23599,"Westmoreland, Kyle",2023-475,2023-03-18,2023,72,0
665,665,13831,"Knox, Russell",2021-475,2021-05-01,2021,21,0
665,665,13831,"Knox, Russell",2022-475,2022-03-19,2022,57,1
665,665,13831,"Knox, Russell",2023-475,2023-03-18,2023,72,2
665,665,15016,"Schwab, Matthias",2022-475,2022-03-19,2022,73,0
665,665,15016,"Schwab, Matthias",2023-475,2023-03-18,2023,72,1
665,665,15634,"Trainer, Martin",2021-475,2021-05-01,2021,70,0
665,665,15634,"Trainer, Martin",2022-475,2022-03-19,2022,73,1
665,665,15634,"Trainer, Martin",2023-475,2023-03-18,2023,72,2
665,665,28146,"Knade, Peter",2023-475,2023-03-18,2023,72,0
665,665,21236,"Bryan, Wesley",2021-475,2021-05-01,2021,48,0
665,665,21236,"Bryan, Wesley",2022-475,2022-03-19,2022,62,1
665,665,21236,"Bryan, Wesley",2023-475,2023-03-18,2023,72,2
665,665,25285,"Chiarella, Alex",2023-475,2023-03-18,2023,72,0
665,665,10419,"Noren, Alex",2021-475,2021-05-01,2021,21,0
665,665,10419,"Noren, Alex",2022-475,2022-03-19,2022,12,1
665,665,16243,"Koepka, Brooks",2022-475,2022-03-19,2022,12,0
665,665,18695,"Hagy, Brandon",2021-475,2021-05-01,2021,60,0
665,665,18695,"Hagy, Brandon",2022-475,2022-03-19,2022,21,1
665,665,14796,"Hatton, Tyrrell",2022-475,2022-03-19,2022,21,0
665,665,19455,"Pereira, Mito",2022-475,2022-03-19,2022,27,0
665,665,9531,"Wiesberger, Bernd",2022-475,2022-03-19,2022,33,0
665,665,19395,"Thompson, Curtis",2022-475,2022-03-19,2022,39,0
665,665,12422,"Johnson, Dustin",2021-475,2021-05-01,2021,48,0
665,665,12422,"Johnson, Dustin",2022-475,2022-03-19,2022,39,1
665,665,12321,"Aphibarnrat, Kiradech",2021-475,2021-05-01,2021,70,0
665,665,12321,"Aphibarnrat, Kiradech",2022-475,2022-03-19,2022,39,1
665,665,11117,"Noh, Seung-Yul",2022-475,2022-03-19,2022,39,0
665,665,7900,"Haas, Bill",2022-475,2022-03-19,2022,48,0
665,665,11826,"Lee, Danny",2021-475,2021-05-01,2021,21,0
665,665,11826,"Lee, Danny",2022-475,2022-03-19,2022,48,1
665,665,8117,"Kaymer, Martin",2022-475,2022-03-19,2022,48,0
665,665,16602,"Varner III, Harold",2022-475,2022-03-19,2022,57,0
665,665,5994,"Stenson, Henrik",2021-475,2021-05-01,2021,63,0
665,665,5994,"Stenson, Henrik",2022-475,2022-03-19,2022,57,1
665,665,14013,"Tringale, Cameron",2021-475,2021-05-01,2021,3,0
665,665,14013,"Tringale, Cameron",2022-475,2022-03-19,2022,62,1
665,665,7672,"Oosthuizen, Louis",2021-475,2021-05-01,2021,8,0
665,665,7672,"Oosthuizen, Louis",2022-475,2022-03-19,2022,62,1
665,665,14606,"Huh, John",2021-475,2021-05-01,2021,70,0
665,665,14606,"Huh, John",2022-475,2022-03-19,2022,66,1
665,665,22085,"Morikawa, Collin",2022-475,2022-03-19,2022,68,0
665,665,6762,"Perez, Pat",2021-475,2021-05-01,2021,29,0
665,665,6762,"Perez, Pat",2022-475,2022-03-19,2022,70,1
665,665,23209,"Kennedy, Blake",2022-475,2022-03-19,2022,72,0
665,665,7334,"Watson, Bubba",2021-475,2021-05-01,2021,13,0
665,665,7334,"Watson, Bubba",2022-475,2022-03-19,2022,73,1
665,665,15610,"Guthrie, Luke",2022-475,2022-03-19,2022,73,0
665,665,7899,"Piercy, Scott",2021-475,2021-05-01,2021,70,0
665,665,7899,"Piercy, Scott",2022-475,2022-03-19,2022,73,1
665,665,14735,"Ortiz, Carlos",2022-475,2022-03-19,2022,73,0
665,665,22051,"Wise, Aaron",2022-475,2022-03-19,2022,73,0
665,665,12477,"McGirt, William",2021-475,2021-05-01,2021,70,0
665,665,12477,"McGirt, William",2022-475,2022-03-19,2022,73,1
665,665,18238,"Ancer, Abraham",2021-475,2021-05-01,2021,5,0
665,665,18238,"Ancer, Abraham",2022-475,2022-03-19,2022,73,1
665,665,9771,"Day, Jason",2022-475,2022-03-19,2022,73,0
665,665,23532,"McCain, Andrew",2022-475,2022-03-19,2022,73,0
665,665,25362,"Fitzpatrick, Alex",2022-475,2022-03-19,2022,73,0
665,665,5951,"Gay, Brian",2021-475,2021-05-01,2021,70,0
665,665,5951,"Gay, Brian",2022-475,2022-03-19,2022,73,1
665,665,6930,"Taylor, Vaughn",2021-475,2021-05-01,2021,6,0
665,665,6930,"Taylor, Vaughn",2022-475,2022-03-19,2022,73,1
665,665,7548,"McDowell, Graeme",2021-475,2021-05-01,2021,70,0
665,665,7548,"McDowell, Graeme",2022-475,2022-03-19,2022,73,1
665,665,19643,"Reeves, Seth",2022-475,2022-03-19,2022,73,0
665,665,11952,"Grace, Branden",2021-475,2021-05-01,2021,54,0
665,665,11952,"Grace, Branden",2022-475,2022-03-19,2022,73,1
665,665,5859,"Hensby, Mark",2022-475,2022-03-19,2022,73,0
665,665,7398,"Schwartzel, Charl",2021-475,2021-05-01,2021,21,0
665,665,7398,"Schwartzel, Charl",2022-475,2022-03-19,2022,73,1
665,665,12337,"Kokrak, Jason",2021-475,2021-05-01,2021,13,0
665,665,12337,"Kokrak, Jason",2022-475,2022-03-19,2022,73,1
665,665,3464,"Love III, Davis",2022-475,2022-03-19,2022,73,0
665,665,12169,"Gainey, Tommy",2022-475,2022-03-19,2022,73,0
665,665,7881,"Kang, Sung",2021-475,2021-05-01,2021,70,0
665,665,7881,"Kang, Sung",2022-475,2022-03-19,2022,73,1
665,665,5183,"Uresti, Omar",2022-475,2022-03-19,2022,73,0
665,665,8182,"Blixt, Jonas",2021-475,2021-05-01,2021,70,0
665,665,8182,"Blixt, Jonas",2022-475,2022-03-19,2022,73,1
665,665,17538,"Homa, Max",2021-475,2021-05-01,2021,6,0
665,665,18079,"Niemann, Joaquin",2021-475,2021-05-01,2021,8,0
665,665,8769,"Potter, Jr., Ted",2021-475,2021-05-01,2021,18,0
665,665,1435,"Poulter, Ian",2021-475,2021-05-01,2021,21,0
665,665,7108,"Casey, Paul",2021-475,2021-05-01,2021,21,0
665,665,7452,"Na, Kevin",2021-475,2021-05-01,2021,29,0
665,665,18417,"Scheffler, Scottie",2021-475,2021-05-01,2021,29,0
665,665,6892,"Howell III, Charles",2021-475,2021-05-01,2021,39,0
665,665,6457,"Van Pelt, Bo",2021-475,2021-05-01,2021,39,0
665,665,11330,"Brown, Scott",2021-475,2021-05-01,2021,39,0
665,665,15164,"Lewis, Tom",2021-475,2021-05-01,2021,48,0
665,665,11357,"Uihlein, Peter",2021-475,2021-05-01,2021,57,0
665,665,21997,"Koepka, Chase",2021-475,2021-05-01,2021,63,0
665,665,13026,"Zhang, Xinjun",2021-475,2021-05-01,2021,70,0
665,665,19866,"Horsfield, Sam",2021-475,2021-05-01,2021,70,0
665,665,11382,"Lovemark, Jamie",2021-475,2021-05-01,2021,70,0
665,665,1547,"Mickelson, Phil",2021-475,2021-05-01,2021,70,0
665,665,14838,"Reed, Patrick",2021-475,2021-05-01,2021,70,0
665,665,7097,"Wilkinson, Tim",2021-475,2021-05-01,2021,70,0
665,665,14081,"Hoag, Bo",2021-475,2021-05-01,2021,70,0
665,665,7955,"Watney, Nick",2021-475,2021-05-01,2021,70,0
665,665,7340,"Hearn, David",2021-475,2021-05-01,2021,70,0
665,665,13531,"Kodaira, Satoshi",2021-475,2021-05-01,2021,70,0
665,665,15575,"Hoge, Tom",2021-475,2021-05-01,2021,70,0
665,665,6761,"Points, D.A.",2021-475,2021-05-01,2021,70,0
665,665,12423,"Kirk, Chris",2021-475,2021-05-01,2021,70,0
665,665,8002,"Oppenheim, Rob",2021-475,2021-05-01,2021,70,0
665,665,25408,"Visacki, Michael",2021-475,2021-05-01,2021,70,0
665,665,1804,"Choi, K.J.",2021-475,2021-05-01,2021,70,0
665,665,14706,"Swafford, Hudson",2021-475,2021-05-01,2021,70,0
665,665,14655,"Murray, Grayson",2021-475,2021-05-01,2021,70,0
665,665,7236,"Trahan, D.J.",2021-475,2021-05-01,2021,70,0
665,665,14578,"Henley, Russell",2021-475,2021-05-01,2021,70,0
665,665,14776,"Cappelen, Sebastian",2021-475,2021-05-01,2021,70,0
665,665,17509,"Seiffert, Chase",2021-475,2021-05-01,2021,70,0
665,665,7457,"Cabrera Bello, Rafa",2021-475,2021-05-01,2021,70,0
665,665,18580,"Gooch, Talor",2021-475,2021-05-01,2021,70,0
665,665,7636,"Mahan, Hunter",2021-475,2021-05-01,2021,70,0
665,665,26211,"Augenstein, John",2021-475,2021-05-01,2021,70,0
665,665,13342,"Gibson, Rhein",2021-475,2021-05-01,2021,70,0
665,665,7602,"Stadler, Kevin",2021-475,2021-05-01,2021,70,0
665,665,2035,"Chopra, Daniel",2021-475,2021-05-01,2021,70,0
665,665,28261,"Hahn, Jordan",2021-475,2021-05-01,2021,70,0
665,665,7612,"Adamonis, Brad",2021-475,2021-05-01,2021,70,0
665,665,15239,"Ledesma, Nelson",2021-475,2021-05-01,2021,70,0
665,665,8263,"Perry, Rod",2021-475,2021-05-01,2021,70,0